18.5
20.0
24.3
19.5
22.0
23.0
20.0
21.7
52.4
22.0
42.7
26.5
25.6
27.3
27.0
21.4
21.7
27.4
25.6
30.6
20.2
23.4
34.3
26.5
38.4
22.0
20.9
19.1
22.0
22.6
23.8
26.2
26.6
20.9
33.1
20.8
26.9
23.4
54.0
28.0
37.5
22.4
25.3
22.6
21.8
23.7
33.1
37.0
31.2
36.9
35.5
25.2
35.5
24.8
39.2
37.8
28.8
18.7
26.5
26.8
34.2
29.5
42.0
36.5
43.3
40.5
34.2
40.5
33.8
36.5
27.0
53.2
43.5
54.7
43.4
44.3
45.5
44.8
34.1
41.0
30.9
41.2
26.9
22.2
23.9
26.9
39.7
28.5
29.8
26.0
29.3
27.3
59.0
53.0
33.7
33.7
32.6
40.9
35.9
56.2
66.0
51.0
46.1
44.4
41.7
38.7
38.2
25.5
32.6
43.9
45.2
27.7
67.3
28.3
56.0
40.1
39.4
23.0
29.7
19.4
24.2
25.8
41.1
47.9
53.3
52.6
49.0
44.4
44.8
43.4
43.9
32.2
34.3
33.3
44.2
42.2
26.2
30.3
33.9
34.0
61.5
80.5
35.5
52.9
30.4
29.8
