0.00000000 1.00000000
5.00250125 0.98793303
10.00500250 0.98291240
15.00750375 0.97905101
20.01000500 0.97578967
25.01250625 0.97291177
30.01500750 0.97030625
35.01750875 0.96790710
40.02001001 0.96567134
45.02251126 0.96356910
50.02501251 0.96157864
55.02751376 0.95968354
60.03001501 0.95787106
65.03251626 0.95613105
70.03501751 0.95445529
75.03751876 0.95283700
80.04002001 0.95127052
85.04252126 0.94975106
90.04502251 0.94827453
95.04752376 0.94683739
100.05002501 0.94543657
105.05252626 0.94406938
110.05502751 0.94273344
115.05752876 0.94142663
120.06003002 0.94014709
125.06253127 0.93889311
130.06503252 0.93766319
135.06753377 0.93645593
140.07003502 0.93527011
145.07253627 0.93410457
150.07503752 0.93295827
155.07753877 0.93183026
160.08004002 0.93071966
165.08254127 0.92962567
170.08504252 0.92854752
175.08754377 0.92748453
180.09004502 0.92643605
185.09254627 0.92540147
190.09504752 0.92438025
195.09754877 0.92337185
200.10005003 0.92237578
205.10255128 0.92139158
210.10505253 0.92041883
215.10755378 0.91945711
220.11005503 0.91850604
225.11255628 0.91756527
230.11505753 0.91663444
235.11755878 0.91571323
240.12006003 0.91480135
245.12256128 0.91389849
250.12506253 0.91300439
255.12756378 0.91211878
260.13006503 0.91124141
265.13256628 0.91037205
270.13506753 0.90951047
275.13756878 0.90865646
280.14007004 0.90780980
285.14257129 0.90697031
290.14507254 0.90613779
295.14757379 0.90531207
300.15007504 0.90449297
305.15257629 0.90368033
310.15507754 0.90287399
315.15757879 0.90207380
320.16008004 0.90127960
325.16258129 0.90049127
330.16508254 0.89970866
335.16758379 0.89893165
340.17008504 0.89816012
345.17258629 0.89739393
350.17508754 0.89663297
355.17758879 0.89587714
360.18009005 0.89512633
365.18259130 0.89438042
370.18509255 0.89363933
375.18759380 0.89290294
380.19009505 0.89217118
385.19259630 0.89144394
390.19509755 0.89072114
395.19759880 0.89000269
400.20010005 0.88928852
405.20260130 0.88857853
410.20510255 0.88787266
415.20760380 0.88717083
420.21010505 0.88647297
425.21260630 0.88577900
430.21510755 0.88508885
435.21760880 0.88440247
440.22011006 0.88371978
445.22261131 0.88304072
450.22511256 0.88236523
455.22761381 0.88169326
460.23011506 0.88102474
465.23261631 0.88035961
470.23511756 0.87969783
475.23761881 0.87903933
480.24012006 0.87838408
485.24262131 0.87773201
490.24512256 0.87708307
495.24762381 0.87643723
500.25012506 0.87579443
505.25262631 0.87515462
510.25512756 0.87451777
515.25762881 0.87388382
520.26013007 0.87325275
525.26263132 0.87262450
530.26513257 0.87199903
535.26763382 0.87137631
540.27013507 0.87075629
545.27263632 0.87013895
550.27513757 0.86952423
555.27763882 0.86891212
560.28014007 0.86830256
565.28264132 0.86769553
570.28514257 0.86709100
575.28764382 0.86648893
580.29014507 0.86588928
585.29264632 0.86529203
590.29514757 0.86469715
595.29764882 0.86410461
600.30015008 0.86351437
605.30265133 0.86292641
610.30515258 0.86234070
615.30765383 0.86175722
620.31015508 0.86117592
625.31265633 0.86059680
630.31515758 0.86001982
635.31765883 0.85944495
640.32016008 0.85887218
645.32266133 0.85830147
650.32516258 0.85773281
655.32766383 0.85716617
660.33016508 0.85660152
665.33266633 0.85603885
670.33516758 0.85547813
675.33766883 0.85491933
680.34017009 0.85436245
685.34267134 0.85380745
690.34517259 0.85325432
695.34767384 0.85270304
700.35017509 0.85215358
705.35267634 0.85160593
710.35517759 0.85106006
715.35767884 0.85051597
720.36018009 0.84997362
725.36268134 0.84943300
730.36518259 0.84889410
735.36768384 0.84835690
740.37018509 0.84782137
745.37268634 0.84728750
750.37518759 0.84675528
755.37768884 0.84622469
760.38019010 0.84569571
765.38269135 0.84516832
770.38519260 0.84464252
775.38769385 0.84411828
780.39019510 0.84359559
785.39269635 0.84307443
790.39519760 0.84255480
795.39769885 0.84203667
800.40020010 0.84152003
805.40270135 0.84100487
810.40520260 0.84049118
815.40770385 0.83997893
820.41020510 0.83946812
825.41270635 0.83895873
830.41520760 0.83845076
835.41770885 0.83794418
840.42021011 0.83743899
845.42271136 0.83693517
850.42521261 0.83643271
855.42771386 0.83593160
860.43021511 0.83543182
865.43271636 0.83493337
870.43521761 0.83443624
875.43771886 0.83394040
880.44022011 0.83344586
885.44272136 0.83295260
890.44522261 0.83246060
895.44772386 0.83196987
900.45022511 0.83148038
905.45272636 0.83099213
910.45522761 0.83050510
915.45772886 0.83001930
920.46023012 0.82953470
925.46273137 0.82905129
930.46523262 0.82856908
935.46773387 0.82808804
940.47023512 0.82760817
945.47273637 0.82712946
950.47523762 0.82665190
955.47773887 0.82617547
960.48024012 0.82570018
965.48274137 0.82522602
970.48524262 0.82475296
975.48774387 0.82428101
980.49024512 0.82381016
985.49274637 0.82334040
990.49524762 0.82287171
995.49774887 0.82240410
1000.50025013 0.82193755
1005.50275138 0.82147206
1010.50525263 0.82100762
1015.50775388 0.82054421
1020.51025513 0.82008184
1025.51275638 0.81962049
1030.51525763 0.81916016
1035.51775888 0.81870083
1040.52026013 0.81824251
1045.52276138 0.81778519
1050.52526263 0.81732885
1055.52776388 0.81687350
1060.53026513 0.81641911
1065.53276638 0.81596570
1070.53526763 0.81551324
1075.53776888 0.81506174
1080.54027014 0.81461118
1085.54277139 0.81416157
1090.54527264 0.81371288
1095.54777389 0.81326513
1100.55027514 0.81281829
1105.55277639 0.81237237
1110.55527764 0.81192736
1115.55777889 0.81148325
1120.56028014 0.81104003
1125.56278139 0.81059771
1130.56528264 0.81015626
1135.56778389 0.80971570
1140.57028514 0.80927601
1145.57278639 0.80883718
1150.57528764 0.80839922
1155.57778889 0.80796211
1160.58029015 0.80752585
1165.58279140 0.80709043
1170.58529265 0.80665585
1175.58779390 0.80622211
1180.59029515 0.80578919
1185.59279640 0.80535709
1190.59529765 0.80492582
1195.59779890 0.80449535
1200.60030015 0.80406569
1205.60280140 0.80363683
1210.60530265 0.80320877
1215.60780390 0.80278150
1220.61030515 0.80235502
1225.61280640 0.80192932
1230.61530765 0.80150440
1235.61780890 0.80108025
1240.62031016 0.80065687
1245.62281141 0.80023425
1250.62531266 0.79981239
1255.62781391 0.79939128
1260.63031516 0.79897092
1265.63281641 0.79855131
1270.63531766 0.79813243
1275.63781891 0.79771430
1280.64032016 0.79729689
1285.64282141 0.79688022
1290.64532266 0.79646426
1295.64782391 0.79604903
1300.65032516 0.79563450
1305.65282641 0.79522069
1310.65532766 0.79480759
1315.65782891 0.79439519
1320.66033017 0.79398348
1325.66283142 0.79357248
1330.66533267 0.79316216
1335.66783392 0.79275253
1340.67033517 0.79234358
1345.67283642 0.79193530
1350.67533767 0.79152771
1355.67783892 0.79112078
1360.68034017 0.79071453
1365.68284142 0.79030893
1370.68534267 0.78990400
1375.68784392 0.78949972
1380.69034517 0.78909610
1385.69284642 0.78869312
1390.69534767 0.78829079
1395.69784892 0.78788911
1400.70035018 0.78748806
1405.70285143 0.78708764
1410.70535268 0.78668786
1415.70785393 0.78628871
1420.71035518 0.78589018
1425.71285643 0.78549228
1430.71535768 0.78509499
1435.71785893 0.78469832
1440.72036018 0.78430226
1445.72286143 0.78390681
1450.72536268 0.78351196
1455.72786393 0.78311772
1460.73036518 0.78272407
1465.73286643 0.78233103
1470.73536768 0.78193857
1475.73786893 0.78154671
1480.74037019 0.78115543
1485.74287144 0.78076474
1490.74537269 0.78037462
1495.74787394 0.77998509
1500.75037519 0.77959613
1505.75287644 0.77920775
1510.75537769 0.77881993
1515.75787894 0.77843268
1520.76038019 0.77804599
1525.76288144 0.77765987
1530.76538269 0.77727430
1535.76788394 0.77688929
1540.77038519 0.77650483
1545.77288644 0.77612092
1550.77538769 0.77573756
1555.77788894 0.77535474
1560.78039020 0.77497247
1565.78289145 0.77459073
1570.78539270 0.77420954
1575.78789395 0.77382887
1580.79039520 0.77344874
1585.79289645 0.77306914
1590.79539770 0.77269006
1595.79789895 0.77231151
1600.80040020 0.77193348
1605.80290145 0.77155596
1610.80540270 0.77117897
1615.80790395 0.77080249
1620.81040520 0.77042652
1625.81290645 0.77005106
1630.81540770 0.76967611
1635.81790895 0.76930166
1640.82041021 0.76892772
1645.82291146 0.76855427
1650.82541271 0.76818132
1655.82791396 0.76780887
1660.83041521 0.76743691
1665.83291646 0.76706545
1670.83541771 0.76669447
1675.83791896 0.76632398
1680.84042021 0.76595397
1685.84292146 0.76558444
1690.84542271 0.76521540
1695.84792396 0.76484683
1700.85042521 0.76447874
1705.85292646 0.76411112
1710.85542771 0.76374397
1715.85792896 0.76337730
1720.86043022 0.76301109
1725.86293147 0.76264534
1730.86543272 0.76228006
1735.86793397 0.76191524
1740.87043522 0.76155088
1745.87293647 0.76118698
1750.87543772 0.76082353
1755.87793897 0.76046054
1760.88044022 0.76009799
1765.88294147 0.75973590
1770.88544272 0.75937425
1775.88794397 0.75901305
1780.89044522 0.75865230
1785.89294647 0.75829198
1790.89544772 0.75793211
1795.89794897 0.75757267
1800.90045023 0.75721367
1805.90295148 0.75685510
1810.90545273 0.75649697
1815.90795398 0.75613926
1820.91045523 0.75578199
1825.91295648 0.75542514
1830.91545773 0.75506872
1835.91795898 0.75471272
1840.92046023 0.75435715
1845.92296148 0.75400199
1850.92546273 0.75364725
1855.92796398 0.75329293
1860.93046523 0.75293903
1865.93296648 0.75258554
1870.93546773 0.75223246
1875.93796898 0.75187978
1880.94047024 0.75152752
1885.94297149 0.75117567
1890.94547274 0.75082422
1895.94797399 0.75047317
1900.95047524 0.75012252
1905.95297649 0.74977228
1910.95547774 0.74942243
1915.95797899 0.74907298
1920.96048024 0.74872393
1925.96298149 0.74837527
1930.96548274 0.74802700
1935.96798399 0.74767912
1940.97048524 0.74733164
1945.97298649 0.74698454
1950.97548774 0.74663782
1955.97798899 0.74629150
1960.98049025 0.74594555
1965.98299150 0.74559999
1970.98549275 0.74525480
1975.98799400 0.74491000
1980.99049525 0.74456557
1985.99299650 0.74422152
1990.99549775 0.74387784
1995.99799900 0.74353454
2001.00050025 0.74319161
2006.00300150 0.74284905
2011.00550275 0.74250686
2016.00800400 0.74216503
2021.01050525 0.74182357
2026.01300650 0.74148248
2031.01550775 0.74114175
2036.01800900 0.74080138
2041.02051026 0.74046137
2046.02301151 0.74012172
2051.02551276 0.73978243
2056.02801401 0.73944350
2061.03051526 0.73910492
2066.03301651 0.73876670
2071.03551776 0.73842882
2076.03801901 0.73809130
2081.04052026 0.73775413
2086.04302151 0.73741731
2091.04552276 0.73708084
2096.04802401 0.73674471
2101.05052526 0.73640893
2106.05302651 0.73607349
2111.05552776 0.73573840
2116.05802901 0.73540364
2121.06053027 0.73506923
2126.06303152 0.73473516
2131.06553277 0.73440142
2136.06803402 0.73406802
2141.07053527 0.73373495
2146.07303652 0.73340222
2151.07553777 0.73306982
2156.07803902 0.73273776
2161.08054027 0.73240602
2166.08304152 0.73207462
2171.08554277 0.73174354
2176.08804402 0.73141279
2181.09054527 0.73108236
2186.09304652 0.73075226
2191.09554777 0.73042249
2196.09804902 0.73009304
2201.10055028 0.72976390
2206.10305153 0.72943509
2211.10555278 0.72910660
2216.10805403 0.72877843
2221.11055528 0.72845057
2226.11305653 0.72812303
2231.11555778 0.72779581
2236.11805903 0.72746890
2241.12056028 0.72714230
2246.12306153 0.72681601
2251.12556278 0.72649003
2256.12806403 0.72616437
2261.13056528 0.72583901
2266.13306653 0.72551396
2271.13556778 0.72518922
2276.13806903 0.72486478
2281.14057029 0.72454065
2286.14307154 0.72421682
2291.14557279 0.72389329
2296.14807404 0.72357006
2301.15057529 0.72324714
2306.15307654 0.72292451
2311.15557779 0.72260219
2316.15807904 0.72228016
2321.16058029 0.72195842
2326.16308154 0.72163699
2331.16558279 0.72131584
2336.16808404 0.72099499
2341.17058529 0.72067444
2346.17308654 0.72035417
2351.17558779 0.72003420
2356.17808904 0.71971452
2361.18059030 0.71939512
2366.18309155 0.71907602
2371.18559280 0.71875720
2376.18809405 0.71843866
2381.19059530 0.71812041
2386.19309655 0.71780245
2391.19559780 0.71748477
2396.19809905 0.71716737
2401.20060030 0.71685026
2406.20310155 0.71653342
2411.20560280 0.71621687
2416.20810405 0.71590059
2421.21060530 0.71558459
2426.21310655 0.71526887
2431.21560780 0.71495343
2436.21810905 0.71463826
2441.22061031 0.71432336
2446.22311156 0.71400874
2451.22561281 0.71369439
2456.22811406 0.71338032
2461.23061531 0.71306651
2466.23311656 0.71275298
2471.23561781 0.71243972
2476.23811906 0.71212672
2481.24062031 0.71181399
2486.24312156 0.71150153
2491.24562281 0.71118934
2496.24812406 0.71087741
2501.25062531 0.71056575
2506.25312656 0.71025435
2511.25562781 0.70994321
2516.25812906 0.70963233
2521.26063032 0.70932172
2526.26313157 0.70901137
2531.26563282 0.70870128
2536.26813407 0.70839144
2541.27063532 0.70808187
2546.27313657 0.70777255
2551.27563782 0.70746349
2556.27813907 0.70715468
2561.28064032 0.70684613
2566.28314157 0.70653784
2571.28564282 0.70622980
2576.28814407 0.70592201
2581.29064532 0.70561448
2586.29314657 0.70530719
2591.29564782 0.70500016
2596.29814907 0.70469337
2601.30065033 0.70438684
2606.30315158 0.70408055
2611.30565283 0.70377452
2616.30815408 0.70346873
2621.31065533 0.70316318
2626.31315658 0.70285788
2631.31565783 0.70255283
2636.31815908 0.70224802
2641.32066033 0.70194346
2646.32316158 0.70163913
2651.32566283 0.70133505
2656.32816408 0.70103122
2661.33066533 0.70072762
2666.33316658 0.70042426
2671.33566783 0.70012114
2676.33816908 0.69981826
2681.34067034 0.69951562
2686.34317159 0.69921322
2691.34567284 0.69891105
2696.34817409 0.69860912
2701.35067534 0.69830742
2706.35317659 0.69800596
2711.35567784 0.69770473
2716.35817909 0.69740374
2721.36068034 0.69710298
2726.36318159 0.69680245
2731.36568284 0.69650215
2736.36818409 0.69620208
2741.37068534 0.69590225
2746.37318659 0.69560264
2751.37568784 0.69530326
2756.37818909 0.69500411
2761.38069035 0.69470519
2766.38319160 0.69440649
2771.38569285 0.69410802
2776.38819410 0.69380978
2781.39069535 0.69351176
2786.39319660 0.69321397
2791.39569785 0.69291640
2796.39819910 0.69261905
2801.40070035 0.69232193
2806.40320160 0.69202503
2811.40570285 0.69172835
2816.40820410 0.69143189
2821.41070535 0.69113565
2826.41320660 0.69083963
2831.41570785 0.69054383
2836.41820910 0.69024825
2841.42071036 0.68995288
2846.42321161 0.68965774
2851.42571286 0.68936281
2856.42821411 0.68906809
2861.43071536 0.68877359
2866.43321661 0.68847931
2871.43571786 0.68818524
2876.43821911 0.68789139
2881.44072036 0.68759775
2886.44322161 0.68730432
2891.44572286 0.68701110
2896.44822411 0.68671809
2901.45072536 0.68642530
2906.45322661 0.68613272
2911.45572786 0.68584034
2916.45822911 0.68554818
2921.46073037 0.68525622
2926.46323162 0.68496448
2931.46573287 0.68467294
2936.46823412 0.68438161
2941.47073537 0.68409048
2946.47323662 0.68379956
2951.47573787 0.68350885
2956.47823912 0.68321834
2961.48074037 0.68292804
2966.48324162 0.68263794
2971.48574287 0.68234804
2976.48824412 0.68205835
2981.49074537 0.68176886
2986.49324662 0.68147957
2991.49574787 0.68119048
2996.49824912 0.68090159
3001.50075038 0.68061291
3006.50325163 0.68032442
3011.50575288 0.68003613
3016.50825413 0.67974805
3021.51075538 0.67946016
3026.51325663 0.67917247
3031.51575788 0.67888497
3036.51825913 0.67859767
3041.52076038 0.67831057
3046.52326163 0.67802367
3051.52576288 0.67773696
3056.52826413 0.67745044
3061.53076538 0.67716412
3066.53326663 0.67687800
3071.53576788 0.67659206
3076.53826913 0.67630632
3081.54077039 0.67602078
3086.54327164 0.67573542
3091.54577289 0.67545026
3096.54827414 0.67516529
3101.55077539 0.67488050
3106.55327664 0.67459591
3111.55577789 0.67431151
3116.55827914 0.67402730
3121.56078039 0.67374327
3126.56328164 0.67345944
3131.56578289 0.67317579
3136.56828414 0.67289233
3141.57078539 0.67260905
3146.57328664 0.67232597
3151.57578789 0.67204306
3156.57828914 0.67176035
3161.58079040 0.67147782
3166.58329165 0.67119547
3171.58579290 0.67091331
3176.58829415 0.67063133
3181.59079540 0.67034954
3186.59329665 0.67006792
3191.59579790 0.66978650
3196.59829915 0.66950525
3201.60080040 0.66922418
3206.60330165 0.66894330
3211.60580290 0.66866259
3216.60830415 0.66838207
3221.61080540 0.66810173
3226.61330665 0.66782156
3231.61580790 0.66754158
3236.61830915 0.66726177
3241.62081041 0.66698214
3246.62331166 0.66670269
3251.62581291 0.66642342
3256.62831416 0.66614432
3261.63081541 0.66586540
3266.63331666 0.66558665
3271.63581791 0.66530809
3276.63831916 0.66502969
3281.64082041 0.66475147
3286.64332166 0.66447343
3291.64582291 0.66419556
3296.64832416 0.66391786
3301.65082541 0.66364034
3306.65332666 0.66336299
3311.65582791 0.66308581
3316.65832916 0.66280881
3321.66083042 0.66253197
3326.66333167 0.66225531
3331.66583292 0.66197882
3336.66833417 0.66170250
3341.67083542 0.66142635
3346.67333667 0.66115036
3351.67583792 0.66087455
3356.67833917 0.66059891
3361.68084042 0.66032343
3366.68334167 0.66004813
3371.68584292 0.65977299
3376.68834417 0.65949801
3381.69084542 0.65922321
3386.69334667 0.65894857
3391.69584792 0.65867410
3396.69834917 0.65839979
3401.70085043 0.65812565
3406.70335168 0.65785168
3411.70585293 0.65757787
3416.70835418 0.65730422
3421.71085543 0.65703074
3426.71335668 0.65675742
3431.71585793 0.65648426
3436.71835918 0.65621127
3441.72086043 0.65593844
3446.72336168 0.65566577
3451.72586293 0.65539327
3456.72836418 0.65512092
3461.73086543 0.65484874
3466.73336668 0.65457671
3471.73586793 0.65430485
3476.73836918 0.65403315
3481.74087044 0.65376161
3486.74337169 0.65349022
3491.74587294 0.65321900
3496.74837419 0.65294793
3501.75087544 0.65267703
3506.75337669 0.65240628
3511.75587794 0.65213569
3516.75837919 0.65186525
3521.76088044 0.65159497
3526.76338169 0.65132485
3531.76588294 0.65105489
3536.76838419 0.65078508
3541.77088544 0.65051543
3546.77338669 0.65024593
3551.77588794 0.64997659
3556.77838919 0.64970740
3561.78089045 0.64943836
3566.78339170 0.64916948
3571.78589295 0.64890076
3576.78839420 0.64863218
3581.79089545 0.64836376
3586.79339670 0.64809549
3591.79589795 0.64782738
3596.79839920 0.64755941
3601.80090045 0.64729160
3606.80340170 0.64702394
3611.80590295 0.64675643
3616.80840420 0.64648907
3621.81090545 0.64622186
3626.81340670 0.64595480
3631.81590795 0.64568789
3636.81840920 0.64542113
3641.82091046 0.64515452
3646.82341171 0.64488806
3651.82591296 0.64462175
3656.82841421 0.64435558
3661.83091546 0.64408956
3666.83341671 0.64382369
3671.83591796 0.64355797
3676.83841921 0.64329239
3681.84092046 0.64302696
3686.84342171 0.64276168
3691.84592296 0.64249654
3696.84842421 0.64223155
3701.85092546 0.64196670
3706.85342671 0.64170200
3711.85592796 0.64143745
3716.85842921 0.64117303
3721.86093047 0.64090877
3726.86343172 0.64064464
3731.86593297 0.64038066
3736.86843422 0.64011682
3741.87093547 0.63985313
3746.87343672 0.63958958
3751.87593797 0.63932617
3756.87843922 0.63906290
3761.88094047 0.63879978
3766.88344172 0.63853679
3771.88594297 0.63827395
3776.88844422 0.63801125
3781.89094547 0.63774869
3786.89344672 0.63748627
3791.89594797 0.63722399
3796.89844922 0.63696185
3801.90095048 0.63669985
3806.90345173 0.63643799
3811.90595298 0.63617626
3816.90845423 0.63591468
3821.91095548 0.63565323
3826.91345673 0.63539193
3831.91595798 0.63513076
3836.91845923 0.63486972
3841.92096048 0.63460883
3846.92346173 0.63434807
3851.92596298 0.63408745
3856.92846423 0.63382697
3861.93096548 0.63356662
3866.93346673 0.63330641
3871.93596798 0.63304633
3876.93846923 0.63278639
3881.94097049 0.63252658
3886.94347174 0.63226691
3891.94597299 0.63200738
3896.94847424 0.63174797
3901.95097549 0.63148871
3906.95347674 0.63122957
3911.95597799 0.63097057
3916.95847924 0.63071170
3921.96098049 0.63045297
3926.96348174 0.63019437
3931.96598299 0.62993590
3936.96848424 0.62967756
3941.97098549 0.62941936
3946.97348674 0.62916128
3951.97598799 0.62890334
3956.97848924 0.62864553
3961.98099050 0.62838785
3966.98349175 0.62813031
3971.98599300 0.62787289
3976.98849425 0.62761560
3981.99099550 0.62735844
3986.99349675 0.62710141
3991.99599800 0.62684451
3996.99849925 0.62658774
4002.00100050 0.62633110
4007.00350175 0.62607459
4012.00600300 0.62581821
4017.00850425 0.62556195
4022.01100550 0.62530583
4027.01350675 0.62504983
4032.01600800 0.62479395
4037.01850925 0.62453821
4042.02101051 0.62428259
4047.02351176 0.62402710
4052.02601301 0.62377174
4057.02851426 0.62351650
4062.03101551 0.62326139
4067.03351676 0.62300640
4072.03601801 0.62275154
4077.03851926 0.62249680
4082.04102051 0.62224219
4087.04352176 0.62198771
4092.04602301 0.62173335
4097.04852426 0.62147911
4102.05102551 0.62122500
4107.05352676 0.62097101
4112.05602801 0.62071715
4117.05852926 0.62046340
4122.06103052 0.62020979
4127.06353177 0.61995629
4132.06603302 0.61970292
4137.06853427 0.61944967
4142.07103552 0.61919654
4147.07353677 0.61894354
4152.07603802 0.61869065
4157.07853927 0.61843789
4162.08104052 0.61818525
4167.08354177 0.61793273
4172.08604302 0.61768033
4177.08854427 0.61742806
4182.09104552 0.61717590
4187.09354677 0.61692386
4192.09604802 0.61667195
4197.09854927 0.61642015
4202.10105053 0.61616847
4207.10355178 0.61591692
4212.10605303 0.61566548
4217.10855428 0.61541416
4222.11105553 0.61516296
4227.11355678 0.61491188
4232.11605803 0.61466091
4237.11855928 0.61441007
4242.12106053 0.61415934
4247.12356178 0.61390873
4252.12606303 0.61365824
4257.12856428 0.61340786
4262.13106553 0.61315760
4267.13356678 0.61290746
4272.13606803 0.61265744
4277.13856928 0.61240753
4282.14107054 0.61215774
4287.14357179 0.61190806
4292.14607304 0.61165850
4297.14857429 0.61140905
4302.15107554 0.61115973
4307.15357679 0.61091051
4312.15607804 0.61066141
4317.15857929 0.61041243
4322.16108054 0.61016356
4327.16358179 0.60991480
4332.16608304 0.60966616
4337.16858429 0.60941763
4342.17108554 0.60916922
4347.17358679 0.60892092
4352.17608804 0.60867273
4357.17858929 0.60842466
4362.18109055 0.60817670
4367.18359180 0.60792885
4372.18609305 0.60768112
4377.18859430 0.60743349
4382.19109555 0.60718598
4387.19359680 0.60693858
4392.19609805 0.60669130
4397.19859930 0.60644412
4402.20110055 0.60619706
4407.20360180 0.60595010
4412.20610305 0.60570326
4417.20860430 0.60545653
4422.21110555 0.60520991
4427.21360680 0.60496340
4432.21610805 0.60471700
4437.21860930 0.60447071
4442.22111056 0.60422453
4447.22361181 0.60397846
4452.22611306 0.60373250
4457.22861431 0.60348664
4462.23111556 0.60324090
4467.23361681 0.60299527
4472.23611806 0.60274974
4477.23861931 0.60250433
4482.24112056 0.60225902
4487.24362181 0.60201382
4492.24612306 0.60176872
4497.24862431 0.60152374
4502.25112556 0.60127886
4507.25362681 0.60103409
4512.25612806 0.60078943
4517.25862931 0.60054487
4522.26113057 0.60030043
4527.26363182 0.60005608
4532.26613307 0.59981185
4537.26863432 0.59956772
4542.27113557 0.59932370
4547.27363682 0.59907978
4552.27613807 0.59883597
4557.27863932 0.59859226
4562.28114057 0.59834866
4567.28364182 0.59810517
4572.28614307 0.59786178
4577.28864432 0.59761849
4582.29114557 0.59737531
4587.29364682 0.59713223
4592.29614807 0.59688926
4597.29864932 0.59664639
4602.30115058 0.59640363
4607.30365183 0.59616097
4612.30615308 0.59591842
4617.30865433 0.59567596
4622.31115558 0.59543361
4627.31365683 0.59519137
4632.31615808 0.59494922
4637.31865933 0.59470718
4642.32116058 0.59446525
4647.32366183 0.59422341
4652.32616308 0.59398168
4657.32866433 0.59374005
4662.33116558 0.59349852
4667.33366683 0.59325709
4672.33616808 0.59301576
4677.33866933 0.59277454
4682.34117059 0.59253342
4687.34367184 0.59229239
4692.34617309 0.59205147
4697.34867434 0.59181065
4702.35117559 0.59156993
4707.35367684 0.59132931
4712.35617809 0.59108879
4717.35867934 0.59084837
4722.36118059 0.59060805
4727.36368184 0.59036784
4732.36618309 0.59012772
4737.36868434 0.58988770
4742.37118559 0.58964777
4747.37368684 0.58940795
4752.37618809 0.58916823
4757.37868934 0.58892861
4762.38119060 0.58868908
4767.38369185 0.58844965
4772.38619310 0.58821032
4777.38869435 0.58797109
4782.39119560 0.58773196
4787.39369685 0.58749293
4792.39619810 0.58725399
4797.39869935 0.58701515
4802.40120060 0.58677641
4807.40370185 0.58653776
4812.40620310 0.58629922
4817.40870435 0.58606076
4822.41120560 0.58582241
4827.41370685 0.58558415
4832.41620810 0.58534599
4837.41870935 0.58510793
4842.42121061 0.58486996
4847.42371186 0.58463209
4852.42621311 0.58439431
4857.42871436 0.58415663
4862.43121561 0.58391904
4867.43371686 0.58368155
4872.43621811 0.58344416
4877.43871936 0.58320686
4882.44122061 0.58296965
4887.44372186 0.58273254
4892.44622311 0.58249552
4897.44872436 0.58225860
4902.45122561 0.58202178
4907.45372686 0.58178504
4912.45622811 0.58154840
4917.45872936 0.58131186
4922.46123062 0.58107541
4927.46373187 0.58083905
4932.46623312 0.58060279
4937.46873437 0.58036662
4942.47123562 0.58013054
4947.47373687 0.57989455
4952.47623812 0.57965866
4957.47873937 0.57942286
4962.48124062 0.57918716
4967.48374187 0.57895154
4972.48624312 0.57871602
4977.48874437 0.57848059
4982.49124562 0.57824525
4987.49374687 0.57801000
4992.49624812 0.57777485
4997.49874937 0.57753979
5002.50125063 0.57730482
5007.50375188 0.57706994
5012.50625313 0.57683515
5017.50875438 0.57660045
5022.51125563 0.57636584
5027.51375688 0.57613133
5032.51625813 0.57589690
5037.51875938 0.57566256
5042.52126063 0.57542832
5047.52376188 0.57519416
5052.52626313 0.57496010
5057.52876438 0.57472612
5062.53126563 0.57449224
5067.53376688 0.57425844
5072.53626813 0.57402474
5077.53876938 0.57379112
5082.54127064 0.57355759
5087.54377189 0.57332415
5092.54627314 0.57309080
5097.54877439 0.57285754
5102.55127564 0.57262437
5107.55377689 0.57239129
5112.55627814 0.57215829
5117.55877939 0.57192538
5122.56128064 0.57169256
5127.56378189 0.57145983
5132.56628314 0.57122719
5137.56878439 0.57099464
5142.57128564 0.57076217
5147.57378689 0.57052979
5152.57628814 0.57029749
5157.57878939 0.57006529
5162.58129065 0.56983317
5167.58379190 0.56960114
5172.58629315 0.56936919
5177.58879440 0.56913733
5182.59129565 0.56890556
5187.59379690 0.56867388
5192.59629815 0.56844228
5197.59879940 0.56821076
5202.60130065 0.56797934
5207.60380190 0.56774800
5212.60630315 0.56751674
5217.60880440 0.56728557
5222.61130565 0.56705449
5227.61380690 0.56682349
5232.61630815 0.56659257
5237.61880940 0.56636175
5242.62131066 0.56613100
5247.62381191 0.56590034
5252.62631316 0.56566977
5257.62881441 0.56543928
5262.63131566 0.56520888
5267.63381691 0.56497856
5272.63631816 0.56474832
5277.63881941 0.56451817
5282.64132066 0.56428810
5287.64382191 0.56405812
5292.64632316 0.56382822
5297.64882441 0.56359840
5302.65132566 0.56336867
5307.65382691 0.56313902
5312.65632816 0.56290945
5317.65882941 0.56267997
5322.66133067 0.56245057
5327.66383192 0.56222125
5332.66633317 0.56199202
5337.66883442 0.56176286
5342.67133567 0.56153379
5347.67383692 0.56130481
5352.67633817 0.56107590
5357.67883942 0.56084708
5362.68134067 0.56061834
5367.68384192 0.56038968
5372.68634317 0.56016111
5377.68884442 0.55993261
5382.69134567 0.55970420
5387.69384692 0.55947587
5392.69634817 0.55924762
5397.69884942 0.55901945
5402.70135068 0.55879136
5407.70385193 0.55856335
5412.70635318 0.55833543
5417.70885443 0.55810758
5422.71135568 0.55787982
5427.71385693 0.55765213
5432.71635818 0.55742453
5437.71885943 0.55719701
5442.72136068 0.55696956
5447.72386193 0.55674220
5452.72636318 0.55651492
5457.72886443 0.55628772
5462.73136568 0.55606059
5467.73386693 0.55583355
5472.73636818 0.55560659
5477.73886943 0.55537970
5482.74137069 0.55515290
5487.74387194 0.55492617
5492.74637319 0.55469952
5497.74887444 0.55447295
5502.75137569 0.55424647
5507.75387694 0.55402005
5512.75637819 0.55379372
5517.75887944 0.55356747
5522.76138069 0.55334129
5527.76388194 0.55311520
5532.76638319 0.55288918
5537.76888444 0.55266324
5542.77138569 0.55243738
5547.77388694 0.55221159
5552.77638819 0.55198589
5557.77888944 0.55176026
5562.78139070 0.55153471
5567.78389195 0.55130923
5572.78639320 0.55108384
5577.78889445 0.55085852
5582.79139570 0.55063327
5587.79389695 0.55040811
5592.79639820 0.55018302
5597.79889945 0.54995801
5602.80140070 0.54973307
5607.80390195 0.54950821
5612.80640320 0.54928343
5617.80890445 0.54905873
5622.81140570 0.54883410
5627.81390695 0.54860954
5632.81640820 0.54838507
5637.81890945 0.54816067
5642.82141071 0.54793634
5647.82391196 0.54771209
5652.82641321 0.54748792
5657.82891446 0.54726382
5662.83141571 0.54703979
5667.83391696 0.54681585
5672.83641821 0.54659197
5677.83891946 0.54636818
5682.84142071 0.54614445
5687.84392196 0.54592081
5692.84642321 0.54569723
5697.84892446 0.54547374
5702.85142571 0.54525031
5707.85392696 0.54502696
5712.85642821 0.54480369
5717.85892946 0.54458049
5722.86143072 0.54435736
5727.86393197 0.54413431
5732.86643322 0.54391133
5737.86893447 0.54368843
5742.87143572 0.54346560
5747.87393697 0.54324284
5752.87643822 0.54302016
5757.87893947 0.54279755
5762.88144072 0.54257501
5767.88394197 0.54235255
5772.88644322 0.54213016
5777.88894447 0.54190784
5782.89144572 0.54168560
5787.89394697 0.54146343
5792.89644822 0.54124133
5797.89894947 0.54101931
5802.90145073 0.54079735
5807.90395198 0.54057547
5812.90645323 0.54035367
5817.90895448 0.54013193
5822.91145573 0.53991027
5827.91395698 0.53968868
5832.91645823 0.53946716
5837.91895948 0.53924571
5842.92146073 0.53902434
5847.92396198 0.53880303
5852.92646323 0.53858180
5857.92896448 0.53836064
5862.93146573 0.53813955
5867.93396698 0.53791853
5872.93646823 0.53769759
5877.93896948 0.53747671
5882.94147074 0.53725591
5887.94397199 0.53703518
5892.94647324 0.53681451
5897.94897449 0.53659392
5902.95147574 0.53637340
5907.95397699 0.53615295
5912.95647824 0.53593257
5917.95897949 0.53571226
5922.96148074 0.53549202
5927.96398199 0.53527186
5932.96648324 0.53505176
5937.96898449 0.53483173
5942.97148574 0.53461177
5947.97398699 0.53439188
5952.97648824 0.53417206
5957.97898949 0.53395231
5962.98149075 0.53373264
5967.98399200 0.53351303
5972.98649325 0.53329348
5977.98899450 0.53307401
5982.99149575 0.53285461
5987.99399700 0.53263528
5992.99649825 0.53241602
5997.99899950 0.53219682
6003.00150075 0.53197769
6008.00400200 0.53175864
6013.00650325 0.53153965
6018.00900450 0.53132073
6023.01150575 0.53110188
6028.01400700 0.53088310
6033.01650825 0.53066438
6038.01900950 0.53044573
6043.02151076 0.53022716
6048.02401201 0.53000865
6053.02651326 0.52979020
6058.02901451 0.52957183
6063.03151576 0.52935352
6068.03401701 0.52913528
6073.03651826 0.52891711
6078.03901951 0.52869901
6083.04152076 0.52848097
6088.04402201 0.52826301
6093.04652326 0.52804510
6098.04902451 0.52782727
6103.05152576 0.52760950
6108.05402701 0.52739180
6113.05652826 0.52717417
6118.05902951 0.52695660
6123.06153077 0.52673911
6128.06403202 0.52652167
6133.06653327 0.52630431
6138.06903452 0.52608701
6143.07153577 0.52586977
6148.07403702 0.52565261
6153.07653827 0.52543551
6158.07903952 0.52521847
6163.08154077 0.52500150
6168.08404202 0.52478460
6173.08654327 0.52456777
6178.08904452 0.52435100
6183.09154577 0.52413429
6188.09404702 0.52391765
6193.09654827 0.52370108
6198.09904952 0.52348457
6203.10155078 0.52326813
6208.10405203 0.52305175
6213.10655328 0.52283544
6218.10905453 0.52261919
6223.11155578 0.52240301
6228.11405703 0.52218690
6233.11655828 0.52197084
6238.11905953 0.52175486
6243.12156078 0.52153894
6248.12406203 0.52132308
6253.12656328 0.52110729
6258.12906453 0.52089156
6263.13156578 0.52067589
6268.13406703 0.52046030
6273.13656828 0.52024476
6278.13906953 0.52002929
6283.14157079 0.51981388
6288.14407204 0.51959854
6293.14657329 0.51938326
6298.14907454 0.51916805
6303.15157579 0.51895290
6308.15407704 0.51873781
6313.15657829 0.51852279
6318.15907954 0.51830783
6323.16158079 0.51809293
6328.16408204 0.51787810
6333.16658329 0.51766333
6338.16908454 0.51744862
6343.17158579 0.51723398
6348.17408704 0.51701940
6353.17658829 0.51680488
6358.17908954 0.51659043
6363.18159080 0.51637604
6368.18409205 0.51616171
6373.18659330 0.51594745
6378.18909455 0.51573324
6383.19159580 0.51551910
6388.19409705 0.51530503
6393.19659830 0.51509101
6398.19909955 0.51487706
6403.20160080 0.51466317
6408.20410205 0.51444934
6413.20660330 0.51423557
6418.20910455 0.51402187
6423.21160580 0.51380823
6428.21410705 0.51359465
6433.21660830 0.51338113
6438.21910955 0.51316767
6443.22161081 0.51295428
6448.22411206 0.51274094
6453.22661331 0.51252767
6458.22911456 0.51231446
6463.23161581 0.51210131
6468.23411706 0.51188822
6473.23661831 0.51167520
6478.23911956 0.51146223
6483.24162081 0.51124933
6488.24412206 0.51103648
6493.24662331 0.51082370
6498.24912456 0.51061098
6503.25162581 0.51039832
6508.25412706 0.51018572
6513.25662831 0.50997318
6518.25912956 0.50976070
6523.26163082 0.50954828
6528.26413207 0.50933592
6533.26663332 0.50912362
6538.26913457 0.50891139
6543.27163582 0.50869921
6548.27413707 0.50848709
6553.27663832 0.50827504
6558.27913957 0.50806304
6563.28164082 0.50785110
6568.28414207 0.50763922
6573.28664332 0.50742741
6578.28914457 0.50721565
6583.29164582 0.50700395
6588.29414707 0.50679231
6593.29664832 0.50658073
6598.29914957 0.50636921
6603.30165083 0.50615775
6608.30415208 0.50594635
6613.30665333 0.50573501
6618.30915458 0.50552373
6623.31165583 0.50531250
6628.31415708 0.50510134
6633.31665833 0.50489023
6638.31915958 0.50467918
6643.32166083 0.50446820
6648.32416208 0.50425727
6653.32666333 0.50404640
6658.32916458 0.50383558
6663.33166583 0.50362483
6668.33416708 0.50341413
6673.33666833 0.50320350
6678.33916958 0.50299292
6683.34167084 0.50278240
6688.34417209 0.50257194
6693.34667334 0.50236153
6698.34917459 0.50215119
6703.35167584 0.50194090
6708.35417709 0.50173067
6713.35667834 0.50152049
6718.35917959 0.50131038
6723.36168084 0.50110032
6728.36418209 0.50089032
6733.36668334 0.50068038
6738.36918459 0.50047050
6743.37168584 0.50026067
6748.37418709 0.50005090
6753.37668834 0.49984119
6758.37918959 0.49963153
6763.38169085 0.49942194
6768.38419210 0.49921239
6773.38669335 0.49900291
6778.38919460 0.49879348
6783.39169585 0.49858411
6788.39419710 0.49837480
6793.39669835 0.49816554
6798.39919960 0.49795635
6803.40170085 0.49774720
6808.40420210 0.49753812
6813.40670335 0.49732909
6818.40920460 0.49712011
6823.41170585 0.49691120
6828.41420710 0.49670233
6833.41670835 0.49649353
6838.41920960 0.49628478
6843.42171086 0.49607609
6848.42421211 0.49586745
6853.42671336 0.49565887
6858.42921461 0.49545035
6863.43171586 0.49524188
6868.43421711 0.49503347
6873.43671836 0.49482511
6878.43921961 0.49461681
6883.44172086 0.49440856
6888.44422211 0.49420037
6893.44672336 0.49399224
6898.44922461 0.49378416
6903.45172586 0.49357614
6908.45422711 0.49336817
6913.45672836 0.49316025
6918.45922961 0.49295240
6923.46173087 0.49274459
6928.46423212 0.49253684
6933.46673337 0.49232915
6938.46923462 0.49212151
6943.47173587 0.49191393
6948.47423712 0.49170640
6953.47673837 0.49149893
6958.47923962 0.49129151
6963.48174087 0.49108414
6968.48424212 0.49087683
6973.48674337 0.49066958
6978.48924462 0.49046238
6983.49174587 0.49025523
6988.49424712 0.49004814
6993.49674837 0.48984110
6998.49924962 0.48963412
7003.50175088 0.48942719
7008.50425213 0.48922031
7013.50675338 0.48901349
7018.50925463 0.48880672
7023.51175588 0.48860001
7028.51425713 0.48839335
7033.51675838 0.48818674
7038.51925963 0.48798019
7043.52176088 0.48777369
7048.52426213 0.48756724
7053.52676338 0.48736085
7058.52926463 0.48715451
7063.53176588 0.48694823
7068.53426713 0.48674199
7073.53676838 0.48653582
7078.53926963 0.48632969
7083.54177089 0.48612362
7088.54427214 0.48591760
7093.54677339 0.48571163
7098.54927464 0.48550572
7103.55177589 0.48529986
7108.55427714 0.48509405
7113.55677839 0.48488830
7118.55927964 0.48468260
7123.56178089 0.48447695
7128.56428214 0.48427135
7133.56678339 0.48406581
7138.56928464 0.48386031
7143.57178589 0.48365488
7148.57428714 0.48344949
7153.57678839 0.48324415
7158.57928964 0.48303887
7163.58179090 0.48283364
7168.58429215 0.48262847
7173.58679340 0.48242334
7178.58929465 0.48221827
7183.59179590 0.48201325
7188.59429715 0.48180828
7193.59679840 0.48160336
7198.59929965 0.48139849
7203.60180090 0.48119368
7208.60430215 0.48098892
7213.60680340 0.48078421
7218.60930465 0.48057955
7223.61180590 0.48037494
7228.61430715 0.48017038
7233.61680840 0.47996588
7238.61930965 0.47976143
7243.62181091 0.47955702
7248.62431216 0.47935267
7253.62681341 0.47914837
7258.62931466 0.47894413
7263.63181591 0.47873993
7268.63431716 0.47853578
7273.63681841 0.47833169
7278.63931966 0.47812764
7283.64182091 0.47792365
7288.64432216 0.47771971
7293.64682341 0.47751582
7298.64932466 0.47731197
7303.65182591 0.47710818
7308.65432716 0.47690444
7313.65682841 0.47670076
7318.65932966 0.47649712
7323.66183092 0.47629353
7328.66433217 0.47608999
7333.66683342 0.47588650
7338.66933467 0.47568307
7343.67183592 0.47547968
7348.67433717 0.47527634
7353.67683842 0.47507306
7358.67933967 0.47486982
7363.68184092 0.47466663
7368.68434217 0.47446350
7373.68684342 0.47426041
7378.68934467 0.47405737
7383.69184592 0.47385438
7388.69434717 0.47365145
7393.69684842 0.47344856
7398.69934967 0.47324572
7403.70185093 0.47304293
7408.70435218 0.47284019
7413.70685343 0.47263750
7418.70935468 0.47243486
7423.71185593 0.47223227
7428.71435718 0.47202973
7433.71685843 0.47182724
7438.71935968 0.47162480
7443.72186093 0.47142240
7448.72436218 0.47122006
7453.72686343 0.47101776
7458.72936468 0.47081552
7463.73186593 0.47061332
7468.73436718 0.47041117
7473.73686843 0.47020907
7478.73936968 0.47000702
7483.74187094 0.46980502
7488.74437219 0.46960306
7493.74687344 0.46940116
7498.74937469 0.46919930
7503.75187594 0.46899749
7508.75437719 0.46879574
7513.75687844 0.46859402
7518.75937969 0.46839236
7523.76188094 0.46819075
7528.76438219 0.46798918
7533.76688344 0.46778766
7538.76938469 0.46758620
7543.77188594 0.46738477
7548.77438719 0.46718340
7553.77688844 0.46698208
7558.77938969 0.46678080
7563.78189095 0.46657957
7568.78439220 0.46637839
7573.78689345 0.46617725
7578.78939470 0.46597617
7583.79189595 0.46577513
7588.79439720 0.46557414
7593.79689845 0.46537320
7598.79939970 0.46517230
7603.80190095 0.46497146
7608.80440220 0.46477066
7613.80690345 0.46456990
7618.80940470 0.46436920
7623.81190595 0.46416854
7628.81440720 0.46396793
7633.81690845 0.46376737
7638.81940970 0.46356685
7643.82191096 0.46336638
7648.82441221 0.46316596
7653.82691346 0.46296559
7658.82941471 0.46276526
7663.83191596 0.46256498
7668.83441721 0.46236474
7673.83691846 0.46216456
7678.83941971 0.46196442
7683.84192096 0.46176432
7688.84442221 0.46156428
7693.84692346 0.46136428
7698.84942471 0.46116432
7703.85192596 0.46096442
7708.85442721 0.46076456
7713.85692846 0.46056474
7718.85942971 0.46036497
7723.86193097 0.46016525
7728.86443222 0.45996558
7733.86693347 0.45976595
7738.86943472 0.45956637
7743.87193597 0.45936683
7748.87443722 0.45916734
7753.87693847 0.45896790
7758.87943972 0.45876850
7763.88194097 0.45856915
7768.88444222 0.45836984
7773.88694347 0.45817058
7778.88944472 0.45797137
7783.89194597 0.45777220
7788.89444722 0.45757308
7793.89694847 0.45737400
7798.89944972 0.45717497
7803.90195098 0.45697599
7808.90445223 0.45677705
7813.90695348 0.45657815
7818.90945473 0.45637930
7823.91195598 0.45618050
7828.91445723 0.45598174
7833.91695848 0.45578303
7838.91945973 0.45558436
7843.92196098 0.45538574
7848.92446223 0.45518716
7853.92696348 0.45498863
7858.92946473 0.45479015
7863.93196598 0.45459170
7868.93446723 0.45439331
7873.93696848 0.45419496
7878.93946973 0.45399665
7883.94197099 0.45379839
7888.94447224 0.45360017
7893.94697349 0.45340200
7898.94947474 0.45320387
7903.95197599 0.45300579
7908.95447724 0.45280775
7913.95697849 0.45260976
7918.95947974 0.45241181
7923.96198099 0.45221391
7928.96448224 0.45201605
7933.96698349 0.45181823
7938.96948474 0.45162046
7943.97198599 0.45142274
7948.97448724 0.45122505
7953.97698849 0.45102742
7958.97948974 0.45082982
7963.98199100 0.45063227
7968.98449225 0.45043477
7973.98699350 0.45023731
7978.98949475 0.45003989
7983.99199600 0.44984252
7988.99449725 0.44964519
7993.99699850 0.44944791
7998.99949975 0.44925066
8004.00200100 0.44905347
8009.00450225 0.44885631
8014.00700350 0.44865920
8019.00950475 0.44846214
8024.01200600 0.44826512
8029.01450725 0.44806814
8034.01700850 0.44787120
8039.01950975 0.44767431
8044.02201101 0.44747746
8049.02451226 0.44728066
8054.02701351 0.44708390
8059.02951476 0.44688718
8064.03201601 0.44669050
8069.03451726 0.44649387
8074.03701851 0.44629729
8079.03951976 0.44610074
8084.04202101 0.44590424
8089.04452226 0.44570778
8094.04702351 0.44551137
8099.04952476 0.44531499
8104.05202601 0.44511866
8109.05452726 0.44492238
8114.05702851 0.44472613
8119.05952976 0.44452993
8124.06203102 0.44433377
8129.06453227 0.44413766
8134.06703352 0.44394159
8139.06953477 0.44374556
8144.07203602 0.44354957
8149.07453727 0.44335363
8154.07703852 0.44315772
8159.07953977 0.44296186
8164.08204102 0.44276605
8169.08454227 0.44257027
8174.08704352 0.44237454
8179.08954477 0.44217885
8184.09204602 0.44198320
8189.09454727 0.44178760
8194.09704852 0.44159204
8199.09954977 0.44139652
8204.10205103 0.44120104
8209.10455228 0.44100560
8214.10705353 0.44081021
8219.10955478 0.44061485
8224.11205603 0.44041954
8229.11455728 0.44022428
8234.11705853 0.44002905
8239.11955978 0.43983387
8244.12206103 0.43963872
8249.12456228 0.43944362
8254.12706353 0.43924856
8259.12956478 0.43905355
8264.13206603 0.43885857
8269.13456728 0.43866364
8274.13706853 0.43846874
8279.13956978 0.43827389
8284.14207104 0.43807908
8289.14457229 0.43788431
8294.14707354 0.43768959
8299.14957479 0.43749490
8304.15207604 0.43730026
8309.15457729 0.43710566
8314.15707854 0.43691110
8319.15957979 0.43671658
8324.16208104 0.43652210
8329.16458229 0.43632766
8334.16708354 0.43613326
8339.16958479 0.43593891
8344.17208604 0.43574459
8349.17458729 0.43555032
8354.17708854 0.43535609
8359.17958979 0.43516190
8364.18209105 0.43496775
8369.18459230 0.43477364
8374.18709355 0.43457957
8379.18959480 0.43438554
8384.19209605 0.43419155
8389.19459730 0.43399760
8394.19709855 0.43380370
8399.19959980 0.43360983
8404.20210105 0.43341601
8409.20460230 0.43322222
8414.20710355 0.43302848
8419.20960480 0.43283478
8424.21210605 0.43264111
8429.21460730 0.43244749
8434.21710855 0.43225391
8439.21960980 0.43206037
8444.22211106 0.43186687
8449.22461231 0.43167340
8454.22711356 0.43147998
8459.22961481 0.43128660
8464.23211606 0.43109326
8469.23461731 0.43089996
8474.23711856 0.43070670
8479.23961981 0.43051348
8484.24212106 0.43032030
8489.24462231 0.43012716
8494.24712356 0.42993406
8499.24962481 0.42974099
8504.25212606 0.42954797
8509.25462731 0.42935499
8514.25712856 0.42916205
8519.25962981 0.42896915
8524.26213107 0.42877628
8529.26463232 0.42858346
8534.26713357 0.42839068
8539.26963482 0.42819794
8544.27213607 0.42800523
8549.27463732 0.42781257
8554.27713857 0.42761994
8559.27963982 0.42742736
8564.28214107 0.42723481
8569.28464232 0.42704230
8574.28714357 0.42684983
8579.28964482 0.42665741
8584.29214607 0.42646502
8589.29464732 0.42627267
8594.29714857 0.42608036
8599.29964982 0.42588808
8604.30215108 0.42569585
8609.30465233 0.42550366
8614.30715358 0.42531150
8619.30965483 0.42511939
8624.31215608 0.42492731
8629.31465733 0.42473527
8634.31715858 0.42454327
8639.31965983 0.42435131
8644.32216108 0.42415939
8649.32466233 0.42396751
8654.32716358 0.42377567
8659.32966483 0.42358386
8664.33216608 0.42339209
8669.33466733 0.42320037
8674.33716858 0.42300868
8679.33966983 0.42281703
8684.34217109 0.42262541
8689.34467234 0.42243384
8694.34717359 0.42224231
8699.34967484 0.42205081
8704.35217609 0.42185935
8709.35467734 0.42166793
8714.35717859 0.42147655
8719.35967984 0.42128520
8724.36218109 0.42109390
8729.36468234 0.42090263
8734.36718359 0.42071140
8739.36968484 0.42052021
8744.37218609 0.42032906
8749.37468734 0.42013794
8754.37718859 0.41994687
8759.37968984 0.41975583
8764.38219110 0.41956483
8769.38469235 0.41937387
8774.38719360 0.41918294
8779.38969485 0.41899205
8784.39219610 0.41880120
8789.39469735 0.41861039
8794.39719860 0.41841962
8799.39969985 0.41822888
8804.40220110 0.41803818
8809.40470235 0.41784752
8814.40720360 0.41765690
8819.40970485 0.41746632
8824.41220610 0.41727577
8829.41470735 0.41708526
8834.41720860 0.41689478
8839.41970985 0.41670435
8844.42221111 0.41651395
8849.42471236 0.41632359
8854.42721361 0.41613327
8859.42971486 0.41594298
8864.43221611 0.41575273
8869.43471736 0.41556252
8874.43721861 0.41537235
8879.43971986 0.41518221
8884.44222111 0.41499211
8889.44472236 0.41480204
8894.44722361 0.41461202
8899.44972486 0.41442203
8904.45222611 0.41423208
8909.45472736 0.41404216
8914.45722861 0.41385229
8919.45972986 0.41366244
8924.46223112 0.41347264
8929.46473237 0.41328287
8934.46723362 0.41309314
8939.46973487 0.41290345
8944.47223612 0.41271379
8949.47473737 0.41252417
8954.47723862 0.41233459
8959.47973987 0.41214504
8964.48224112 0.41195553
8969.48474237 0.41176606
8974.48724362 0.41157662
8979.48974487 0.41138722
8984.49224612 0.41119786
8989.49474737 0.41100853
8994.49724862 0.41081924
8999.49974987 0.41062998
9004.50225113 0.41044076
9009.50475238 0.41025158
9014.50725363 0.41006243
9019.50975488 0.40987332
9024.51225613 0.40968425
9029.51475738 0.40949521
9034.51725863 0.40930621
9039.51975988 0.40911725
9044.52226113 0.40892832
9049.52476238 0.40873943
9054.52726363 0.40855057
9059.52976488 0.40836175
9064.53226613 0.40817296
9069.53476738 0.40798422
9074.53726863 0.40779550
9079.53976988 0.40760682
9084.54227114 0.40741818
9089.54477239 0.40722958
9094.54727364 0.40704101
9099.54977489 0.40685247
9104.55227614 0.40666398
9109.55477739 0.40647551
9114.55727864 0.40628709
9119.55977989 0.40609870
9124.56228114 0.40591034
9129.56478239 0.40572202
9134.56728364 0.40553374
9139.56978489 0.40534549
9144.57228614 0.40515727
9149.57478739 0.40496909
9154.57728864 0.40478095
9159.57978989 0.40459284
9164.58229115 0.40440477
9169.58479240 0.40421674
9174.58729365 0.40402873
9179.58979490 0.40384077
9184.59229615 0.40365284
9189.59479740 0.40346494
9194.59729865 0.40327708
9199.59979990 0.40308926
9204.60230115 0.40290147
9209.60480240 0.40271371
9214.60730365 0.40252599
9219.60980490 0.40233830
9224.61230615 0.40215065
9229.61480740 0.40196304
9234.61730865 0.40177546
9239.61980990 0.40158791
9244.62231116 0.40140040
9249.62481241 0.40121293
9254.62731366 0.40102549
9259.62981491 0.40083808
9264.63231616 0.40065071
9269.63481741 0.40046337
9274.63731866 0.40027607
9279.63981991 0.40008880
9284.64232116 0.39990157
9289.64482241 0.39971437
9294.64732366 0.39952721
9299.64982491 0.39934008
9304.65232616 0.39915298
9309.65482741 0.39896592
9314.65732866 0.39877890
9319.65982991 0.39859191
9324.66233117 0.39840495
9329.66483242 0.39821803
9334.66733367 0.39803114
9339.66983492 0.39784428
9344.67233617 0.39765746
9349.67483742 0.39747068
9354.67733867 0.39728393
9359.67983992 0.39709721
9364.68234117 0.39691053
9369.68484242 0.39672388
9374.68734367 0.39653726
9379.68984492 0.39635068
9384.69234617 0.39616413
9389.69484742 0.39597762
9394.69734867 0.39579114
9399.69984992 0.39560470
9404.70235118 0.39541829
9409.70485243 0.39523191
9414.70735368 0.39504557
9419.70985493 0.39485926
9424.71235618 0.39467298
9429.71485743 0.39448674
9434.71735868 0.39430053
9439.71985993 0.39411436
9444.72236118 0.39392822
9449.72486243 0.39374211
9454.72736368 0.39355604
9459.72986493 0.39337000
9464.73236618 0.39318399
9469.73486743 0.39299802
9474.73736868 0.39281208
9479.73986993 0.39262617
9484.74237119 0.39244030
9489.74487244 0.39225446
9494.74737369 0.39206866
9499.74987494 0.39188288
9504.75237619 0.39169715
9509.75487744 0.39151144
9514.75737869 0.39132577
9519.75987994 0.39114013
9524.76238119 0.39095452
9529.76488244 0.39076895
9534.76738369 0.39058341
9539.76988494 0.39039791
9544.77238619 0.39021243
9549.77488744 0.39002699
9554.77738869 0.38984159
9559.77988994 0.38965621
9564.78239120 0.38947087
9569.78489245 0.38928556
9574.78739370 0.38910029
9579.78989495 0.38891505
9584.79239620 0.38872984
9589.79489745 0.38854466
9594.79739870 0.38835952
9599.79989995 0.38817441
9604.80240120 0.38798933
9609.80490245 0.38780428
9614.80740370 0.38761927
9619.80990495 0.38743429
9624.81240620 0.38724935
9629.81490745 0.38706443
9634.81740870 0.38687955
9639.81990995 0.38669470
9644.82241121 0.38650988
9649.82491246 0.38632510
9654.82741371 0.38614035
9659.82991496 0.38595563
9664.83241621 0.38577094
9669.83491746 0.38558629
9674.83741871 0.38540167
9679.83991996 0.38521708
9684.84242121 0.38503252
9689.84492246 0.38484800
9694.84742371 0.38466350
9699.84992496 0.38447904
9704.85242621 0.38429462
9709.85492746 0.38411022
9714.85742871 0.38392586
9719.85992996 0.38374153
9724.86243122 0.38355723
9729.86493247 0.38337296
9734.86743372 0.38318873
9739.86993497 0.38300452
9744.87243622 0.38282035
9749.87493747 0.38263621
9754.87743872 0.38245211
9759.87993997 0.38226803
9764.88244122 0.38208399
9769.88494247 0.38189998
9774.88744372 0.38171600
9779.88994497 0.38153205
9784.89244622 0.38134814
9789.89494747 0.38116425
9794.89744872 0.38098040
9799.89994997 0.38079658
9804.90245123 0.38061279
9809.90495248 0.38042904
9814.90745373 0.38024531
9819.90995498 0.38006162
9824.91245623 0.37987796
9829.91495748 0.37969433
9834.91745873 0.37951073
9839.91995998 0.37932716
9844.92246123 0.37914362
9849.92496248 0.37896012
9854.92746373 0.37877665
9859.92996498 0.37859321
9864.93246623 0.37840980
9869.93496748 0.37822642
9874.93746873 0.37804307
9879.93996998 0.37785975
9884.94247124 0.37767647
9889.94497249 0.37749322
9894.94747374 0.37731000
9899.94997499 0.37712680
9904.95247624 0.37694364
9909.95497749 0.37676052
9914.95747874 0.37657742
9919.95997999 0.37639435
9924.96248124 0.37621132
9929.96498249 0.37602831
9934.96748374 0.37584534
9939.96998499 0.37566240
9944.97248624 0.37547949
9949.97498749 0.37529661
9954.97748874 0.37511376
9959.97998999 0.37493094
9964.98249125 0.37474816
9969.98499250 0.37456540
9974.98749375 0.37438267
9979.98999500 0.37419998
9984.99249625 0.37401732
9989.99499750 0.37383468
9994.99749875 0.37365208
10000.00000000 0.37346951
