0.00000000 1.00000000
5.00250125 0.99055877
10.00500250 0.98666385
15.00750375 0.98368141
20.01000500 0.98117130
25.01250625 0.97896303
30.01500750 0.97696917
35.01750875 0.97513776
40.02001001 0.97343498
45.02251126 0.97183730
50.02501251 0.97032763
55.02751376 0.96889302
60.03001501 0.96752346
65.03251626 0.96621096
70.03501751 0.96494903
75.03751876 0.96373236
80.04002001 0.96255648
85.04252126 0.96141762
90.04502251 0.96031256
95.04752376 0.95923852
100.05002501 0.95819307
105.05252626 0.95717410
110.05502751 0.95617974
115.05752876 0.95520832
120.06003002 0.95425837
125.06253127 0.95332855
130.06503252 0.95241767
135.06753377 0.95152465
140.07003502 0.95064850
145.07253627 0.94978833
150.07503752 0.94894331
155.07753877 0.94811269
160.08004002 0.94729579
165.08254127 0.94649196
170.08504252 0.94570062
175.08754377 0.94492121
180.09004502 0.94415323
185.09254627 0.94339620
190.09504752 0.94264969
195.09754877 0.94191328
200.10005003 0.94118659
205.10255128 0.94046925
210.10505253 0.93976092
215.10755378 0.93906128
220.11005503 0.93837003
225.11255628 0.93768689
230.11505753 0.93701159
235.11755878 0.93634387
240.12006003 0.93568349
245.12256128 0.93503023
250.12506253 0.93438386
255.12756378 0.93374418
260.13006503 0.93311100
265.13256628 0.93248413
270.13506753 0.93186339
275.13756878 0.93124860
280.14007004 0.93063962
285.14257129 0.93003628
290.14507254 0.92943844
295.14757379 0.92884595
300.15007504 0.92825868
305.15257629 0.92767650
310.15507754 0.92709928
315.15757879 0.92652691
320.16008004 0.92595927
325.16258129 0.92539625
330.16508254 0.92483774
335.16758379 0.92428364
340.17008504 0.92373385
345.17258629 0.92318828
350.17508754 0.92264683
355.17758879 0.92210943
360.18009005 0.92157597
365.18259130 0.92104639
370.18509255 0.92052060
375.18759380 0.91999852
380.19009505 0.91948008
385.19259630 0.91896521
390.19509755 0.91845384
395.19759880 0.91794591
400.20010005 0.91744134
405.20260130 0.91694007
410.20510255 0.91644205
415.20760380 0.91594721
420.21010505 0.91545550
425.21260630 0.91496686
430.21510755 0.91448123
435.21760880 0.91399857
440.22011006 0.91351883
445.22261131 0.91304194
450.22511256 0.91256788
455.22761381 0.91209658
460.23011506 0.91162800
465.23261631 0.91116210
470.23511756 0.91069884
475.23761881 0.91023818
480.24012006 0.90978006
485.24262131 0.90932446
490.24512256 0.90887133
495.24762381 0.90842064
500.25012506 0.90797235
505.25262631 0.90752642
510.25512756 0.90708282
515.25762881 0.90664152
520.26013007 0.90620248
525.26263132 0.90576566
530.26513257 0.90533104
535.26763382 0.90489859
540.27013507 0.90446827
545.27263632 0.90404006
550.27513757 0.90361392
555.27763882 0.90318983
560.28014007 0.90276777
565.28264132 0.90234770
570.28514257 0.90192959
575.28764382 0.90151343
580.29014507 0.90109918
585.29264632 0.90068682
590.29514757 0.90027633
595.29764882 0.89986769
600.30015008 0.89946086
605.30265133 0.89905583
610.30515258 0.89865258
615.30765383 0.89825108
620.31015508 0.89785131
625.31265633 0.89745326
630.31515758 0.89705689
635.31765883 0.89666220
640.32016008 0.89626915
645.32266133 0.89587774
650.32516258 0.89548794
655.32766383 0.89509973
660.33016508 0.89471310
665.33266633 0.89432803
670.33516758 0.89394450
675.33766883 0.89356249
680.34017009 0.89318198
685.34267134 0.89280297
690.34517259 0.89242543
695.34767384 0.89204935
700.35017509 0.89167470
705.35267634 0.89130149
710.35517759 0.89092968
715.35767884 0.89055927
720.36018009 0.89019024
725.36268134 0.88982258
730.36518259 0.88945627
735.36768384 0.88909130
740.37018509 0.88872766
745.37268634 0.88836533
750.37518759 0.88800429
755.37768884 0.88764454
760.38019010 0.88728607
765.38269135 0.88692885
770.38519260 0.88657289
775.38769385 0.88621815
780.39019510 0.88586465
785.39269635 0.88551235
790.39519760 0.88516125
795.39769885 0.88481135
800.40020010 0.88446262
805.40270135 0.88411506
810.40520260 0.88376865
815.40770385 0.88342339
820.41020510 0.88307927
825.41270635 0.88273627
830.41520760 0.88239438
835.41770885 0.88205360
840.42021011 0.88171391
845.42271136 0.88137530
850.42521261 0.88103777
855.42771386 0.88070131
860.43021511 0.88036590
865.43271636 0.88003154
870.43521761 0.87969821
875.43771886 0.87936592
880.44022011 0.87903464
885.44272136 0.87870438
890.44522261 0.87837512
895.44772386 0.87804685
900.45022511 0.87771956
905.45272636 0.87739326
910.45522761 0.87706793
915.45772886 0.87674355
920.46023012 0.87642013
925.46273137 0.87609766
930.46523262 0.87577612
935.46773387 0.87545552
940.47023512 0.87513583
945.47273637 0.87481707
950.47523762 0.87449921
955.47773887 0.87418225
960.48024012 0.87386619
965.48274137 0.87355101
970.48524262 0.87323672
975.48774387 0.87292330
980.49024512 0.87261074
985.49274637 0.87229905
990.49524762 0.87198821
995.49774887 0.87167821
1000.50025013 0.87136906
1005.50275138 0.87106074
1010.50525263 0.87075325
1015.50775388 0.87044658
1020.51025513 0.87014073
1025.51275638 0.86983568
1030.51525763 0.86953145
1035.51775888 0.86922801
1040.52026013 0.86892536
1045.52276138 0.86862350
1050.52526263 0.86832242
1055.52776388 0.86802211
1060.53026513 0.86772258
1065.53276638 0.86742380
1070.53526763 0.86712579
1075.53776888 0.86682854
1080.54027014 0.86653203
1085.54277139 0.86623626
1090.54527264 0.86594123
1095.54777389 0.86564694
1100.55027514 0.86535337
1105.55277639 0.86506053
1110.55527764 0.86476840
1115.55777889 0.86447699
1120.56028014 0.86418628
1125.56278139 0.86389628
1130.56528264 0.86360698
1135.56778389 0.86331838
1140.57028514 0.86303046
1145.57278639 0.86274323
1150.57528764 0.86245668
1155.57778889 0.86217080
1160.58029015 0.86188560
1165.58279140 0.86160107
1170.58529265 0.86131719
1175.58779390 0.86103398
1180.59029515 0.86075142
1185.59279640 0.86046952
1190.59529765 0.86018826
1195.59779890 0.85990764
1200.60030015 0.85962766
1205.60280140 0.85934831
1210.60530265 0.85906960
1215.60780390 0.85879151
1220.61030515 0.85851404
1225.61280640 0.85823720
1230.61530765 0.85796096
1235.61780890 0.85768534
1240.62031016 0.85741033
1245.62281141 0.85713592
1250.62531266 0.85686211
1255.62781391 0.85658890
1260.63031516 0.85631628
1265.63281641 0.85604425
1270.63531766 0.85577281
1275.63781891 0.85550195
1280.64032016 0.85523166
1285.64282141 0.85496196
1290.64532266 0.85469282
1295.64782391 0.85442426
1300.65032516 0.85415626
1305.65282641 0.85388882
1310.65532766 0.85362195
1315.65782891 0.85335562
1320.66033017 0.85308986
1325.66283142 0.85282464
1330.66533267 0.85255996
1335.66783392 0.85229584
1340.67033517 0.85203225
1345.67283642 0.85176920
1350.67533767 0.85150668
1355.67783892 0.85124469
1360.68034017 0.85098324
1365.68284142 0.85072231
1370.68534267 0.85046190
1375.68784392 0.85020201
1380.69034517 0.84994264
1385.69284642 0.84968378
1390.69534767 0.84942544
1395.69784892 0.84916760
1400.70035018 0.84891027
1405.70285143 0.84865344
1410.70535268 0.84839711
1415.70785393 0.84814128
1420.71035518 0.84788595
1425.71285643 0.84763110
1430.71535768 0.84737675
1435.71785893 0.84712289
1440.72036018 0.84686951
1445.72286143 0.84661661
1450.72536268 0.84636419
1455.72786393 0.84611225
1460.73036518 0.84586078
1465.73286643 0.84560979
1470.73536768 0.84535926
1475.73786893 0.84510921
1480.74037019 0.84485962
1485.74287144 0.84461049
1490.74537269 0.84436182
1495.74787394 0.84411361
1500.75037519 0.84386586
1505.75287644 0.84361856
1510.75537769 0.84337171
1515.75787894 0.84312531
1520.76038019 0.84287936
1525.76288144 0.84263385
1530.76538269 0.84238878
1535.76788394 0.84214416
1540.77038519 0.84189997
1545.77288644 0.84165622
1550.77538769 0.84141290
1555.77788894 0.84117001
1560.78039020 0.84092756
1565.78289145 0.84068553
1570.78539270 0.84044392
1575.78789395 0.84020274
1580.79039520 0.83996198
1585.79289645 0.83972164
1590.79539770 0.83948172
1595.79789895 0.83924222
1600.80040020 0.83900312
1605.80290145 0.83876444
1610.80540270 0.83852617
1615.80790395 0.83828831
1620.81040520 0.83805085
1625.81290645 0.83781380
1630.81540770 0.83757715
1635.81790895 0.83734089
1640.82041021 0.83710504
1645.82291146 0.83686958
1650.82541271 0.83663452
1655.82791396 0.83639985
1660.83041521 0.83616558
1665.83291646 0.83593169
1670.83541771 0.83569819
1675.83791896 0.83546507
1680.84042021 0.83523234
1685.84292146 0.83500000
1690.84542271 0.83476803
1695.84792396 0.83453644
1700.85042521 0.83430523
1705.85292646 0.83407439
1710.85542771 0.83384393
1715.85792896 0.83361384
1720.86043022 0.83338413
1725.86293147 0.83315478
1730.86543272 0.83292580
1735.86793397 0.83269718
1740.87043522 0.83246893
1745.87293647 0.83224104
1750.87543772 0.83201352
1755.87793897 0.83178635
1760.88044022 0.83155954
1765.88294147 0.83133309
1770.88544272 0.83110699
1775.88794397 0.83088125
1780.89044522 0.83065585
1785.89294647 0.83043081
1790.89544772 0.83020612
1795.89794897 0.82998178
1800.90045023 0.82975778
1805.90295148 0.82953413
1810.90545273 0.82931082
1815.90795398 0.82908785
1820.91045523 0.82886522
1825.91295648 0.82864293
1830.91545773 0.82842098
1835.91795898 0.82819937
1840.92046023 0.82797809
1845.92296148 0.82775714
1850.92546273 0.82753653
1855.92796398 0.82731624
1860.93046523 0.82709629
1865.93296648 0.82687666
1870.93546773 0.82665736
1875.93796898 0.82643839
1880.94047024 0.82621974
1885.94297149 0.82600141
1890.94547274 0.82578341
1895.94797399 0.82556572
1900.95047524 0.82534836
1905.95297649 0.82513131
1910.95547774 0.82491458
1915.95797899 0.82469817
1920.96048024 0.82448206
1925.96298149 0.82426627
1930.96548274 0.82405080
1935.96798399 0.82383563
1940.97048524 0.82362077
1945.97298649 0.82340622
1950.97548774 0.82319198
1955.97798899 0.82297804
1960.98049025 0.82276441
1965.98299150 0.82255108
1970.98549275 0.82233805
1975.98799400 0.82212533
1980.99049525 0.82191290
1985.99299650 0.82170077
1990.99549775 0.82148894
1995.99799900 0.82127741
2001.00050025 0.82106617
2006.00300150 0.82085522
2011.00550275 0.82064457
2016.00800400 0.82043421
2021.01050525 0.82022414
2026.01300650 0.82001437
2031.01550775 0.81980488
2036.01800900 0.81959567
2041.02051026 0.81938676
2046.02301151 0.81917813
2051.02551276 0.81896978
2056.02801401 0.81876172
2061.03051526 0.81855394
2066.03301651 0.81834644
2071.03551776 0.81813922
2076.03801901 0.81793228
2081.04052026 0.81772562
2086.04302151 0.81751924
2091.04552276 0.81731313
2096.04802401 0.81710730
2101.05052526 0.81690174
2106.05302651 0.81669646
2111.05552776 0.81649145
2116.05802901 0.81628671
2121.06053027 0.81608224
2126.06303152 0.81587804
2131.06553277 0.81567410
2136.06803402 0.81547044
2141.07053527 0.81526704
2146.07303652 0.81506391
2151.07553777 0.81486104
2156.07803902 0.81465844
2161.08054027 0.81445610
2166.08304152 0.81425402
2171.08554277 0.81405220
2176.08804402 0.81385065
2181.09054527 0.81364935
2186.09304652 0.81344831
2191.09554777 0.81324753
2196.09804902 0.81304700
2201.10055028 0.81284673
2206.10305153 0.81264672
2211.10555278 0.81244695
2216.10805403 0.81224745
2221.11055528 0.81204819
2226.11305653 0.81184919
2231.11555778 0.81165043
2236.11805903 0.81145193
2241.12056028 0.81125367
2246.12306153 0.81105567
2251.12556278 0.81085791
2256.12806403 0.81066039
2261.13056528 0.81046313
2266.13306653 0.81026610
2271.13556778 0.81006932
2276.13806903 0.80987279
2281.14057029 0.80967649
2286.14307154 0.80948044
2291.14557279 0.80928463
2296.14807404 0.80908906
2301.15057529 0.80889372
2306.15307654 0.80869863
2311.15557779 0.80850377
2316.15807904 0.80830915
2321.16058029 0.80811477
2326.16308154 0.80792062
2331.16558279 0.80772671
2336.16808404 0.80753303
2341.17058529 0.80733958
2346.17308654 0.80714636
2351.17558779 0.80695338
2356.17808904 0.80676063
2361.18059030 0.80656810
2366.18309155 0.80637581
2371.18559280 0.80618374
2376.18809405 0.80599191
2381.19059530 0.80580030
2386.19309655 0.80560891
2391.19559780 0.80541775
2396.19809905 0.80522682
2401.20060030 0.80503611
2406.20310155 0.80484563
2411.20560280 0.80465536
2416.20810405 0.80446532
2421.21060530 0.80427550
2426.21310655 0.80408591
2431.21560780 0.80389653
2436.21810905 0.80370737
2441.22061031 0.80351843
2446.22311156 0.80332971
2451.22561281 0.80314120
2456.22811406 0.80295291
2461.23061531 0.80276484
2466.23311656 0.80257699
2471.23561781 0.80238934
2476.23811906 0.80220192
2481.24062031 0.80201470
2486.24312156 0.80182770
2491.24562281 0.80164091
2496.24812406 0.80145433
2501.25062531 0.80126797
2506.25312656 0.80108181
2511.25562781 0.80089586
2516.25812906 0.80071012
2521.26063032 0.80052459
2526.26313157 0.80033927
2531.26563282 0.80015415
2536.26813407 0.79996925
2541.27063532 0.79978454
2546.27313657 0.79960004
2551.27563782 0.79941575
2556.27813907 0.79923166
2561.28064032 0.79904778
2566.28314157 0.79886409
2571.28564282 0.79868061
2576.28814407 0.79849733
2581.29064532 0.79831426
2586.29314657 0.79813138
2591.29564782 0.79794870
2596.29814907 0.79776622
2601.30065033 0.79758394
2606.30315158 0.79740186
2611.30565283 0.79721998
2616.30815408 0.79703829
2621.31065533 0.79685680
2626.31315658 0.79667551
2631.31565783 0.79649441
2636.31815908 0.79631350
2641.32066033 0.79613279
2646.32316158 0.79595227
2651.32566283 0.79577195
2656.32816408 0.79559182
2661.33066533 0.79541188
2666.33316658 0.79523213
2671.33566783 0.79505258
2676.33816908 0.79487321
2681.34067034 0.79469403
2686.34317159 0.79451505
2691.34567284 0.79433625
2696.34817409 0.79415764
2701.35067534 0.79397921
2706.35317659 0.79380098
2711.35567784 0.79362293
2716.35817909 0.79344507
2721.36068034 0.79326739
2726.36318159 0.79308990
2731.36568284 0.79291259
2736.36818409 0.79273547
2741.37068534 0.79255853
2746.37318659 0.79238177
2751.37568784 0.79220520
2756.37818909 0.79202881
2761.38069035 0.79185260
2766.38319160 0.79167657
2771.38569285 0.79150072
2776.38819410 0.79132505
2781.39069535 0.79114956
2786.39319660 0.79097425
2791.39569785 0.79079912
2796.39819910 0.79062417
2801.40070035 0.79044939
2806.40320160 0.79027479
2811.40570285 0.79010037
2816.40820410 0.78992613
2821.41070535 0.78975206
2826.41320660 0.78957816
2831.41570785 0.78940444
2836.41820910 0.78923090
2841.42071036 0.78905753
2846.42321161 0.78888433
2851.42571286 0.78871131
2856.42821411 0.78853846
2861.43071536 0.78836578
2866.43321661 0.78819327
2871.43571786 0.78802093
2876.43821911 0.78784876
2881.44072036 0.78767677
2886.44322161 0.78750494
2891.44572286 0.78733328
2896.44822411 0.78716180
2901.45072536 0.78699048
2906.45322661 0.78681933
2911.45572786 0.78664834
2916.45822911 0.78647753
2921.46073037 0.78630688
2926.46323162 0.78613639
2931.46573287 0.78596607
2936.46823412 0.78579592
2941.47073537 0.78562594
2946.47323662 0.78545611
2951.47573787 0.78528646
2956.47823912 0.78511696
2961.48074037 0.78494763
2966.48324162 0.78477846
2971.48574287 0.78460946
2976.48824412 0.78444061
2981.49074537 0.78427193
2986.49324662 0.78410341
2991.49574787 0.78393505
2996.49824912 0.78376685
3001.50075038 0.78359881
3006.50325163 0.78343093
3011.50575288 0.78326321
3016.50825413 0.78309565
3021.51075538 0.78292825
3026.51325663 0.78276101
3031.51575788 0.78259392
3036.51825913 0.78242699
3041.52076038 0.78226022
3046.52326163 0.78209360
3051.52576288 0.78192714
3056.52826413 0.78176084
3061.53076538 0.78159469
3066.53326663 0.78142870
3071.53576788 0.78126286
3076.53826913 0.78109717
3081.54077039 0.78093164
3086.54327164 0.78076626
3091.54577289 0.78060104
3096.54827414 0.78043597
3101.55077539 0.78027105
3106.55327664 0.78010628
3111.55577789 0.77994167
3116.55827914 0.77977720
3121.56078039 0.77961289
3126.56328164 0.77944872
3131.56578289 0.77928471
3136.56828414 0.77912085
3141.57078539 0.77895714
3146.57328664 0.77879357
3151.57578789 0.77863015
3156.57828914 0.77846689
3161.58079040 0.77830377
3166.58329165 0.77814080
3171.58579290 0.77797797
3176.58829415 0.77781529
3181.59079540 0.77765276
3186.59329665 0.77749038
3191.59579790 0.77732814
3196.59829915 0.77716605
3201.60080040 0.77700410
3206.60330165 0.77684229
3211.60580290 0.77668064
3216.60830415 0.77651912
3221.61080540 0.77635775
3226.61330665 0.77619652
3231.61580790 0.77603544
3236.61830915 0.77587450
3241.62081041 0.77571370
3246.62331166 0.77555304
3251.62581291 0.77539253
3256.62831416 0.77523216
3261.63081541 0.77507192
3266.63331666 0.77491183
3271.63581791 0.77475188
3276.63831916 0.77459207
3281.64082041 0.77443240
3286.64332166 0.77427287
3291.64582291 0.77411348
3296.64832416 0.77395423
3301.65082541 0.77379511
3306.65332666 0.77363614
3311.65582791 0.77347730
3316.65832916 0.77331860
3321.66083042 0.77316004
3326.66333167 0.77300161
3331.66583292 0.77284332
3336.66833417 0.77268517
3341.67083542 0.77252716
3346.67333667 0.77236928
3351.67583792 0.77221153
3356.67833917 0.77205392
3361.68084042 0.77189645
3366.68334167 0.77173911
3371.68584292 0.77158190
3376.68834417 0.77142483
3381.69084542 0.77126789
3386.69334667 0.77111109
3391.69584792 0.77095441
3396.69834917 0.77079788
3401.70085043 0.77064147
3406.70335168 0.77048519
3411.70585293 0.77032905
3416.70835418 0.77017304
3421.71085543 0.77001716
3426.71335668 0.76986141
3431.71585793 0.76970580
3436.71835918 0.76955031
3441.72086043 0.76939495
3446.72336168 0.76923973
3451.72586293 0.76908463
3456.72836418 0.76892966
3461.73086543 0.76877482
3466.73336668 0.76862011
3471.73586793 0.76846553
3476.73836918 0.76831108
3481.74087044 0.76815675
3486.74337169 0.76800255
3491.74587294 0.76784848
3496.74837419 0.76769454
3501.75087544 0.76754072
3506.75337669 0.76738703
3511.75587794 0.76723347
3516.75837919 0.76708003
3521.76088044 0.76692672
3526.76338169 0.76677353
3531.76588294 0.76662047
3536.76838419 0.76646753
3541.77088544 0.76631472
3546.77338669 0.76616203
3551.77588794 0.76600947
3556.77838919 0.76585703
3561.78089045 0.76570472
3566.78339170 0.76555252
3571.78589295 0.76540045
3576.78839420 0.76524851
3581.79089545 0.76509668
3586.79339670 0.76494498
3591.79589795 0.76479340
3596.79839920 0.76464194
3601.80090045 0.76449061
3606.80340170 0.76433939
3611.80590295 0.76418830
3616.80840420 0.76403733
3621.81090545 0.76388647
3626.81340670 0.76373574
3631.81590795 0.76358513
3636.81840920 0.76343464
3641.82091046 0.76328426
3646.82341171 0.76313401
3651.82591296 0.76298387
3656.82841421 0.76283386
3661.83091546 0.76268396
3666.83341671 0.76253418
3671.83591796 0.76238452
3676.83841921 0.76223498
3681.84092046 0.76208555
3686.84342171 0.76193624
3691.84592296 0.76178705
3696.84842421 0.76163798
3701.85092546 0.76148902
3706.85342671 0.76134018
3711.85592796 0.76119145
3716.85842921 0.76104284
3721.86093047 0.76089435
3726.86343172 0.76074597
3731.86593297 0.76059771
3736.86843422 0.76044956
3741.87093547 0.76030153
3746.87343672 0.76015361
3751.87593797 0.76000580
3756.87843922 0.75985811
3761.88094047 0.75971053
3766.88344172 0.75956307
3771.88594297 0.75941572
3776.88844422 0.75926848
3781.89094547 0.75912136
3786.89344672 0.75897435
3791.89594797 0.75882745
3796.89844922 0.75868066
3801.90095048 0.75853399
3806.90345173 0.75838743
3811.90595298 0.75824097
3816.90845423 0.75809463
3821.91095548 0.75794841
3826.91345673 0.75780229
3831.91595798 0.75765628
3836.91845923 0.75751038
3841.92096048 0.75736460
3846.92346173 0.75721892
3851.92596298 0.75707335
3856.92846423 0.75692790
3861.93096548 0.75678255
3866.93346673 0.75663731
3871.93596798 0.75649218
3876.93846923 0.75634716
3881.94097049 0.75620225
3886.94347174 0.75605744
3891.94597299 0.75591275
3896.94847424 0.75576816
3901.95097549 0.75562368
3906.95347674 0.75547930
3911.95597799 0.75533504
3916.95847924 0.75519088
3921.96098049 0.75504683
3926.96348174 0.75490288
3931.96598299 0.75475904
3936.96848424 0.75461531
3941.97098549 0.75447169
3946.97348674 0.75432816
3951.97598799 0.75418475
3956.97848924 0.75404144
3961.98099050 0.75389824
3966.98349175 0.75375514
3971.98599300 0.75361214
3976.98849425 0.75346925
3981.99099550 0.75332647
3986.99349675 0.75318378
3991.99599800 0.75304121
3996.99849925 0.75289873
4002.00100050 0.75275636
4007.00350175 0.75261410
4012.00600300 0.75247193
4017.00850425 0.75232987
4022.01100550 0.75218792
4027.01350675 0.75204606
4032.01600800 0.75190431
4037.01850925 0.75176266
4042.02101051 0.75162111
4047.02351176 0.75147967
4052.02601301 0.75133832
4057.02851426 0.75119708
4062.03101551 0.75105594
4067.03351676 0.75091490
4072.03601801 0.75077396
4077.03851926 0.75063312
4082.04102051 0.75049238
4087.04352176 0.75035175
4092.04602301 0.75021121
4097.04852426 0.75007077
4102.05102551 0.74993044
4107.05352676 0.74979020
4112.05602801 0.74965006
4117.05852926 0.74951002
4122.06103052 0.74937008
4127.06353177 0.74923024
4132.06603302 0.74909050
4137.06853427 0.74895085
4142.07103552 0.74881131
4147.07353677 0.74867186
4152.07603802 0.74853251
4157.07853927 0.74839326
4162.08104052 0.74825411
4167.08354177 0.74811505
4172.08604302 0.74797609
4177.08854427 0.74783723
4182.09104552 0.74769847
4187.09354677 0.74755980
4192.09604802 0.74742123
4197.09854927 0.74728275
4202.10105053 0.74714438
4207.10355178 0.74700609
4212.10605303 0.74686791
4217.10855428 0.74672982
4222.11105553 0.74659182
4227.11355678 0.74645392
4232.11605803 0.74631612
4237.11855928 0.74617841
4242.12106053 0.74604079
4247.12356178 0.74590327
4252.12606303 0.74576585
4257.12856428 0.74562852
4262.13106553 0.74549128
4267.13356678 0.74535414
4272.13606803 0.74521709
4277.13856928 0.74508013
4282.14107054 0.74494327
4287.14357179 0.74480650
4292.14607304 0.74466983
4297.14857429 0.74453325
4302.15107554 0.74439676
4307.15357679 0.74426036
4312.15607804 0.74412406
4317.15857929 0.74398785
4322.16108054 0.74385173
4327.16358179 0.74371570
4332.16608304 0.74357977
4337.16858429 0.74344392
4342.17108554 0.74330817
4347.17358679 0.74317251
4352.17608804 0.74303694
4357.17858929 0.74290147
4362.18109055 0.74276608
4367.18359180 0.74263078
4372.18609305 0.74249558
4377.18859430 0.74236046
4382.19109555 0.74222544
4387.19359680 0.74209050
4392.19609805 0.74195566
4397.19859930 0.74182091
4402.20110055 0.74168624
4407.20360180 0.74155167
4412.20610305 0.74141718
4417.20860430 0.74128278
4422.21110555 0.74114848
4427.21360680 0.74101426
4432.21610805 0.74088013
4437.21860930 0.74074609
4442.22111056 0.74061214
4447.22361181 0.74047827
4452.22611306 0.74034450
4457.22861431 0.74021081
4462.23111556 0.74007721
4467.23361681 0.73994370
4472.23611806 0.73981027
4477.23861931 0.73967693
4482.24112056 0.73954369
4487.24362181 0.73941052
4492.24612306 0.73927745
4497.24862431 0.73914446
4502.25112556 0.73901156
4507.25362681 0.73887874
4512.25612806 0.73874601
4517.25862931 0.73861337
4522.26113057 0.73848081
4527.26363182 0.73834834
4532.26613307 0.73821596
4537.26863432 0.73808366
4542.27113557 0.73795144
4547.27363682 0.73781932
4552.27613807 0.73768727
4557.27863932 0.73755532
4562.28114057 0.73742344
4567.28364182 0.73729166
4572.28614307 0.73715995
4577.28864432 0.73702833
4582.29114557 0.73689680
4587.29364682 0.73676535
4592.29614807 0.73663398
4597.29864932 0.73650270
4602.30115058 0.73637151
4607.30365183 0.73624039
4612.30615308 0.73610936
4617.30865433 0.73597841
4622.31115558 0.73584755
4627.31365683 0.73571677
4632.31615808 0.73558607
4637.31865933 0.73545546
4642.32116058 0.73532493
4647.32366183 0.73519448
4652.32616308 0.73506411
4657.32866433 0.73493383
4662.33116558 0.73480363
4667.33366683 0.73467351
4672.33616808 0.73454347
4677.33866933 0.73441351
4682.34117059 0.73428364
4687.34367184 0.73415385
4692.34617309 0.73402414
4697.34867434 0.73389451
4702.35117559 0.73376496
4707.35367684 0.73363549
4712.35617809 0.73350610
4717.35867934 0.73337680
4722.36118059 0.73324757
4727.36368184 0.73311843
4732.36618309 0.73298936
4737.36868434 0.73286038
4742.37118559 0.73273148
4747.37368684 0.73260265
4752.37618809 0.73247391
4757.37868934 0.73234524
4762.38119060 0.73221666
4767.38369185 0.73208816
4772.38619310 0.73195973
4777.38869435 0.73183138
4782.39119560 0.73170312
4787.39369685 0.73157493
4792.39619810 0.73144682
4797.39869935 0.73131879
4802.40120060 0.73119084
4807.40370185 0.73106297
4812.40620310 0.73093517
4817.40870435 0.73080745
4822.41120560 0.73067982
4827.41370685 0.73055226
4832.41620810 0.73042477
4837.41870935 0.73029737
4842.42121061 0.73017004
4847.42371186 0.73004279
4852.42621311 0.72991562
4857.42871436 0.72978853
4862.43121561 0.72966151
4867.43371686 0.72953457
4872.43621811 0.72940770
4877.43871936 0.72928092
4882.44122061 0.72915421
4887.44372186 0.72902757
4892.44622311 0.72890102
4897.44872436 0.72877454
4902.45122561 0.72864813
4907.45372686 0.72852181
4912.45622811 0.72839555
4917.45872936 0.72826938
4922.46123062 0.72814328
4927.46373187 0.72801725
4932.46623312 0.72789130
4937.46873437 0.72776543
4942.47123562 0.72763963
4947.47373687 0.72751391
4952.47623812 0.72738826
4957.47873937 0.72726268
4962.48124062 0.72713719
4967.48374187 0.72701176
4972.48624312 0.72688641
4977.48874437 0.72676114
4982.49124562 0.72663594
4987.49374687 0.72651081
4992.49624812 0.72638576
4997.49874937 0.72626078
5002.50125063 0.72613588
5007.50375188 0.72601105
5012.50625313 0.72588629
5017.50875438 0.72576161
5022.51125563 0.72563700
5027.51375688 0.72551246
5032.51625813 0.72538800
5037.51875938 0.72526361
5042.52126063 0.72513929
5047.52376188 0.72501505
5052.52626313 0.72489088
5057.52876438 0.72476678
5062.53126563 0.72464275
5067.53376688 0.72451880
5072.53626813 0.72439492
5077.53876938 0.72427111
5082.54127064 0.72414738
5087.54377189 0.72402371
5092.54627314 0.72390012
5097.54877439 0.72377660
5102.55127564 0.72365315
5107.55377689 0.72352977
5112.55627814 0.72340647
5117.55877939 0.72328324
5122.56128064 0.72316007
5127.56378189 0.72303698
5132.56628314 0.72291396
5137.56878439 0.72279101
5142.57128564 0.72266813
5147.57378689 0.72254533
5152.57628814 0.72242259
5157.57878939 0.72229992
5162.58129065 0.72217733
5167.58379190 0.72205480
5172.58629315 0.72193235
5177.58879440 0.72180996
5182.59129565 0.72168765
5187.59379690 0.72156540
5192.59629815 0.72144323
5197.59879940 0.72132112
5202.60130065 0.72119909
5207.60380190 0.72107712
5212.60630315 0.72095522
5217.60880440 0.72083340
5222.61130565 0.72071164
5227.61380690 0.72058995
5232.61630815 0.72046833
5237.61880940 0.72034678
5242.62131066 0.72022530
5247.62381191 0.72010388
5252.62631316 0.71998254
5257.62881441 0.71986126
5262.63131566 0.71974006
5267.63381691 0.71961892
5272.63631816 0.71949785
5277.63881941 0.71937684
5282.64132066 0.71925591
5287.64382191 0.71913504
5292.64632316 0.71901424
5297.64882441 0.71889351
5302.65132566 0.71877285
5307.65382691 0.71865225
5312.65632816 0.71853173
5317.65882941 0.71841127
5322.66133067 0.71829087
5327.66383192 0.71817055
5332.66633317 0.71805029
5337.66883442 0.71793009
5342.67133567 0.71780997
5347.67383692 0.71768991
5352.67633817 0.71756992
5357.67883942 0.71744999
5362.68134067 0.71733014
5367.68384192 0.71721034
5372.68634317 0.71709062
5377.68884442 0.71697096
5382.69134567 0.71685137
5387.69384692 0.71673184
5392.69634817 0.71661238
5397.69884942 0.71649298
5402.70135068 0.71637365
5407.70385193 0.71625439
5412.70635318 0.71613519
5417.70885443 0.71601606
5422.71135568 0.71589699
5427.71385693 0.71577799
5432.71635818 0.71565905
5437.71885943 0.71554018
5442.72136068 0.71542137
5447.72386193 0.71530263
5452.72636318 0.71518396
5457.72886443 0.71506534
5462.73136568 0.71494680
5467.73386693 0.71482831
5472.73636818 0.71470990
5477.73886943 0.71459154
5482.74137069 0.71447325
5487.74387194 0.71435503
5492.74637319 0.71423687
5497.74887444 0.71411877
5502.75137569 0.71400074
5507.75387694 0.71388277
5512.75637819 0.71376486
5517.75887944 0.71364702
5522.76138069 0.71352925
5527.76388194 0.71341153
5532.76638319 0.71329388
5537.76888444 0.71317629
5542.77138569 0.71305877
5547.77388694 0.71294131
5552.77638819 0.71282391
5557.77888944 0.71270658
5562.78139070 0.71258930
5567.78389195 0.71247210
5572.78639320 0.71235495
5577.78889445 0.71223787
5582.79139570 0.71212085
5587.79389695 0.71200389
5592.79639820 0.71188699
5597.79889945 0.71177016
5602.80140070 0.71165339
5607.80390195 0.71153668
5612.80640320 0.71142003
5617.80890445 0.71130345
5622.81140570 0.71118692
5627.81390695 0.71107046
5632.81640820 0.71095406
5637.81890945 0.71083773
5642.82141071 0.71072145
5647.82391196 0.71060523
5652.82641321 0.71048908
5657.82891446 0.71037299
5662.83141571 0.71025696
5667.83391696 0.71014099
5672.83641821 0.71002508
5677.83891946 0.70990923
5682.84142071 0.70979345
5687.84392196 0.70967772
5692.84642321 0.70956206
5697.84892446 0.70944645
5702.85142571 0.70933091
5707.85392696 0.70921543
5712.85642821 0.70910001
5717.85892946 0.70898464
5722.86143072 0.70886934
5727.86393197 0.70875410
5732.86643322 0.70863892
5737.86893447 0.70852380
5742.87143572 0.70840874
5747.87393697 0.70829374
5752.87643822 0.70817879
5757.87893947 0.70806391
5762.88144072 0.70794909
5767.88394197 0.70783433
5772.88644322 0.70771962
5777.88894447 0.70760498
5782.89144572 0.70749040
5787.89394697 0.70737587
5792.89644822 0.70726141
5797.89894947 0.70714700
5802.90145073 0.70703265
5807.90395198 0.70691836
5812.90645323 0.70680413
5817.90895448 0.70668996
5822.91145573 0.70657585
5827.91395698 0.70646180
5832.91645823 0.70634780
5837.91895948 0.70623387
5842.92146073 0.70611999
5847.92396198 0.70600617
5852.92646323 0.70589241
5857.92896448 0.70577870
5862.93146573 0.70566506
5867.93396698 0.70555147
5872.93646823 0.70543794
5877.93896948 0.70532447
5882.94147074 0.70521106
5887.94397199 0.70509770
5892.94647324 0.70498440
5897.94897449 0.70487116
5902.95147574 0.70475798
5907.95397699 0.70464485
5912.95647824 0.70453179
5917.95897949 0.70441878
5922.96148074 0.70430582
5927.96398199 0.70419293
5932.96648324 0.70408009
5937.96898449 0.70396730
5942.97148574 0.70385458
5947.97398699 0.70374191
5952.97648824 0.70362930
5957.97898949 0.70351674
5962.98149075 0.70340425
5967.98399200 0.70329180
5972.98649325 0.70317942
5977.98899450 0.70306709
5982.99149575 0.70295482
5987.99399700 0.70284260
5992.99649825 0.70273044
5997.99899950 0.70261834
6003.00150075 0.70250629
6008.00400200 0.70239430
6013.00650325 0.70228236
6018.00900450 0.70217048
6023.01150575 0.70205866
6028.01400700 0.70194689
6033.01650825 0.70183518
6038.01900950 0.70172352
6043.02151076 0.70161192
6048.02401201 0.70150038
6053.02651326 0.70138888
6058.02901451 0.70127745
6063.03151576 0.70116607
6068.03401701 0.70105474
6073.03651826 0.70094347
6078.03901951 0.70083226
6083.04152076 0.70072110
6088.04402201 0.70061000
6093.04652326 0.70049895
6098.04902451 0.70038795
6103.05152576 0.70027701
6108.05402701 0.70016612
6113.05652826 0.70005529
6118.05902951 0.69994451
6123.06153077 0.69983379
6128.06403202 0.69972312
6133.06653327 0.69961251
6138.06903452 0.69950195
6143.07153577 0.69939144
6148.07403702 0.69928099
6153.07653827 0.69917060
6158.07903952 0.69906025
6163.08154077 0.69894996
6168.08404202 0.69883973
6173.08654327 0.69872954
6178.08904452 0.69861942
6183.09154577 0.69850934
6188.09404702 0.69839932
6193.09654827 0.69828935
6198.09904952 0.69817944
6203.10155078 0.69806958
6208.10405203 0.69795977
6213.10655328 0.69785002
6218.10905453 0.69774031
6223.11155578 0.69763067
6228.11405703 0.69752107
6233.11655828 0.69741153
6238.11905953 0.69730204
6243.12156078 0.69719260
6248.12406203 0.69708322
6253.12656328 0.69697389
6258.12906453 0.69686461
6263.13156578 0.69675539
6268.13406703 0.69664621
6273.13656828 0.69653709
6278.13906953 0.69642802
6283.14157079 0.69631901
6288.14407204 0.69621004
6293.14657329 0.69610113
6298.14907454 0.69599227
6303.15157579 0.69588347
6308.15407704 0.69577471
6313.15657829 0.69566601
6318.15907954 0.69555736
6323.16158079 0.69544876
6328.16408204 0.69534021
6333.16658329 0.69523171
6338.16908454 0.69512327
6343.17158579 0.69501488
6348.17408704 0.69490653
6353.17658829 0.69479824
6358.17908954 0.69469001
6363.18159080 0.69458182
6368.18409205 0.69447368
6373.18659330 0.69436560
6378.18909455 0.69425756
6383.19159580 0.69414958
6388.19409705 0.69404165
6393.19659830 0.69393377
6398.19909955 0.69382594
6403.20160080 0.69371816
6408.20410205 0.69361043
6413.20660330 0.69350276
6418.20910455 0.69339513
6423.21160580 0.69328755
6428.21410705 0.69318003
6433.21660830 0.69307255
6438.21910955 0.69296513
6443.22161081 0.69285776
6448.22411206 0.69275043
6453.22661331 0.69264316
6458.22911456 0.69253594
6463.23161581 0.69242876
6468.23411706 0.69232164
6473.23661831 0.69221457
6478.23911956 0.69210754
6483.24162081 0.69200057
6488.24412206 0.69189365
6493.24662331 0.69178677
6498.24912456 0.69167995
6503.25162581 0.69157317
6508.25412706 0.69146645
6513.25662831 0.69135977
6518.25912956 0.69125315
6523.26163082 0.69114657
6528.26413207 0.69104005
6533.26663332 0.69093357
6538.26913457 0.69082714
6543.27163582 0.69072076
6548.27413707 0.69061443
6553.27663832 0.69050815
6558.27913957 0.69040192
6563.28164082 0.69029574
6568.28414207 0.69018960
6573.28664332 0.69008352
6578.28914457 0.68997748
6583.29164582 0.68987150
6588.29414707 0.68976556
6593.29664832 0.68965967
6598.29914957 0.68955383
6603.30165083 0.68944803
6608.30415208 0.68934229
6613.30665333 0.68923659
6618.30915458 0.68913094
6623.31165583 0.68902534
6628.31415708 0.68891979
6633.31665833 0.68881429
6638.31915958 0.68870884
6643.32166083 0.68860343
6648.32416208 0.68849807
6653.32666333 0.68839276
6658.32916458 0.68828750
6663.33166583 0.68818228
6668.33416708 0.68807712
6673.33666833 0.68797200
6678.33916958 0.68786692
6683.34167084 0.68776190
6688.34417209 0.68765692
6693.34667334 0.68755200
6698.34917459 0.68744711
6703.35167584 0.68734228
6708.35417709 0.68723749
6713.35667834 0.68713275
6718.35917959 0.68702806
6723.36168084 0.68692342
6728.36418209 0.68681882
6733.36668334 0.68671427
6738.36918459 0.68660977
6743.37168584 0.68650531
6748.37418709 0.68640090
6753.37668834 0.68629654
6758.37918959 0.68619222
6763.38169085 0.68608795
6768.38419210 0.68598373
6773.38669335 0.68587956
6778.38919460 0.68577543
6783.39169585 0.68567135
6788.39419710 0.68556731
6793.39669835 0.68546332
6798.39919960 0.68535938
6803.40170085 0.68525548
6808.40420210 0.68515163
6813.40670335 0.68504783
6818.40920460 0.68494407
6823.41170585 0.68484036
6828.41420710 0.68473669
6833.41670835 0.68463307
6838.41920960 0.68452950
6843.42171086 0.68442597
6848.42421211 0.68432249
6853.42671336 0.68421906
6858.42921461 0.68411567
6863.43171586 0.68401232
6868.43421711 0.68390903
6873.43671836 0.68380577
6878.43921961 0.68370257
6883.44172086 0.68359940
6888.44422211 0.68349629
6893.44672336 0.68339322
6898.44922461 0.68329019
6903.45172586 0.68318721
6908.45422711 0.68308428
6913.45672836 0.68298139
6918.45922961 0.68287855
6923.46173087 0.68277575
6928.46423212 0.68267299
6933.46673337 0.68257029
6938.46923462 0.68246762
6943.47173587 0.68236500
6948.47423712 0.68226243
6953.47673837 0.68215990
6958.47923962 0.68205742
6963.48174087 0.68195498
6968.48424212 0.68185258
6973.48674337 0.68175023
6978.48924462 0.68164793
6983.49174587 0.68154567
6988.49424712 0.68144345
6993.49674837 0.68134128
6998.49924962 0.68123915
7003.50175088 0.68113707
7008.50425213 0.68103503
7013.50675338 0.68093304
7018.50925463 0.68083109
7023.51175588 0.68072918
7028.51425713 0.68062732
7033.51675838 0.68052550
7038.51925963 0.68042373
7043.52176088 0.68032200
7048.52426213 0.68022032
7053.52676338 0.68011867
7058.52926463 0.68001708
7063.53176588 0.67991552
7068.53426713 0.67981401
7073.53676838 0.67971255
7078.53926963 0.67961112
7083.54177089 0.67950974
7088.54427214 0.67940841
7093.54677339 0.67930712
7098.54927464 0.67920587
7103.55177589 0.67910466
7108.55427714 0.67900350
7113.55677839 0.67890238
7118.55927964 0.67880131
7123.56178089 0.67870028
7128.56428214 0.67859929
7133.56678339 0.67849834
7138.56928464 0.67839744
7143.57178589 0.67829658
7148.57428714 0.67819576
7153.57678839 0.67809499
7158.57928964 0.67799426
7163.58179090 0.67789357
7168.58429215 0.67779293
7173.58679340 0.67769233
7178.58929465 0.67759177
7183.59179590 0.67749125
7188.59429715 0.67739078
7193.59679840 0.67729035
7198.59929965 0.67718996
7203.60180090 0.67708961
7208.60430215 0.67698931
7213.60680340 0.67688905
7218.60930465 0.67678883
7223.61180590 0.67668865
7228.61430715 0.67658852
7233.61680840 0.67648843
7238.61930965 0.67638838
7243.62181091 0.67628837
7248.62431216 0.67618840
7253.62681341 0.67608848
7258.62931466 0.67598860
7263.63181591 0.67588876
7268.63431716 0.67578896
7273.63681841 0.67568921
7278.63931966 0.67558949
7283.64182091 0.67548982
7288.64432216 0.67539019
7293.64682341 0.67529060
7298.64932466 0.67519106
7303.65182591 0.67509155
7308.65432716 0.67499209
7313.65682841 0.67489267
7318.65932966 0.67479329
7323.66183092 0.67469395
7328.66433217 0.67459465
7333.66683342 0.67449539
7338.66933467 0.67439618
7343.67183592 0.67429700
7348.67433717 0.67419787
7353.67683842 0.67409878
7358.67933967 0.67399973
7363.68184092 0.67390072
7368.68434217 0.67380176
7373.68684342 0.67370283
7378.68934467 0.67360394
7383.69184592 0.67350510
7388.69434717 0.67340630
7393.69684842 0.67330753
7398.69934967 0.67320881
7403.70185093 0.67311013
7408.70435218 0.67301149
7413.70685343 0.67291289
7418.70935468 0.67281433
7423.71185593 0.67271581
7428.71435718 0.67261733
7433.71685843 0.67251890
7438.71935968 0.67242050
7443.72186093 0.67232214
7448.72436218 0.67222383
7453.72686343 0.67212555
7458.72936468 0.67202732
7463.73186593 0.67192912
7468.73436718 0.67183097
7473.73686843 0.67173285
7478.73936968 0.67163478
7483.74187094 0.67153674
7488.74437219 0.67143875
7493.74687344 0.67134079
7498.74937469 0.67124288
7503.75187594 0.67114501
7508.75437719 0.67104717
7513.75687844 0.67094938
7518.75937969 0.67085162
7523.76188094 0.67075391
7528.76438219 0.67065623
7533.76688344 0.67055860
7538.76938469 0.67046100
7543.77188594 0.67036345
7548.77438719 0.67026593
7553.77688844 0.67016845
7558.77938969 0.67007102
7563.78189095 0.66997362
7568.78439220 0.66987626
7573.78689345 0.66977894
7578.78939470 0.66968166
7583.79189595 0.66958442
7588.79439720 0.66948722
7593.79689845 0.66939006
7598.79939970 0.66929294
7603.80190095 0.66919585
7608.80440220 0.66909881
7613.80690345 0.66900180
7618.80940470 0.66890484
7623.81190595 0.66880791
7628.81440720 0.66871102
7633.81690845 0.66861417
7638.81940970 0.66851736
7643.82191096 0.66842059
7648.82441221 0.66832386
7653.82691346 0.66822716
7658.82941471 0.66813051
7663.83191596 0.66803389
7668.83441721 0.66793732
7673.83691846 0.66784078
7678.83941971 0.66774428
7683.84192096 0.66764781
7688.84442221 0.66755139
7693.84692346 0.66745501
7698.84942471 0.66735866
7703.85192596 0.66726235
7708.85442721 0.66716608
7713.85692846 0.66706985
7718.85942971 0.66697366
7723.86193097 0.66687750
7728.86443222 0.66678138
7733.86693347 0.66668531
7738.86943472 0.66658927
7743.87193597 0.66649326
7748.87443722 0.66639730
7753.87693847 0.66630137
7758.87943972 0.66620548
7763.88194097 0.66610963
7768.88444222 0.66601382
7773.88694347 0.66591805
7778.88944472 0.66582231
7783.89194597 0.66572661
7788.89444722 0.66563095
7793.89694847 0.66553533
7798.89944972 0.66543974
7803.90195098 0.66534419
7808.90445223 0.66524868
7813.90695348 0.66515321
7818.90945473 0.66505777
7823.91195598 0.66496238
7828.91445723 0.66486702
7833.91695848 0.66477169
7838.91945973 0.66467641
7843.92196098 0.66458116
7848.92446223 0.66448595
7853.92696348 0.66439077
7858.92946473 0.66429564
7863.93196598 0.66420054
7868.93446723 0.66410548
7873.93696848 0.66401045
7878.93946973 0.66391546
7883.94197099 0.66382051
7888.94447224 0.66372560
7893.94697349 0.66363072
7898.94947474 0.66353588
7903.95197599 0.66344108
7908.95447724 0.66334631
7913.95697849 0.66325159
7918.95947974 0.66315689
7923.96198099 0.66306224
7928.96448224 0.66296762
7933.96698349 0.66287304
7938.96948474 0.66277849
7943.97198599 0.66268398
7948.97448724 0.66258951
7953.97698849 0.66249508
7958.97948974 0.66240068
7963.98199100 0.66230631
7968.98449225 0.66221199
7973.98699350 0.66211770
7978.98949475 0.66202345
7983.99199600 0.66192923
7988.99449725 0.66183505
7993.99699850 0.66174090
7998.99949975 0.66164680
8004.00200100 0.66155273
8009.00450225 0.66145869
8014.00700350 0.66136469
8019.00950475 0.66127073
8024.01200600 0.66117680
8029.01450725 0.66108291
8034.01700850 0.66098905
8039.01950975 0.66089524
8044.02201101 0.66080145
8049.02451226 0.66070771
8054.02701351 0.66061399
8059.02951476 0.66052032
8064.03201601 0.66042668
8069.03451726 0.66033308
8074.03701851 0.66023951
8079.03951976 0.66014597
8084.04202101 0.66005248
8089.04452226 0.65995902
8094.04702351 0.65986559
8099.04952476 0.65977220
8104.05202601 0.65967885
8109.05452726 0.65958553
8114.05702851 0.65949225
8119.05952976 0.65939900
8124.06203102 0.65930579
8129.06453227 0.65921261
8134.06703352 0.65911947
8139.06953477 0.65902636
8144.07203602 0.65893329
8149.07453727 0.65884025
8154.07703852 0.65874725
8159.07953977 0.65865429
8164.08204102 0.65856136
8169.08454227 0.65846846
8174.08704352 0.65837560
8179.08954477 0.65828278
8184.09204602 0.65818999
8189.09454727 0.65809723
8194.09704852 0.65800451
8199.09954977 0.65791183
8204.10205103 0.65781918
8209.10455228 0.65772656
8214.10705353 0.65763398
8219.10955478 0.65754143
8224.11205603 0.65744892
8229.11455728 0.65735645
8234.11705853 0.65726401
8239.11955978 0.65717160
8244.12206103 0.65707923
8249.12456228 0.65698689
8254.12706353 0.65689459
8259.12956478 0.65680232
8264.13206603 0.65671008
8269.13456728 0.65661788
8274.13706853 0.65652572
8279.13956978 0.65643359
8284.14207104 0.65634149
8289.14457229 0.65624943
8294.14707354 0.65615740
8299.14957479 0.65606541
8304.15207604 0.65597345
8309.15457729 0.65588152
8314.15707854 0.65578963
8319.15957979 0.65569778
8324.16208104 0.65560596
8329.16458229 0.65551417
8334.16708354 0.65542241
8339.16958479 0.65533069
8344.17208604 0.65523901
8349.17458729 0.65514735
8354.17708854 0.65505574
8359.17958979 0.65496415
8364.18209105 0.65487260
8369.18459230 0.65478108
8374.18709355 0.65468960
8379.18959480 0.65459815
8384.19209605 0.65450674
8389.19459730 0.65441535
8394.19709855 0.65432401
8399.19959980 0.65423269
8404.20210105 0.65414141
8409.20460230 0.65405017
8414.20710355 0.65395895
8419.20960480 0.65386777
8424.21210605 0.65377663
8429.21460730 0.65368551
8434.21710855 0.65359443
8439.21960980 0.65350339
8444.22211106 0.65341237
8449.22461231 0.65332140
8454.22711356 0.65323045
8459.22961481 0.65313954
8464.23211606 0.65304866
8469.23461731 0.65295781
8474.23711856 0.65286700
8479.23961981 0.65277622
8484.24212106 0.65268547
8489.24462231 0.65259476
8494.24712356 0.65250408
8499.24962481 0.65241343
8504.25212606 0.65232282
8509.25462731 0.65223224
8514.25712856 0.65214169
8519.25962981 0.65205117
8524.26213107 0.65196069
8529.26463232 0.65187024
8534.26713357 0.65177982
8539.26963482 0.65168944
8544.27213607 0.65159909
8549.27463732 0.65150877
8554.27713857 0.65141848
8559.27963982 0.65132823
8564.28214107 0.65123801
8569.28464232 0.65114782
8574.28714357 0.65105767
8579.28964482 0.65096755
8584.29214607 0.65087746
8589.29464732 0.65078740
8594.29714857 0.65069738
8599.29964982 0.65060738
8604.30215108 0.65051742
8609.30465233 0.65042750
8614.30715358 0.65033760
8619.30965483 0.65024774
8624.31215608 0.65015791
8629.31465733 0.65006811
8634.31715858 0.64997835
8639.31965983 0.64988861
8644.32216108 0.64979891
8649.32466233 0.64970924
8654.32716358 0.64961960
8659.32966483 0.64953000
8664.33216608 0.64944043
8669.33466733 0.64935089
8674.33716858 0.64926138
8679.33966983 0.64917190
8684.34217109 0.64908246
8689.34467234 0.64899305
8694.34717359 0.64890367
8699.34967484 0.64881432
8704.35217609 0.64872500
8709.35467734 0.64863572
8714.35717859 0.64854646
8719.35967984 0.64845724
8724.36218109 0.64836805
8729.36468234 0.64827889
8734.36718359 0.64818977
8739.36968484 0.64810067
8744.37218609 0.64801161
8749.37468734 0.64792258
8754.37718859 0.64783358
8759.37968984 0.64774461
8764.38219110 0.64765568
8769.38469235 0.64756677
8774.38719360 0.64747790
8779.38969485 0.64738906
8784.39219610 0.64730025
8789.39469735 0.64721147
8794.39719860 0.64712272
8799.39969985 0.64703400
8804.40220110 0.64694532
8809.40470235 0.64685667
8814.40720360 0.64676804
8819.40970485 0.64667945
8824.41220610 0.64659089
8829.41470735 0.64650236
8834.41720860 0.64641387
8839.41970985 0.64632540
8844.42221111 0.64623697
8849.42471236 0.64614856
8854.42721361 0.64606019
8859.42971486 0.64597185
8864.43221611 0.64588354
8869.43471736 0.64579526
8874.43721861 0.64570701
8879.43971986 0.64561879
8884.44222111 0.64553060
8889.44472236 0.64544245
8894.44722361 0.64535432
8899.44972486 0.64526623
8904.45222611 0.64517816
8909.45472736 0.64509013
8914.45722861 0.64500213
8919.45972986 0.64491416
8924.46223112 0.64482621
8929.46473237 0.64473830
8934.46723362 0.64465043
8939.46973487 0.64456258
8944.47223612 0.64447476
8949.47473737 0.64438697
8954.47723862 0.64429921
8959.47973987 0.64421149
8964.48224112 0.64412379
8969.48474237 0.64403612
8974.48724362 0.64394849
8979.48974487 0.64386088
8984.49224612 0.64377331
8989.49474737 0.64368577
8994.49724862 0.64359825
8999.49974987 0.64351077
9004.50225113 0.64342331
9009.50475238 0.64333589
9014.50725363 0.64324850
9019.50975488 0.64316114
9024.51225613 0.64307380
9029.51475738 0.64298650
9034.51725863 0.64289923
9039.51975988 0.64281199
9044.52226113 0.64272478
9049.52476238 0.64263759
9054.52726363 0.64255044
9059.52976488 0.64246332
9064.53226613 0.64237623
9069.53476738 0.64228917
9074.53726863 0.64220213
9079.53976988 0.64211513
9084.54227114 0.64202816
9089.54477239 0.64194122
9094.54727364 0.64185431
9099.54977489 0.64176742
9104.55227614 0.64168057
9109.55477739 0.64159375
9114.55727864 0.64150695
9119.55977989 0.64142019
9124.56228114 0.64133346
9129.56478239 0.64124675
9134.56728364 0.64116008
9139.56978489 0.64107343
9144.57228614 0.64098682
9149.57478739 0.64090023
9154.57728864 0.64081367
9159.57978989 0.64072715
9164.58229115 0.64064065
9169.58479240 0.64055418
9174.58729365 0.64046774
9179.58979490 0.64038133
9184.59229615 0.64029495
9189.59479740 0.64020860
9194.59729865 0.64012228
9199.59979990 0.64003599
9204.60230115 0.63994973
9209.60480240 0.63986349
9214.60730365 0.63977729
9219.60980490 0.63969111
9224.61230615 0.63960497
9229.61480740 0.63951885
9234.61730865 0.63943276
9239.61980990 0.63934670
9244.62231116 0.63926067
9249.62481241 0.63917467
9254.62731366 0.63908870
9259.62981491 0.63900276
9264.63231616 0.63891685
9269.63481741 0.63883096
9274.63731866 0.63874511
9279.63981991 0.63865928
9284.64232116 0.63857349
9289.64482241 0.63848772
9294.64732366 0.63840198
9299.64982491 0.63831627
9304.65232616 0.63823058
9309.65482741 0.63814493
9314.65732866 0.63805931
9319.65982991 0.63797371
9324.66233117 0.63788814
9329.66483242 0.63780260
9334.66733367 0.63771710
9339.66983492 0.63763161
9344.67233617 0.63754616
9349.67483742 0.63746074
9354.67733867 0.63737534
9359.67983992 0.63728998
9364.68234117 0.63720464
9369.68484242 0.63711933
9374.68734367 0.63703405
9379.68984492 0.63694879
9384.69234617 0.63686357
9389.69484742 0.63677837
9394.69734867 0.63669321
9399.69984992 0.63660807
9404.70235118 0.63652296
9409.70485243 0.63643787
9414.70735368 0.63635282
9419.70985493 0.63626779
9424.71235618 0.63618279
9429.71485743 0.63609783
9434.71735868 0.63601288
9439.71985993 0.63592797
9444.72236118 0.63584309
9449.72486243 0.63575823
9454.72736368 0.63567340
9459.72986493 0.63558860
9464.73236618 0.63550383
9469.73486743 0.63541908
9474.73736868 0.63533437
9479.73986993 0.63524968
9484.74237119 0.63516502
9489.74487244 0.63508038
9494.74737369 0.63499578
9499.74987494 0.63491120
9504.75237619 0.63482665
9509.75487744 0.63474213
9514.75737869 0.63465764
9519.75987994 0.63457317
9524.76238119 0.63448874
9529.76488244 0.63440433
9534.76738369 0.63431994
9539.76988494 0.63423559
9544.77238619 0.63415126
9549.77488744 0.63406696
9554.77738869 0.63398269
9559.77988994 0.63389845
9564.78239120 0.63381423
9569.78489245 0.63373005
9574.78739370 0.63364588
9579.78989495 0.63356175
9584.79239620 0.63347765
9589.79489745 0.63339357
9594.79739870 0.63330952
9599.79989995 0.63322549
9604.80240120 0.63314150
9609.80490245 0.63305753
9614.80740370 0.63297359
9619.80990495 0.63288967
9624.81240620 0.63280579
9629.81490745 0.63272193
9634.81740870 0.63263810
9639.81990995 0.63255429
9644.82241121 0.63247052
9649.82491246 0.63238677
9654.82741371 0.63230304
9659.82991496 0.63221935
9664.83241621 0.63213568
9669.83491746 0.63205204
9674.83741871 0.63196842
9679.83991996 0.63188484
9684.84242121 0.63180128
9689.84492246 0.63171775
9694.84742371 0.63163424
9699.84992496 0.63155076
9704.85242621 0.63146731
9709.85492746 0.63138388
9714.85742871 0.63130049
9719.85992996 0.63121712
9724.86243122 0.63113377
9729.86493247 0.63105046
9734.86743372 0.63096717
9739.86993497 0.63088390
9744.87243622 0.63080067
9749.87493747 0.63071746
9754.87743872 0.63063428
9759.87993997 0.63055112
9764.88244122 0.63046799
9769.88494247 0.63038489
9774.88744372 0.63030181
9779.88994497 0.63021876
9784.89244622 0.63013574
9789.89494747 0.63005275
9794.89744872 0.62996978
9799.89994997 0.62988683
9804.90245123 0.62980392
9809.90495248 0.62972103
9814.90745373 0.62963817
9819.90995498 0.62955533
9824.91245623 0.62947252
9829.91495748 0.62938974
9834.91745873 0.62930698
9839.91995998 0.62922425
9844.92246123 0.62914155
9849.92496248 0.62905887
9854.92746373 0.62897622
9859.92996498 0.62889360
9864.93246623 0.62881100
9869.93496748 0.62872843
9874.93746873 0.62864588
9879.93996998 0.62856336
9884.94247124 0.62848087
9889.94497249 0.62839840
9894.94747374 0.62831596
9899.94997499 0.62823355
9904.95247624 0.62815116
9909.95497749 0.62806880
9914.95747874 0.62798646
9919.95997999 0.62790415
9924.96248124 0.62782187
9929.96498249 0.62773961
9934.96748374 0.62765738
9939.96998499 0.62757517
9944.97248624 0.62749299
9949.97498749 0.62741084
9954.97748874 0.62732871
9959.97998999 0.62724661
9964.98249125 0.62716454
9969.98499250 0.62708249
9974.98749375 0.62700046
9979.98999500 0.62691846
9984.99249625 0.62683649
9989.99499750 0.62675455
9994.99749875 0.62667263
10000.00000000 0.62659073
