0.00000000 1.00000000
5.00250125 0.99805473
10.00500250 0.99638944
15.00750375 0.99490342
20.01000500 0.99354353
25.01250625 0.99227859
30.01500750 0.99108860
35.01750875 0.98995982
40.02001001 0.98888231
45.02251126 0.98784860
50.02501251 0.98685290
55.02751376 0.98589064
60.03001501 0.98495810
65.03251626 0.98405225
70.03501751 0.98317056
75.03751876 0.98231089
80.04002001 0.98147143
85.04252126 0.98065062
90.04502251 0.97984710
95.04752376 0.97905968
100.05002501 0.97828731
105.05252626 0.97752907
110.05502751 0.97678413
115.05752876 0.97605174
120.06003002 0.97533122
125.06253127 0.97462197
130.06503252 0.97392343
135.06753377 0.97323508
140.07003502 0.97255647
145.07253627 0.97188715
150.07503752 0.97122673
155.07753877 0.97057484
160.08004002 0.96993113
165.08254127 0.96929529
170.08504252 0.96866701
175.08754377 0.96804602
180.09004502 0.96743205
185.09254627 0.96682485
190.09504752 0.96622420
195.09754877 0.96562987
200.10005003 0.96504166
205.10255128 0.96445938
210.10505253 0.96388283
215.10755378 0.96331184
220.11005503 0.96274625
225.11255628 0.96218590
230.11505753 0.96163065
235.11755878 0.96108033
240.12006003 0.96053483
245.12256128 0.95999401
250.12506253 0.95945774
255.12756378 0.95892591
260.13006503 0.95839841
265.13256628 0.95787512
270.13506753 0.95735595
275.13756878 0.95684079
280.14007004 0.95632954
285.14257129 0.95582213
290.14507254 0.95531845
295.14757379 0.95481843
300.15007504 0.95432198
305.15257629 0.95382902
310.15507754 0.95333948
315.15757879 0.95285329
320.16008004 0.95237037
325.16258129 0.95189066
330.16508254 0.95141410
335.16758379 0.95094062
340.17008504 0.95047015
345.17258629 0.95000265
350.17508754 0.94953805
355.17758879 0.94907630
360.18009005 0.94861734
365.18259130 0.94816113
370.18509255 0.94770762
375.18759380 0.94725675
380.19009505 0.94680847
385.19259630 0.94636276
390.19509755 0.94591955
395.19759880 0.94547880
400.20010005 0.94504048
405.20260130 0.94460455
410.20510255 0.94417096
415.20760380 0.94373968
420.21010505 0.94331066
425.21260630 0.94288388
430.21510755 0.94245930
435.21760880 0.94203689
440.22011006 0.94161660
445.22261131 0.94119841
450.22511256 0.94078229
455.22761381 0.94036820
460.23011506 0.93995612
465.23261631 0.93954602
470.23511756 0.93913786
475.23761881 0.93873162
480.24012006 0.93832728
485.24262131 0.93792480
490.24512256 0.93752417
495.24762381 0.93712535
500.25012506 0.93672831
505.25262631 0.93633305
510.25512756 0.93593953
515.25762881 0.93554773
520.26013007 0.93515762
525.26263132 0.93476919
530.26513257 0.93438242
535.26763382 0.93399728
540.27013507 0.93361374
545.27263632 0.93323181
550.27513757 0.93285144
555.27763882 0.93247263
560.28014007 0.93209535
565.28264132 0.93171958
570.28514257 0.93134531
575.28764382 0.93097253
580.29014507 0.93060120
585.29264632 0.93023132
590.29514757 0.92986287
595.29764882 0.92949583
600.30015008 0.92913018
605.30265133 0.92876592
610.30515258 0.92840301
615.30765383 0.92804146
620.31015508 0.92768125
625.31265633 0.92732235
630.31515758 0.92696476
635.31765883 0.92660846
640.32016008 0.92625344
645.32266133 0.92589968
650.32516258 0.92554717
655.32766383 0.92519590
660.33016508 0.92484585
665.33266633 0.92449702
670.33516758 0.92414939
675.33766883 0.92380294
680.34017009 0.92345767
685.34267134 0.92311357
690.34517259 0.92277061
695.34767384 0.92242880
700.35017509 0.92208812
705.35267634 0.92174855
710.35517759 0.92141010
715.35767884 0.92107274
720.36018009 0.92073647
725.36268134 0.92040127
730.36518259 0.92006714
735.36768384 0.91973407
740.37018509 0.91940204
745.37268634 0.91907106
750.37518759 0.91874109
755.37768884 0.91841215
760.38019010 0.91808422
765.38269135 0.91775728
770.38519260 0.91743134
775.38769385 0.91710638
780.39019510 0.91678239
785.39269635 0.91645937
790.39519760 0.91613730
795.39769885 0.91581619
800.40020010 0.91549601
805.40270135 0.91517676
810.40520260 0.91485844
815.40770385 0.91454104
820.41020510 0.91422454
825.41270635 0.91390895
830.41520760 0.91359425
835.41770885 0.91328043
840.42021011 0.91296750
845.42271136 0.91265544
850.42521261 0.91234424
855.42771386 0.91203390
860.43021511 0.91172441
865.43271636 0.91141576
870.43521761 0.91110795
875.43771886 0.91080098
880.44022011 0.91049482
885.44272136 0.91018949
890.44522261 0.90988497
895.44772386 0.90958125
900.45022511 0.90927833
905.45272636 0.90897621
910.45522761 0.90867487
915.45772886 0.90837431
920.46023012 0.90807453
925.46273137 0.90777552
930.46523262 0.90747727
935.46773387 0.90717978
940.47023512 0.90688304
945.47273637 0.90658705
950.47523762 0.90629181
955.47773887 0.90599729
960.48024012 0.90570351
965.48274137 0.90541046
970.48524262 0.90511813
975.48774387 0.90482651
980.49024512 0.90453560
985.49274637 0.90424540
990.49524762 0.90395589
995.49774887 0.90366709
1000.50025013 0.90337897
1005.50275138 0.90309155
1010.50525263 0.90280480
1015.50775388 0.90251873
1020.51025513 0.90223333
1025.51275638 0.90194860
1030.51525763 0.90166453
1035.51775888 0.90138112
1040.52026013 0.90109837
1045.52276138 0.90081627
1050.52526263 0.90053481
1055.52776388 0.90025399
1060.53026513 0.89997381
1065.53276638 0.89969427
1070.53526763 0.89941535
1075.53776888 0.89913706
1080.54027014 0.89885939
1085.54277139 0.89858234
1090.54527264 0.89830590
1095.54777389 0.89803007
1100.55027514 0.89775484
1105.55277639 0.89748022
1110.55527764 0.89720619
1115.55777889 0.89693276
1120.56028014 0.89665992
1125.56278139 0.89638767
1130.56528264 0.89611600
1135.56778389 0.89584491
1140.57028514 0.89557439
1145.57278639 0.89530445
1150.57528764 0.89503508
1155.57778889 0.89476627
1160.58029015 0.89449803
1165.58279140 0.89423034
1170.58529265 0.89396322
1175.58779390 0.89369664
1180.59029515 0.89343061
1185.59279640 0.89316513
1190.59529765 0.89290019
1195.59779890 0.89263580
1200.60030015 0.89237194
1205.60280140 0.89210861
1210.60530265 0.89184581
1215.60780390 0.89158354
1220.61030515 0.89132180
1225.61280640 0.89106057
1230.61530765 0.89079987
1235.61780890 0.89053968
1240.62031016 0.89028000
1245.62281141 0.89002083
1250.62531266 0.88976217
1255.62781391 0.88950402
1260.63031516 0.88924636
1265.63281641 0.88898921
1270.63531766 0.88873255
1275.63781891 0.88847638
1280.64032016 0.88822071
1285.64282141 0.88796552
1290.64532266 0.88771082
1295.64782391 0.88745660
1300.65032516 0.88720286
1305.65282641 0.88694960
1310.65532766 0.88669681
1315.65782891 0.88644450
1320.66033017 0.88619265
1325.66283142 0.88594128
1330.66533267 0.88569036
1335.66783392 0.88543992
1340.67033517 0.88518993
1345.67283642 0.88494040
1350.67533767 0.88469132
1355.67783892 0.88444270
1360.68034017 0.88419453
1365.68284142 0.88394681
1370.68534267 0.88369953
1375.68784392 0.88345270
1380.69034517 0.88320631
1385.69284642 0.88296036
1390.69534767 0.88271484
1395.69784892 0.88246977
1400.70035018 0.88222512
1405.70285143 0.88198091
1410.70535268 0.88173712
1415.70785393 0.88149376
1420.71035518 0.88125083
1425.71285643 0.88100832
1430.71535768 0.88076622
1435.71785893 0.88052455
1440.72036018 0.88028329
1445.72286143 0.88004245
1450.72536268 0.87980202
1455.72786393 0.87956200
1460.73036518 0.87932239
1465.73286643 0.87908319
1470.73536768 0.87884439
1475.73786893 0.87860599
1480.74037019 0.87836799
1485.74287144 0.87813039
1490.74537269 0.87789319
1495.74787394 0.87765639
1500.75037519 0.87741997
1505.75287644 0.87718395
1510.75537769 0.87694832
1515.75787894 0.87671308
1520.76038019 0.87647822
1525.76288144 0.87624375
1530.76538269 0.87600965
1535.76788394 0.87577594
1540.77038519 0.87554261
1545.77288644 0.87530966
1550.77538769 0.87507708
1555.77788894 0.87484488
1560.78039020 0.87461305
1565.78289145 0.87438158
1570.78539270 0.87415049
1575.78789395 0.87391977
1580.79039520 0.87368941
1585.79289645 0.87345941
1590.79539770 0.87322978
1595.79789895 0.87300051
1600.80040020 0.87277159
1605.80290145 0.87254304
1610.80540270 0.87231484
1615.80790395 0.87208700
1620.81040520 0.87185950
1625.81290645 0.87163237
1630.81540770 0.87140558
1635.81790895 0.87117914
1640.82041021 0.87095304
1645.82291146 0.87072729
1650.82541271 0.87050189
1655.82791396 0.87027683
1660.83041521 0.87005211
1665.83291646 0.86982773
1670.83541771 0.86960369
1675.83791896 0.86937998
1680.84042021 0.86915661
1685.84292146 0.86893358
1690.84542271 0.86871087
1695.84792396 0.86848850
1700.85042521 0.86826646
1705.85292646 0.86804475
1710.85542771 0.86782336
1715.85792896 0.86760230
1720.86043022 0.86738157
1725.86293147 0.86716116
1730.86543272 0.86694107
1735.86793397 0.86672130
1740.87043522 0.86650185
1745.87293647 0.86628272
1750.87543772 0.86606390
1755.87793897 0.86584541
1760.88044022 0.86562722
1765.88294147 0.86540935
1770.88544272 0.86519179
1775.88794397 0.86497454
1780.89044522 0.86475760
1785.89294647 0.86454097
1790.89544772 0.86432465
1795.89794897 0.86410863
1800.90045023 0.86389291
1805.90295148 0.86367750
1810.90545273 0.86346239
1815.90795398 0.86324759
1820.91045523 0.86303308
1825.91295648 0.86281887
1830.91545773 0.86260496
1835.91795898 0.86239134
1840.92046023 0.86217802
1845.92296148 0.86196499
1850.92546273 0.86175226
1855.92796398 0.86153982
1860.93046523 0.86132767
1865.93296648 0.86111581
1870.93546773 0.86090424
1875.93796898 0.86069295
1880.94047024 0.86048195
1885.94297149 0.86027124
1890.94547274 0.86006081
1895.94797399 0.85985067
1900.95047524 0.85964080
1905.95297649 0.85943122
1910.95547774 0.85922192
1915.95797899 0.85901290
1920.96048024 0.85880415
1925.96298149 0.85859568
1930.96548274 0.85838749
1935.96798399 0.85817958
1940.97048524 0.85797193
1945.97298649 0.85776456
1950.97548774 0.85755747
1955.97798899 0.85735064
1960.98049025 0.85714408
1965.98299150 0.85693779
1970.98549275 0.85673177
1975.98799400 0.85652602
1980.99049525 0.85632054
1985.99299650 0.85611531
1990.99549775 0.85591036
1995.99799900 0.85570566
2001.00050025 0.85550123
2006.00300150 0.85529706
2011.00550275 0.85509316
2016.00800400 0.85488951
2021.01050525 0.85468612
2026.01300650 0.85448298
2031.01550775 0.85428011
2036.01800900 0.85407749
2041.02051026 0.85387513
2046.02301151 0.85367302
2051.02551276 0.85347116
2056.02801401 0.85326955
2061.03051526 0.85306820
2066.03301651 0.85286710
2071.03551776 0.85266625
2076.03801901 0.85246565
2081.04052026 0.85226529
2086.04302151 0.85206519
2091.04552276 0.85186533
2096.04802401 0.85166571
2101.05052526 0.85146634
2106.05302651 0.85126722
2111.05552776 0.85106834
2116.05802901 0.85086970
2121.06053027 0.85067130
2126.06303152 0.85047314
2131.06553277 0.85027522
2136.06803402 0.85007755
2141.07053527 0.84988011
2146.07303652 0.84968290
2151.07553777 0.84948594
2156.07803902 0.84928921
2161.08054027 0.84909272
2166.08304152 0.84889646
2171.08554277 0.84870043
2176.08804402 0.84850464
2181.09054527 0.84830908
2186.09304652 0.84811375
2191.09554777 0.84791865
2196.09804902 0.84772379
2201.10055028 0.84752915
2206.10305153 0.84733474
2211.10555278 0.84714056
2216.10805403 0.84694660
2221.11055528 0.84675287
2226.11305653 0.84655937
2231.11555778 0.84636609
2236.11805903 0.84617304
2241.12056028 0.84598020
2246.12306153 0.84578760
2251.12556278 0.84559521
2256.12806403 0.84540305
2261.13056528 0.84521110
2266.13306653 0.84501938
2271.13556778 0.84482787
2276.13806903 0.84463659
2281.14057029 0.84444552
2286.14307154 0.84425467
2291.14557279 0.84406403
2296.14807404 0.84387361
2301.15057529 0.84368341
2306.15307654 0.84349342
2311.15557779 0.84330364
2316.15807904 0.84311408
2321.16058029 0.84292473
2326.16308154 0.84273559
2331.16558279 0.84254667
2336.16808404 0.84235795
2341.17058529 0.84216945
2346.17308654 0.84198115
2351.17558779 0.84179306
2356.17808904 0.84160518
2361.18059030 0.84141751
2366.18309155 0.84123004
2371.18559280 0.84104278
2376.18809405 0.84085573
2381.19059530 0.84066888
2386.19309655 0.84048224
2391.19559780 0.84029580
2396.19809905 0.84010956
2401.20060030 0.83992352
2406.20310155 0.83973769
2411.20560280 0.83955206
2416.20810405 0.83936662
2421.21060530 0.83918139
2426.21310655 0.83899636
2431.21560780 0.83881153
2436.21810905 0.83862689
2441.22061031 0.83844246
2446.22311156 0.83825822
2451.22561281 0.83807417
2456.22811406 0.83789033
2461.23061531 0.83770667
2466.23311656 0.83752322
2471.23561781 0.83733995
2476.23811906 0.83715689
2481.24062031 0.83697401
2486.24312156 0.83679133
2491.24562281 0.83660884
2496.24812406 0.83642654
2501.25062531 0.83624443
2506.25312656 0.83606251
2511.25562781 0.83588078
2516.25812906 0.83569925
2521.26063032 0.83551790
2526.26313157 0.83533673
2531.26563282 0.83515576
2536.26813407 0.83497497
2541.27063532 0.83479438
2546.27313657 0.83461396
2551.27563782 0.83443373
2556.27813907 0.83425369
2561.28064032 0.83407383
2566.28314157 0.83389416
2571.28564282 0.83371467
2576.28814407 0.83353536
2581.29064532 0.83335624
2586.29314657 0.83317729
2591.29564782 0.83299853
2596.29814907 0.83281995
2601.30065033 0.83264155
2606.30315158 0.83246333
2611.30565283 0.83228529
2616.30815408 0.83210743
2621.31065533 0.83192975
2626.31315658 0.83175225
2631.31565783 0.83157492
2636.31815908 0.83139777
2641.32066033 0.83122080
2646.32316158 0.83104400
2651.32566283 0.83086738
2656.32816408 0.83069093
2661.33066533 0.83051466
2666.33316658 0.83033857
2671.33566783 0.83016264
2676.33816908 0.82998689
2681.34067034 0.82981132
2686.34317159 0.82963591
2691.34567284 0.82946068
2696.34817409 0.82928562
2701.35067534 0.82911073
2706.35317659 0.82893601
2711.35567784 0.82876146
2716.35817909 0.82858708
2721.36068034 0.82841287
2726.36318159 0.82823882
2731.36568284 0.82806495
2736.36818409 0.82789125
2741.37068534 0.82771771
2746.37318659 0.82754434
2751.37568784 0.82737113
2756.37818909 0.82719809
2761.38069035 0.82702522
2766.38319160 0.82685251
2771.38569285 0.82667997
2776.38819410 0.82650759
2781.39069535 0.82633538
2786.39319660 0.82616332
2791.39569785 0.82599144
2796.39819910 0.82581971
2801.40070035 0.82564815
2806.40320160 0.82547675
2811.40570285 0.82530551
2816.40820410 0.82513443
2821.41070535 0.82496351
2826.41320660 0.82479275
2831.41570785 0.82462216
2836.41820910 0.82445172
2841.42071036 0.82428144
2846.42321161 0.82411132
2851.42571286 0.82394135
2856.42821411 0.82377155
2861.43071536 0.82360190
2866.43321661 0.82343241
2871.43571786 0.82326308
2876.43821911 0.82309390
2881.44072036 0.82292488
2886.44322161 0.82275601
2891.44572286 0.82258730
2896.44822411 0.82241874
2901.45072536 0.82225034
2906.45322661 0.82208209
2911.45572786 0.82191400
2916.45822911 0.82174605
2921.46073037 0.82157826
2926.46323162 0.82141063
2931.46573287 0.82124314
2936.46823412 0.82107581
2941.47073537 0.82090863
2946.47323662 0.82074160
2951.47573787 0.82057472
2956.47823912 0.82040798
2961.48074037 0.82024140
2966.48324162 0.82007497
2971.48574287 0.81990869
2976.48824412 0.81974256
2981.49074537 0.81957657
2986.49324662 0.81941073
2991.49574787 0.81924504
2996.49824912 0.81907950
3001.50075038 0.81891411
3006.50325163 0.81874886
3011.50575288 0.81858375
3016.50825413 0.81841880
3021.51075538 0.81825398
3026.51325663 0.81808932
3031.51575788 0.81792480
3036.51825913 0.81776042
3041.52076038 0.81759619
3046.52326163 0.81743210
3051.52576288 0.81726815
3056.52826413 0.81710435
3061.53076538 0.81694069
3066.53326663 0.81677717
3071.53576788 0.81661379
3076.53826913 0.81645056
3081.54077039 0.81628747
3086.54327164 0.81612451
3091.54577289 0.81596170
3096.54827414 0.81579903
3101.55077539 0.81563650
3106.55327664 0.81547411
3111.55577789 0.81531186
3116.55827914 0.81514975
3121.56078039 0.81498778
3126.56328164 0.81482594
3131.56578289 0.81466424
3136.56828414 0.81450268
3141.57078539 0.81434126
3146.57328664 0.81417998
3151.57578789 0.81401883
3156.57828914 0.81385782
3161.58079040 0.81369695
3166.58329165 0.81353621
3171.58579290 0.81337560
3176.58829415 0.81321514
3181.59079540 0.81305480
3186.59329665 0.81289461
3191.59579790 0.81273454
3196.59829915 0.81257461
3201.60080040 0.81241482
3206.60330165 0.81225515
3211.60580290 0.81209562
3216.60830415 0.81193623
3221.61080540 0.81177696
3226.61330665 0.81161783
3231.61580790 0.81145883
3236.61830915 0.81129997
3241.62081041 0.81114123
3246.62331166 0.81098262
3251.62581291 0.81082415
3256.62831416 0.81066580
3261.63081541 0.81050759
3266.63331666 0.81034951
3271.63581791 0.81019155
3276.63831916 0.81003373
3281.64082041 0.80987603
3286.64332166 0.80971846
3291.64582291 0.80956103
3296.64832416 0.80940372
3301.65082541 0.80924653
3306.65332666 0.80908948
3311.65582791 0.80893255
3316.65832916 0.80877575
3321.66083042 0.80861908
3326.66333167 0.80846253
3331.66583292 0.80830611
3336.66833417 0.80814981
3341.67083542 0.80799365
3346.67333667 0.80783760
3351.67583792 0.80768168
3356.67833917 0.80752589
3361.68084042 0.80737022
3366.68334167 0.80721468
3371.68584292 0.80705926
3376.68834417 0.80690396
3381.69084542 0.80674879
3386.69334667 0.80659374
3391.69584792 0.80643881
3396.69834917 0.80628400
3401.70085043 0.80612932
3406.70335168 0.80597476
3411.70585293 0.80582033
3416.70835418 0.80566601
3421.71085543 0.80551182
3426.71335668 0.80535774
3431.71585793 0.80520379
3436.71835918 0.80504996
3441.72086043 0.80489625
3446.72336168 0.80474266
3451.72586293 0.80458919
3456.72836418 0.80443584
3461.73086543 0.80428261
3466.73336668 0.80412949
3471.73586793 0.80397650
3476.73836918 0.80382362
3481.74087044 0.80367087
3486.74337169 0.80351823
3491.74587294 0.80336571
3496.74837419 0.80321331
3501.75087544 0.80306102
3506.75337669 0.80290885
3511.75587794 0.80275680
3516.75837919 0.80260487
3521.76088044 0.80245305
3526.76338169 0.80230135
3531.76588294 0.80214976
3536.76838419 0.80199829
3541.77088544 0.80184694
3546.77338669 0.80169570
3551.77588794 0.80154458
3556.77838919 0.80139357
3561.78089045 0.80124267
3566.78339170 0.80109189
3571.78589295 0.80094122
3576.78839420 0.80079067
3581.79089545 0.80064023
3586.79339670 0.80048991
3591.79589795 0.80033970
3596.79839920 0.80018960
3601.80090045 0.80003961
3606.80340170 0.79988974
3611.80590295 0.79973998
3616.80840420 0.79959033
3621.81090545 0.79944079
3626.81340670 0.79929136
3631.81590795 0.79914205
3636.81840920 0.79899284
3641.82091046 0.79884375
3646.82341171 0.79869477
3651.82591296 0.79854590
3656.82841421 0.79839714
3661.83091546 0.79824848
3666.83341671 0.79809994
3671.83591796 0.79795151
3676.83841921 0.79780319
3681.84092046 0.79765498
3686.84342171 0.79750687
3691.84592296 0.79735888
3696.84842421 0.79721099
3701.85092546 0.79706321
3706.85342671 0.79691554
3711.85592796 0.79676798
3716.85842921 0.79662052
3721.86093047 0.79647317
3726.86343172 0.79632593
3731.86593297 0.79617880
3736.86843422 0.79603177
3741.87093547 0.79588485
3746.87343672 0.79573804
3751.87593797 0.79559133
3756.87843922 0.79544473
3761.88094047 0.79529824
3766.88344172 0.79515185
3771.88594297 0.79500556
3776.88844422 0.79485939
3781.89094547 0.79471331
3786.89344672 0.79456734
3791.89594797 0.79442148
3796.89844922 0.79427572
3801.90095048 0.79413006
3806.90345173 0.79398451
3811.90595298 0.79383906
3816.90845423 0.79369372
3821.91095548 0.79354847
3826.91345673 0.79340334
3831.91595798 0.79325830
3836.91845923 0.79311337
3841.92096048 0.79296854
3846.92346173 0.79282381
3851.92596298 0.79267919
3856.92846423 0.79253466
3861.93096548 0.79239024
3866.93346673 0.79224592
3871.93596798 0.79210171
3876.93846923 0.79195759
3881.94097049 0.79181357
3886.94347174 0.79166966
3891.94597299 0.79152584
3896.94847424 0.79138213
3901.95097549 0.79123852
3906.95347674 0.79109500
3911.95597799 0.79095159
3916.95847924 0.79080828
3921.96098049 0.79066506
3926.96348174 0.79052195
3931.96598299 0.79037893
3936.96848424 0.79023602
3941.97098549 0.79009320
3946.97348674 0.78995048
3951.97598799 0.78980786
3956.97848924 0.78966534
3961.98099050 0.78952292
3966.98349175 0.78938059
3971.98599300 0.78923836
3976.98849425 0.78909623
3981.99099550 0.78895420
3986.99349675 0.78881226
3991.99599800 0.78867042
3996.99849925 0.78852868
4002.00100050 0.78838704
4007.00350175 0.78824549
4012.00600300 0.78810404
4017.00850425 0.78796268
4022.01100550 0.78782142
4027.01350675 0.78768026
4032.01600800 0.78753919
4037.01850925 0.78739821
4042.02101051 0.78725734
4047.02351176 0.78711655
4052.02601301 0.78697586
4057.02851426 0.78683527
4062.03101551 0.78669477
4067.03351676 0.78655437
4072.03601801 0.78641406
4077.03851926 0.78627384
4082.04102051 0.78613372
4087.04352176 0.78599369
4092.04602301 0.78585376
4097.04852426 0.78571392
4102.05102551 0.78557417
4107.05352676 0.78543452
4112.05602801 0.78529496
4117.05852926 0.78515549
4122.06103052 0.78501611
4127.06353177 0.78487683
4132.06603302 0.78473764
4137.06853427 0.78459854
4142.07103552 0.78445953
4147.07353677 0.78432061
4152.07603802 0.78418179
4157.07853927 0.78404306
4162.08104052 0.78390442
4167.08354177 0.78376587
4172.08604302 0.78362741
4177.08854427 0.78348904
4182.09104552 0.78335076
4187.09354677 0.78321257
4192.09604802 0.78307448
4197.09854927 0.78293647
4202.10105053 0.78279856
4207.10355178 0.78266073
4212.10605303 0.78252299
4217.10855428 0.78238535
4222.11105553 0.78224779
4227.11355678 0.78211032
4232.11605803 0.78197294
4237.11855928 0.78183565
4242.12106053 0.78169845
4247.12356178 0.78156134
4252.12606303 0.78142431
4257.12856428 0.78128738
4262.13106553 0.78115053
4267.13356678 0.78101377
4272.13606803 0.78087710
4277.13856928 0.78074052
4282.14107054 0.78060402
4287.14357179 0.78046761
4292.14607304 0.78033129
4297.14857429 0.78019506
4302.15107554 0.78005891
4307.15357679 0.77992285
4312.15607804 0.77978687
4317.15857929 0.77965099
4322.16108054 0.77951519
4327.16358179 0.77937947
4332.16608304 0.77924384
4337.16858429 0.77910830
4342.17108554 0.77897285
4347.17358679 0.77883748
4352.17608804 0.77870219
4357.17858929 0.77856699
4362.18109055 0.77843188
4367.18359180 0.77829685
4372.18609305 0.77816190
4377.18859430 0.77802705
4382.19109555 0.77789227
4387.19359680 0.77775758
4392.19609805 0.77762298
4397.19859930 0.77748845
4402.20110055 0.77735402
4407.20360180 0.77721966
4412.20610305 0.77708540
4417.20860430 0.77695121
4422.21110555 0.77681711
4427.21360680 0.77668309
4432.21610805 0.77654916
4437.21860930 0.77641530
4442.22111056 0.77628154
4447.22361181 0.77614785
4452.22611306 0.77601425
4457.22861431 0.77588073
4462.23111556 0.77574729
4467.23361681 0.77561393
4472.23611806 0.77548066
4477.23861931 0.77534747
4482.24112056 0.77521436
4487.24362181 0.77508133
4492.24612306 0.77494839
4497.24862431 0.77481552
4502.25112556 0.77468274
4507.25362681 0.77455004
4512.25612806 0.77441742
4517.25862931 0.77428488
4522.26113057 0.77415242
4527.26363182 0.77402005
4532.26613307 0.77388775
4537.26863432 0.77375554
4542.27113557 0.77362340
4547.27363682 0.77349135
4552.27613807 0.77335937
4557.27863932 0.77322748
4562.28114057 0.77309566
4567.28364182 0.77296393
4572.28614307 0.77283227
4577.28864432 0.77270069
4582.29114557 0.77256920
4587.29364682 0.77243778
4592.29614807 0.77230644
4597.29864932 0.77217518
4602.30115058 0.77204400
4607.30365183 0.77191290
4612.30615308 0.77178188
4617.30865433 0.77165093
4622.31115558 0.77152007
4627.31365683 0.77138928
4632.31615808 0.77125857
4637.31865933 0.77112794
4642.32116058 0.77099738
4647.32366183 0.77086691
4652.32616308 0.77073651
4657.32866433 0.77060619
4662.33116558 0.77047595
4667.33366683 0.77034578
4672.33616808 0.77021569
4677.33866933 0.77008568
4682.34117059 0.76995575
4687.34367184 0.76982589
4692.34617309 0.76969611
4697.34867434 0.76956640
4702.35117559 0.76943677
4707.35367684 0.76930722
4712.35617809 0.76917775
4717.35867934 0.76904835
4722.36118059 0.76891902
4727.36368184 0.76878978
4732.36618309 0.76866060
4737.36868434 0.76853151
4742.37118559 0.76840249
4747.37368684 0.76827354
4752.37618809 0.76814467
4757.37868934 0.76801588
4762.38119060 0.76788716
4767.38369185 0.76775851
4772.38619310 0.76762994
4777.38869435 0.76750145
4782.39119560 0.76737303
4787.39369685 0.76724468
4792.39619810 0.76711641
4797.39869935 0.76698821
4802.40120060 0.76686009
4807.40370185 0.76673204
4812.40620310 0.76660406
4817.40870435 0.76647616
4822.41120560 0.76634834
4827.41370685 0.76622058
4832.41620810 0.76609290
4837.41870935 0.76596529
4842.42121061 0.76583776
4847.42371186 0.76571030
4852.42621311 0.76558291
4857.42871436 0.76545560
4862.43121561 0.76532835
4867.43371686 0.76520119
4872.43621811 0.76507409
4877.43871936 0.76494706
4882.44122061 0.76482011
4887.44372186 0.76469323
4892.44622311 0.76456643
4897.44872436 0.76443969
4902.45122561 0.76431303
4907.45372686 0.76418644
4912.45622811 0.76405992
4917.45872936 0.76393347
4922.46123062 0.76380709
4927.46373187 0.76368079
4932.46623312 0.76355456
4937.46873437 0.76342839
4942.47123562 0.76330230
4947.47373687 0.76317628
4952.47623812 0.76305033
4957.47873937 0.76292446
4962.48124062 0.76279865
4967.48374187 0.76267291
4972.48624312 0.76254724
4977.48874437 0.76242165
4982.49124562 0.76229612
4987.49374687 0.76217067
4992.49624812 0.76204528
4997.49874937 0.76191997
5002.50125063 0.76179472
5007.50375188 0.76166955
5012.50625313 0.76154444
5017.50875438 0.76141940
5022.51125563 0.76129444
5027.51375688 0.76116954
5032.51625813 0.76104471
5037.51875938 0.76091995
5042.52126063 0.76079526
5047.52376188 0.76067064
5052.52626313 0.76054609
5057.52876438 0.76042161
5062.53126563 0.76029719
5067.53376688 0.76017285
5072.53626813 0.76004857
5077.53876938 0.75992436
5082.54127064 0.75980022
5087.54377189 0.75967615
5092.54627314 0.75955214
5097.54877439 0.75942821
5102.55127564 0.75930434
5107.55377689 0.75918054
5112.55627814 0.75905680
5117.55877939 0.75893314
5122.56128064 0.75880954
5127.56378189 0.75868601
5132.56628314 0.75856255
5137.56878439 0.75843915
5142.57128564 0.75831582
5147.57378689 0.75819256
5152.57628814 0.75806937
5157.57878939 0.75794624
5162.58129065 0.75782318
5167.58379190 0.75770019
5172.58629315 0.75757726
5177.58879440 0.75745440
5182.59129565 0.75733160
5187.59379690 0.75720888
5192.59629815 0.75708621
5197.59879940 0.75696362
5202.60130065 0.75684109
5207.60380190 0.75671862
5212.60630315 0.75659623
5217.60880440 0.75647389
5222.61130565 0.75635163
5227.61380690 0.75622943
5232.61630815 0.75610729
5237.61880940 0.75598522
5242.62131066 0.75586322
5247.62381191 0.75574128
5252.62631316 0.75561940
5257.62881441 0.75549759
5262.63131566 0.75537585
5267.63381691 0.75525417
5272.63631816 0.75513255
5277.63881941 0.75501100
5282.64132066 0.75488952
5287.64382191 0.75476810
5292.64632316 0.75464674
5297.64882441 0.75452545
5302.65132566 0.75440422
5307.65382691 0.75428306
5312.65632816 0.75416196
5317.65882941 0.75404092
5322.66133067 0.75391995
5327.66383192 0.75379904
5332.66633317 0.75367820
5337.66883442 0.75355742
5342.67133567 0.75343670
5347.67383692 0.75331605
5352.67633817 0.75319546
5357.67883942 0.75307493
5362.68134067 0.75295447
5367.68384192 0.75283406
5372.68634317 0.75271373
5377.68884442 0.75259345
5382.69134567 0.75247324
5387.69384692 0.75235309
5392.69634817 0.75223301
5397.69884942 0.75211298
5402.70135068 0.75199302
5407.70385193 0.75187312
5412.70635318 0.75175329
5417.70885443 0.75163351
5422.71135568 0.75151380
5427.71385693 0.75139415
5432.71635818 0.75127456
5437.71885943 0.75115504
5442.72136068 0.75103557
5447.72386193 0.75091617
5452.72636318 0.75079683
5457.72886443 0.75067755
5462.73136568 0.75055834
5467.73386693 0.75043918
5472.73636818 0.75032009
5477.73886943 0.75020105
5482.74137069 0.75008208
5487.74387194 0.74996317
5492.74637319 0.74984432
5497.74887444 0.74972553
5502.75137569 0.74960680
5507.75387694 0.74948814
5512.75637819 0.74936953
5517.75887944 0.74925099
5522.76138069 0.74913250
5527.76388194 0.74901408
5532.76638319 0.74889571
5537.76888444 0.74877741
5542.77138569 0.74865917
5547.77388694 0.74854098
5552.77638819 0.74842286
5557.77888944 0.74830480
5562.78139070 0.74818679
5567.78389195 0.74806885
5572.78639320 0.74795097
5577.78889445 0.74783314
5582.79139570 0.74771538
5587.79389695 0.74759768
5592.79639820 0.74748003
5597.79889945 0.74736245
5602.80140070 0.74724492
5607.80390195 0.74712745
5612.80640320 0.74701004
5617.80890445 0.74689270
5622.81140570 0.74677541
5627.81390695 0.74665818
5632.81640820 0.74654100
5637.81890945 0.74642389
5642.82141071 0.74630684
5647.82391196 0.74618984
5652.82641321 0.74607290
5657.82891446 0.74595603
5662.83141571 0.74583921
5667.83391696 0.74572244
5672.83641821 0.74560574
5677.83891946 0.74548910
5682.84142071 0.74537251
5687.84392196 0.74525598
5692.84642321 0.74513951
5697.84892446 0.74502310
5702.85142571 0.74490674
5707.85392696 0.74479044
5712.85642821 0.74467420
5717.85892946 0.74455802
5722.86143072 0.74444190
5727.86393197 0.74432583
5732.86643322 0.74420982
5737.86893447 0.74409387
5742.87143572 0.74397797
5747.87393697 0.74386214
5752.87643822 0.74374636
5757.87893947 0.74363063
5762.88144072 0.74351497
5767.88394197 0.74339936
5772.88644322 0.74328380
5777.88894447 0.74316831
5782.89144572 0.74305287
5787.89394697 0.74293748
5792.89644822 0.74282216
5797.89894947 0.74270689
5802.90145073 0.74259168
5807.90395198 0.74247652
5812.90645323 0.74236142
5817.90895448 0.74224637
5822.91145573 0.74213138
5827.91395698 0.74201645
5832.91645823 0.74190158
5837.91895948 0.74178676
5842.92146073 0.74167199
5847.92396198 0.74155728
5852.92646323 0.74144263
5857.92896448 0.74132803
5862.93146573 0.74121349
5867.93396698 0.74109900
5872.93646823 0.74098457
5877.93896948 0.74087020
5882.94147074 0.74075588
5887.94397199 0.74064161
5892.94647324 0.74052740
5897.94897449 0.74041325
5902.95147574 0.74029915
5907.95397699 0.74018510
5912.95647824 0.74007112
5917.95897949 0.73995718
5922.96148074 0.73984330
5927.96398199 0.73972948
5932.96648324 0.73961570
5937.96898449 0.73950199
5942.97148574 0.73938833
5947.97398699 0.73927472
5952.97648824 0.73916117
5957.97898949 0.73904767
5962.98149075 0.73893423
5967.98399200 0.73882084
5972.98649325 0.73870750
5977.98899450 0.73859422
5982.99149575 0.73848099
5987.99399700 0.73836782
5992.99649825 0.73825470
5997.99899950 0.73814163
6003.00150075 0.73802862
6008.00400200 0.73791566
6013.00650325 0.73780275
6018.00900450 0.73768990
6023.01150575 0.73757710
6028.01400700 0.73746436
6033.01650825 0.73735167
6038.01900950 0.73723903
6043.02151076 0.73712645
6048.02401201 0.73701391
6053.02651326 0.73690144
6058.02901451 0.73678901
6063.03151576 0.73667664
6068.03401701 0.73656432
6073.03651826 0.73645205
6078.03901951 0.73633984
6083.04152076 0.73622768
6088.04402201 0.73611557
6093.04652326 0.73600351
6098.04902451 0.73589151
6103.05152576 0.73577956
6108.05402701 0.73566766
6113.05652826 0.73555581
6118.05902951 0.73544402
6123.06153077 0.73533228
6128.06403202 0.73522059
6133.06653327 0.73510895
6138.06903452 0.73499736
6143.07153577 0.73488583
6148.07403702 0.73477435
6153.07653827 0.73466292
6158.07903952 0.73455154
6163.08154077 0.73444021
6168.08404202 0.73432894
6173.08654327 0.73421772
6178.08904452 0.73410655
6183.09154577 0.73399543
6188.09404702 0.73388436
6193.09654827 0.73377334
6198.09904952 0.73366238
6203.10155078 0.73355146
6208.10405203 0.73344060
6213.10655328 0.73332979
6218.10905453 0.73321903
6223.11155578 0.73310832
6228.11405703 0.73299766
6233.11655828 0.73288705
6238.11905953 0.73277649
6243.12156078 0.73266599
6248.12406203 0.73255553
6253.12656328 0.73244513
6258.12906453 0.73233477
6263.13156578 0.73222447
6268.13406703 0.73211421
6273.13656828 0.73200401
6278.13906953 0.73189386
6283.14157079 0.73178376
6288.14407204 0.73167371
6293.14657329 0.73156370
6298.14907454 0.73145375
6303.15157579 0.73134385
6308.15407704 0.73123400
6313.15657829 0.73112420
6318.15907954 0.73101445
6323.16158079 0.73090475
6328.16408204 0.73079510
6333.16658329 0.73068549
6338.16908454 0.73057594
6343.17158579 0.73046644
6348.17408704 0.73035699
6353.17658829 0.73024758
6358.17908954 0.73013823
6363.18159080 0.73002893
6368.18409205 0.72991967
6373.18659330 0.72981047
6378.18909455 0.72970131
6383.19159580 0.72959220
6388.19409705 0.72948314
6393.19659830 0.72937413
6398.19909955 0.72926517
6403.20160080 0.72915626
6408.20410205 0.72904740
6413.20660330 0.72893859
6418.20910455 0.72882982
6423.21160580 0.72872111
6428.21410705 0.72861244
6433.21660830 0.72850382
6438.21910955 0.72839526
6443.22161081 0.72828673
6448.22411206 0.72817826
6453.22661331 0.72806984
6458.22911456 0.72796146
6463.23161581 0.72785314
6468.23411706 0.72774486
6473.23661831 0.72763663
6478.23911956 0.72752844
6483.24162081 0.72742031
6488.24412206 0.72731222
6493.24662331 0.72720418
6498.24912456 0.72709619
6503.25162581 0.72698825
6508.25412706 0.72688036
6513.25662831 0.72677251
6518.25912956 0.72666471
6523.26163082 0.72655696
6528.26413207 0.72644926
6533.26663332 0.72634160
6538.26913457 0.72623399
6543.27163582 0.72612643
6548.27413707 0.72601892
6553.27663832 0.72591145
6558.27913957 0.72580403
6563.28164082 0.72569666
6568.28414207 0.72558934
6573.28664332 0.72548206
6578.28914457 0.72537483
6583.29164582 0.72526765
6588.29414707 0.72516051
6593.29664832 0.72505342
6598.29914957 0.72494638
6603.30165083 0.72483939
6608.30415208 0.72473244
6613.30665333 0.72462554
6618.30915458 0.72451868
6623.31165583 0.72441188
6628.31415708 0.72430511
6633.31665833 0.72419840
6638.31915958 0.72409173
6643.32166083 0.72398511
6648.32416208 0.72387853
6653.32666333 0.72377201
6658.32916458 0.72366552
6663.33166583 0.72355909
6668.33416708 0.72345270
6673.33666833 0.72334635
6678.33916958 0.72324006
6683.34167084 0.72313380
6688.34417209 0.72302760
6693.34667334 0.72292144
6698.34917459 0.72281533
6703.35167584 0.72270926
6708.35417709 0.72260324
6713.35667834 0.72249726
6718.35917959 0.72239133
6723.36168084 0.72228544
6728.36418209 0.72217961
6733.36668334 0.72207381
6738.36918459 0.72196806
6743.37168584 0.72186236
6748.37418709 0.72175670
6753.37668834 0.72165109
6758.37918959 0.72154553
6763.38169085 0.72144001
6768.38419210 0.72133453
6773.38669335 0.72122910
6778.38919460 0.72112372
6783.39169585 0.72101838
6788.39419710 0.72091308
6793.39669835 0.72080783
6798.39919960 0.72070263
6803.40170085 0.72059747
6808.40420210 0.72049235
6813.40670335 0.72038728
6818.40920460 0.72028225
6823.41170585 0.72017727
6828.41420710 0.72007234
6833.41670835 0.71996745
6838.41920960 0.71986260
6843.42171086 0.71975780
6848.42421211 0.71965304
6853.42671336 0.71954833
6858.42921461 0.71944366
6863.43171586 0.71933903
6868.43421711 0.71923445
6873.43671836 0.71912992
6878.43921961 0.71902543
6883.44172086 0.71892098
6888.44422211 0.71881658
6893.44672336 0.71871222
6898.44922461 0.71860790
6903.45172586 0.71850363
6908.45422711 0.71839940
6913.45672836 0.71829522
6918.45922961 0.71819108
6923.46173087 0.71808698
6928.46423212 0.71798293
6933.46673337 0.71787892
6938.46923462 0.71777496
6943.47173587 0.71767104
6948.47423712 0.71756716
6953.47673837 0.71746333
6958.47923962 0.71735954
6963.48174087 0.71725579
6968.48424212 0.71715209
6973.48674337 0.71704843
6978.48924462 0.71694481
6983.49174587 0.71684124
6988.49424712 0.71673771
6993.49674837 0.71663422
6998.49924962 0.71653078
7003.50175088 0.71642738
7008.50425213 0.71632402
7013.50675338 0.71622071
7018.50925463 0.71611744
7023.51175588 0.71601421
7028.51425713 0.71591102
7033.51675838 0.71580788
7038.51925963 0.71570478
7043.52176088 0.71560173
7048.52426213 0.71549871
7053.52676338 0.71539574
7058.52926463 0.71529281
7063.53176588 0.71518992
7068.53426713 0.71508708
7073.53676838 0.71498428
7078.53926963 0.71488152
7083.54177089 0.71477880
7088.54427214 0.71467613
7093.54677339 0.71457350
7098.54927464 0.71447091
7103.55177589 0.71436836
7108.55427714 0.71426586
7113.55677839 0.71416339
7118.55927964 0.71406097
7123.56178089 0.71395860
7128.56428214 0.71385626
7133.56678339 0.71375397
7138.56928464 0.71365171
7143.57178589 0.71354950
7148.57428714 0.71344733
7153.57678839 0.71334521
7158.57928964 0.71324312
7163.58179090 0.71314108
7168.58429215 0.71303908
7173.58679340 0.71293712
7178.58929465 0.71283520
7183.59179590 0.71273332
7188.59429715 0.71263149
7193.59679840 0.71252969
7198.59929965 0.71242794
7203.60180090 0.71232623
7208.60430215 0.71222456
7213.60680340 0.71212293
7218.60930465 0.71202135
7223.61180590 0.71191980
7228.61430715 0.71181830
7233.61680840 0.71171684
7238.61930965 0.71161541
7243.62181091 0.71151403
7248.62431216 0.71141269
7253.62681341 0.71131140
7258.62931466 0.71121014
7263.63181591 0.71110892
7268.63431716 0.71100775
7273.63681841 0.71090661
7278.63931966 0.71080552
7283.64182091 0.71070446
7288.64432216 0.71060345
7293.64682341 0.71050248
7298.64932466 0.71040155
7303.65182591 0.71030066
7308.65432716 0.71019981
7313.65682841 0.71009900
7318.65932966 0.70999823
7323.66183092 0.70989750
7328.66433217 0.70979681
7333.66683342 0.70969617
7338.66933467 0.70959556
7343.67183592 0.70949499
7348.67433717 0.70939447
7353.67683842 0.70929398
7358.67933967 0.70919353
7363.68184092 0.70909313
7368.68434217 0.70899276
7373.68684342 0.70889243
7378.68934467 0.70879215
7383.69184592 0.70869190
7388.69434717 0.70859170
7393.69684842 0.70849153
7398.69934967 0.70839141
7403.70185093 0.70829132
7408.70435218 0.70819127
7413.70685343 0.70809127
7418.70935468 0.70799130
7423.71185593 0.70789137
7428.71435718 0.70779149
7433.71685843 0.70769164
7438.71935968 0.70759183
7443.72186093 0.70749206
7448.72436218 0.70739233
7453.72686343 0.70729264
7458.72936468 0.70719299
7463.73186593 0.70709338
7468.73436718 0.70699381
7473.73686843 0.70689428
7478.73936968 0.70679478
7483.74187094 0.70669533
7488.74437219 0.70659592
7493.74687344 0.70649654
7498.74937469 0.70639720
7503.75187594 0.70629791
7508.75437719 0.70619865
7513.75687844 0.70609943
7518.75937969 0.70600025
7523.76188094 0.70590111
7528.76438219 0.70580201
7533.76688344 0.70570294
7538.76938469 0.70560392
7543.77188594 0.70550493
7548.77438719 0.70540599
7553.77688844 0.70530708
7558.77938969 0.70520821
7563.78189095 0.70510938
7568.78439220 0.70501059
7573.78689345 0.70491183
7578.78939470 0.70481312
7583.79189595 0.70471444
7588.79439720 0.70461581
7593.79689845 0.70451721
7598.79939970 0.70441865
7603.80190095 0.70432012
7608.80440220 0.70422164
7613.80690345 0.70412319
7618.80940470 0.70402478
7623.81190595 0.70392642
7628.81440720 0.70382808
7633.81690845 0.70372979
7638.81940970 0.70363154
7643.82191096 0.70353332
7648.82441221 0.70343514
7653.82691346 0.70333700
7658.82941471 0.70323890
7663.83191596 0.70314083
7668.83441721 0.70304280
7673.83691846 0.70294482
7678.83941971 0.70284686
7683.84192096 0.70274895
7688.84442221 0.70265108
7693.84692346 0.70255324
7698.84942471 0.70245544
7703.85192596 0.70235767
7708.85442721 0.70225995
7713.85692846 0.70216226
7718.85942971 0.70206461
7723.86193097 0.70196700
7728.86443222 0.70186943
7733.86693347 0.70177189
7738.86943472 0.70167439
7743.87193597 0.70157693
7748.87443722 0.70147950
7753.87693847 0.70138211
7758.87943972 0.70128476
7763.88194097 0.70118745
7768.88444222 0.70109018
7773.88694347 0.70099294
7778.88944472 0.70089574
7783.89194597 0.70079857
7788.89444722 0.70070144
7793.89694847 0.70060435
7798.89944972 0.70050730
7803.90195098 0.70041028
7808.90445223 0.70031331
7813.90695348 0.70021636
7818.90945473 0.70011946
7823.91195598 0.70002259
7828.91445723 0.69992576
7833.91695848 0.69982896
7838.91945973 0.69973220
7843.92196098 0.69963548
7848.92446223 0.69953880
7853.92696348 0.69944215
7858.92946473 0.69934554
7863.93196598 0.69924896
7868.93446723 0.69915243
7873.93696848 0.69905592
7878.93946973 0.69895946
7883.94197099 0.69886303
7888.94447224 0.69876664
7893.94697349 0.69867028
7898.94947474 0.69857396
7903.95197599 0.69847768
7908.95447724 0.69838143
7913.95697849 0.69828522
7918.95947974 0.69818905
7923.96198099 0.69809291
7928.96448224 0.69799681
7933.96698349 0.69790074
7938.96948474 0.69780471
7943.97198599 0.69770872
7948.97448724 0.69761276
7953.97698849 0.69751684
7958.97948974 0.69742095
7963.98199100 0.69732510
7968.98449225 0.69722929
7973.98699350 0.69713351
7978.98949475 0.69703777
7983.99199600 0.69694206
7988.99449725 0.69684639
7993.99699850 0.69675076
7998.99949975 0.69665516
8004.00200100 0.69655960
8009.00450225 0.69646407
8014.00700350 0.69636858
8019.00950475 0.69627312
8024.01200600 0.69617770
8029.01450725 0.69608231
8034.01700850 0.69598697
8039.01950975 0.69589165
8044.02201101 0.69579637
8049.02451226 0.69570113
8054.02701351 0.69560592
8059.02951476 0.69551075
8064.03201601 0.69541561
8069.03451726 0.69532051
8074.03701851 0.69522544
8079.03951976 0.69513041
8084.04202101 0.69503541
8089.04452226 0.69494045
8094.04702351 0.69484553
8099.04952476 0.69475064
8104.05202601 0.69465578
8109.05452726 0.69456096
8114.05702851 0.69446617
8119.05952976 0.69437142
8124.06203102 0.69427671
8129.06453227 0.69418203
8134.06703352 0.69408738
8139.06953477 0.69399277
8144.07203602 0.69389819
8149.07453727 0.69380365
8154.07703852 0.69370915
8159.07953977 0.69361467
8164.08204102 0.69352024
8169.08454227 0.69342583
8174.08704352 0.69333147
8179.08954477 0.69323713
8184.09204602 0.69314284
8189.09454727 0.69304857
8194.09704852 0.69295434
8199.09954977 0.69286015
8204.10205103 0.69276599
8209.10455228 0.69267186
8214.10705353 0.69257777
8219.10955478 0.69248371
8224.11205603 0.69238969
8229.11455728 0.69229570
8234.11705853 0.69220175
8239.11955978 0.69210783
8244.12206103 0.69201394
8249.12456228 0.69192009
8254.12706353 0.69182627
8259.12956478 0.69173249
8264.13206603 0.69163874
8269.13456728 0.69154502
8274.13706853 0.69145134
8279.13956978 0.69135770
8284.14207104 0.69126408
8289.14457229 0.69117050
8294.14707354 0.69107696
8299.14957479 0.69098345
8304.15207604 0.69088997
8309.15457729 0.69079653
8314.15707854 0.69070312
8319.15957979 0.69060974
8324.16208104 0.69051640
8329.16458229 0.69042309
8334.16708354 0.69032982
8339.16958479 0.69023658
8344.17208604 0.69014337
8349.17458729 0.69005020
8354.17708854 0.68995706
8359.17958979 0.68986395
8364.18209105 0.68977088
8369.18459230 0.68967784
8374.18709355 0.68958484
8379.18959480 0.68949186
8384.19209605 0.68939893
8389.19459730 0.68930602
8394.19709855 0.68921315
8399.19959980 0.68912031
8404.20210105 0.68902751
8409.20460230 0.68893473
8414.20710355 0.68884199
8419.20960480 0.68874929
8424.21210605 0.68865662
8429.21460730 0.68856398
8434.21710855 0.68847137
8439.21960980 0.68837880
8444.22211106 0.68828626
8449.22461231 0.68819375
8454.22711356 0.68810128
8459.22961481 0.68800884
8464.23211606 0.68791643
8469.23461731 0.68782406
8474.23711856 0.68773172
8479.23961981 0.68763941
8484.24212106 0.68754713
8489.24462231 0.68745489
8494.24712356 0.68736268
8499.24962481 0.68727050
8504.25212606 0.68717836
8509.25462731 0.68708625
8514.25712856 0.68699417
8519.25962981 0.68690212
8524.26213107 0.68681011
8529.26463232 0.68671813
8534.26713357 0.68662618
8539.26963482 0.68653427
8544.27213607 0.68644238
8549.27463732 0.68635053
8554.27713857 0.68625871
8559.27963982 0.68616693
8564.28214107 0.68607518
8569.28464232 0.68598346
8574.28714357 0.68589177
8579.28964482 0.68580011
8584.29214607 0.68570849
8589.29464732 0.68561690
8594.29714857 0.68552534
8599.29964982 0.68543381
8604.30215108 0.68534232
8609.30465233 0.68525086
8614.30715358 0.68515943
8619.30965483 0.68506803
8624.31215608 0.68497666
8629.31465733 0.68488533
8634.31715858 0.68479403
8639.31965983 0.68470276
8644.32216108 0.68461152
8649.32466233 0.68452032
8654.32716358 0.68442914
8659.32966483 0.68433800
8664.33216608 0.68424689
8669.33466733 0.68415581
8674.33716858 0.68406477
8679.33966983 0.68397376
8684.34217109 0.68388277
8689.34467234 0.68379182
8694.34717359 0.68370091
8699.34967484 0.68361002
8704.35217609 0.68351916
8709.35467734 0.68342834
8714.35717859 0.68333755
8719.35967984 0.68324679
8724.36218109 0.68315606
8729.36468234 0.68306537
8734.36718359 0.68297470
8739.36968484 0.68288407
8744.37218609 0.68279347
8749.37468734 0.68270290
8754.37718859 0.68261236
8759.37968984 0.68252185
8764.38219110 0.68243137
8769.38469235 0.68234093
8774.38719360 0.68225052
8779.38969485 0.68216013
8784.39219610 0.68206978
8789.39469735 0.68197946
8794.39719860 0.68188918
8799.39969985 0.68179892
8804.40220110 0.68170869
8809.40470235 0.68161850
8814.40720360 0.68152834
8819.40970485 0.68143820
8824.41220610 0.68134810
8829.41470735 0.68125803
8834.41720860 0.68116799
8839.41970985 0.68107799
8844.42221111 0.68098801
8849.42471236 0.68089806
8854.42721361 0.68080815
8859.42971486 0.68071827
8864.43221611 0.68062841
8869.43471736 0.68053859
8874.43721861 0.68044880
8879.43971986 0.68035904
8884.44222111 0.68026931
8889.44472236 0.68017961
8894.44722361 0.68008995
8899.44972486 0.68000031
8904.45222611 0.67991070
8909.45472736 0.67982113
8914.45722861 0.67973158
8919.45972986 0.67964207
8924.46223112 0.67955258
8929.46473237 0.67946313
8934.46723362 0.67937371
8939.46973487 0.67928432
8944.47223612 0.67919496
8949.47473737 0.67910563
8954.47723862 0.67901633
8959.47973987 0.67892706
8964.48224112 0.67883782
8969.48474237 0.67874861
8974.48724362 0.67865943
8979.48974487 0.67857028
8984.49224612 0.67848116
8989.49474737 0.67839208
8994.49724862 0.67830302
8999.49974987 0.67821399
9004.50225113 0.67812500
9009.50475238 0.67803603
9014.50725363 0.67794709
9019.50975488 0.67785819
9024.51225613 0.67776931
9029.51475738 0.67768047
9034.51725863 0.67759165
9039.51975988 0.67750287
9044.52226113 0.67741411
9049.52476238 0.67732539
9054.52726363 0.67723669
9059.52976488 0.67714803
9064.53226613 0.67705939
9069.53476738 0.67697079
9074.53726863 0.67688221
9079.53976988 0.67679366
9084.54227114 0.67670515
9089.54477239 0.67661666
9094.54727364 0.67652821
9099.54977489 0.67643978
9104.55227614 0.67635138
9109.55477739 0.67626302
9114.55727864 0.67617468
9119.55977989 0.67608637
9124.56228114 0.67599810
9129.56478239 0.67590985
9134.56728364 0.67582163
9139.56978489 0.67573344
9144.57228614 0.67564528
9149.57478739 0.67555716
9154.57728864 0.67546906
9159.57978989 0.67538099
9164.58229115 0.67529295
9169.58479240 0.67520493
9174.58729365 0.67511695
9179.58979490 0.67502900
9184.59229615 0.67494108
9189.59479740 0.67485319
9194.59729865 0.67476532
9199.59979990 0.67467749
9204.60230115 0.67458968
9209.60480240 0.67450191
9214.60730365 0.67441416
9219.60980490 0.67432644
9224.61230615 0.67423875
9229.61480740 0.67415110
9234.61730865 0.67406347
9239.61980990 0.67397587
9244.62231116 0.67388829
9249.62481241 0.67380075
9254.62731366 0.67371324
9259.62981491 0.67362576
9264.63231616 0.67353830
9269.63481741 0.67345087
9274.63731866 0.67336348
9279.63981991 0.67327611
9284.64232116 0.67318877
9289.64482241 0.67310146
9294.64732366 0.67301418
9299.64982491 0.67292693
9304.65232616 0.67283971
9309.65482741 0.67275251
9314.65732866 0.67266535
9319.65982991 0.67257821
9324.66233117 0.67249110
9329.66483242 0.67240402
9334.66733367 0.67231697
9339.66983492 0.67222995
9344.67233617 0.67214296
9349.67483742 0.67205600
9354.67733867 0.67196906
9359.67983992 0.67188216
9364.68234117 0.67179528
9369.68484242 0.67170843
9374.68734367 0.67162161
9379.68984492 0.67153482
9384.69234617 0.67144805
9389.69484742 0.67136132
9394.69734867 0.67127461
9399.69984992 0.67118793
9404.70235118 0.67110128
9409.70485243 0.67101466
9414.70735368 0.67092807
9419.70985493 0.67084151
9424.71235618 0.67075497
9429.71485743 0.67066846
9434.71735868 0.67058198
9439.71985993 0.67049553
9444.72236118 0.67040911
9449.72486243 0.67032272
9454.72736368 0.67023635
9459.72986493 0.67015001
9464.73236618 0.67006370
9469.73486743 0.66997742
9474.73736868 0.66989117
9479.73986993 0.66980494
9484.74237119 0.66971875
9489.74487244 0.66963258
9494.74737369 0.66954644
9499.74987494 0.66946033
9504.75237619 0.66937424
9509.75487744 0.66928818
9514.75737869 0.66920216
9519.75987994 0.66911616
9524.76238119 0.66903018
9529.76488244 0.66894424
9534.76738369 0.66885832
9539.76988494 0.66877243
9544.77238619 0.66868657
9549.77488744 0.66860074
9554.77738869 0.66851494
9559.77988994 0.66842916
9564.78239120 0.66834341
9569.78489245 0.66825769
9574.78739370 0.66817199
9579.78989495 0.66808633
9584.79239620 0.66800069
9589.79489745 0.66791508
9594.79739870 0.66782950
9599.79989995 0.66774394
9604.80240120 0.66765841
9609.80490245 0.66757291
9614.80740370 0.66748744
9619.80990495 0.66740200
9624.81240620 0.66731658
9629.81490745 0.66723119
9634.81740870 0.66714583
9639.81990995 0.66706049
9644.82241121 0.66697518
9649.82491246 0.66688990
9654.82741371 0.66680465
9659.82991496 0.66671943
9664.83241621 0.66663423
9669.83491746 0.66654906
9674.83741871 0.66646392
9679.83991996 0.66637880
9684.84242121 0.66629371
9689.84492246 0.66620865
9694.84742371 0.66612362
9699.84992496 0.66603861
9704.85242621 0.66595364
9709.85492746 0.66586868
9714.85742871 0.66578376
9719.85992996 0.66569886
9724.86243122 0.66561399
9729.86493247 0.66552915
9734.86743372 0.66544433
9739.86993497 0.66535954
9744.87243622 0.66527478
9749.87493747 0.66519005
9754.87743872 0.66510534
9759.87993997 0.66502066
9764.88244122 0.66493601
9769.88494247 0.66485138
9774.88744372 0.66476678
9779.88994497 0.66468221
9784.89244622 0.66459766
9789.89494747 0.66451314
9794.89744872 0.66442865
9799.89994997 0.66434419
9804.90245123 0.66425975
9809.90495248 0.66417534
9814.90745373 0.66409095
9819.90995498 0.66400660
9824.91245623 0.66392227
9829.91495748 0.66383796
9834.91745873 0.66375369
9839.91995998 0.66366943
9844.92246123 0.66358521
9849.92496248 0.66350101
9854.92746373 0.66341684
9859.92996498 0.66333270
9864.93246623 0.66324858
9869.93496748 0.66316449
9874.93746873 0.66308043
9879.93996998 0.66299639
9884.94247124 0.66291238
9889.94497249 0.66282840
9894.94747374 0.66274444
9899.94997499 0.66266051
9904.95247624 0.66257660
9909.95497749 0.66249272
9914.95747874 0.66240887
9919.95997999 0.66232505
9924.96248124 0.66224125
9929.96498249 0.66215748
9934.96748374 0.66207373
9939.96998499 0.66199001
9944.97248624 0.66190632
9949.97498749 0.66182265
9954.97748874 0.66173901
9959.97998999 0.66165539
9964.98249125 0.66157180
9969.98499250 0.66148824
9974.98749375 0.66140471
9979.98999500 0.66132120
9984.99249625 0.66123771
9989.99499750 0.66115426
9994.99749875 0.66107083
10000.00000000 0.66098742
