0.00000000 1.00000000
5.00250125 0.99647516
10.00500250 0.99369721
15.00750375 0.99130759
20.01000500 0.98916623
25.01250625 0.98720189
30.01500750 0.98537235
35.01750875 0.98365018
40.02001001 0.98201645
45.02251126 0.98045743
50.02501251 0.97896280
55.02751376 0.97752456
60.03001501 0.97613636
65.03251626 0.97479301
70.03501751 0.97349022
75.03751876 0.97222438
80.04002001 0.97099240
85.04252126 0.96979164
90.04502251 0.96861977
95.04752376 0.96747477
100.05002501 0.96635482
105.05252626 0.96525833
110.05502751 0.96418386
115.05752876 0.96313013
120.06003002 0.96209596
125.06253127 0.96108030
130.06503252 0.96008218
135.06753377 0.95910071
140.07003502 0.95813509
145.07253627 0.95718458
150.07503752 0.95624848
155.07753877 0.95532616
160.08004002 0.95441704
165.08254127 0.95352056
170.08504252 0.95263621
175.08754377 0.95176353
180.09004502 0.95090206
185.09254627 0.95005138
190.09504752 0.94921111
195.09754877 0.94838089
200.10005003 0.94756035
205.10255128 0.94674919
210.10505253 0.94594709
215.10755378 0.94515375
220.11005503 0.94436891
225.11255628 0.94359230
230.11505753 0.94282368
235.11755878 0.94206281
240.12006003 0.94130946
245.12256128 0.94056343
250.12506253 0.93982451
255.12756378 0.93909250
260.13006503 0.93836723
265.13256628 0.93764852
270.13506753 0.93693620
275.13756878 0.93623010
280.14007004 0.93553007
285.14257129 0.93483597
290.14507254 0.93414764
295.14757379 0.93346497
300.15007504 0.93278780
305.15257629 0.93211603
310.15507754 0.93144952
315.15757879 0.93078816
320.16008004 0.93013184
325.16258129 0.92948044
330.16508254 0.92883388
335.16758379 0.92819203
340.17008504 0.92755482
345.17258629 0.92692214
350.17508754 0.92629390
355.17758879 0.92567002
360.18009005 0.92505041
365.18259130 0.92443498
370.18509255 0.92382367
375.18759380 0.92321639
380.19009505 0.92261307
385.19259630 0.92201363
390.19509755 0.92141801
395.19759880 0.92082614
400.20010005 0.92023795
405.20260130 0.91965338
410.20510255 0.91907237
415.20760380 0.91849485
420.21010505 0.91792078
425.21260630 0.91735008
430.21510755 0.91678271
435.21760880 0.91621862
440.22011006 0.91565774
445.22261131 0.91510003
450.22511256 0.91454544
455.22761381 0.91399393
460.23011506 0.91344543
465.23261631 0.91289992
470.23511756 0.91235734
475.23761881 0.91181765
480.24012006 0.91128081
485.24262131 0.91074677
490.24512256 0.91021550
495.24762381 0.90968696
500.25012506 0.90916110
505.25262631 0.90863789
510.25512756 0.90811730
515.25762881 0.90759929
520.26013007 0.90708382
525.26263132 0.90657085
530.26513257 0.90606037
535.26763382 0.90555232
540.27013507 0.90504668
545.27263632 0.90454343
550.27513757 0.90404252
555.27763882 0.90354393
560.28014007 0.90304763
565.28264132 0.90255359
570.28514257 0.90206178
575.28764382 0.90157218
580.29014507 0.90108475
585.29264632 0.90059948
590.29514757 0.90011633
595.29764882 0.89963528
600.30015008 0.89915630
605.30265133 0.89867938
610.30515258 0.89820448
615.30765383 0.89773159
620.31015508 0.89726068
625.31265633 0.89679172
630.31515758 0.89632470
635.31765883 0.89585960
640.32016008 0.89539639
645.32266133 0.89493505
650.32516258 0.89447556
655.32766383 0.89401790
660.33016508 0.89356206
665.33266633 0.89310800
670.33516758 0.89265572
675.33766883 0.89220520
680.34017009 0.89175641
685.34267134 0.89130934
690.34517259 0.89086397
695.34767384 0.89042028
700.35017509 0.88997825
705.35267634 0.88953788
710.35517759 0.88909913
715.35767884 0.88866201
720.36018009 0.88822648
725.36268134 0.88779253
730.36518259 0.88736016
735.36768384 0.88692933
740.37018509 0.88650005
745.37268634 0.88607229
750.37518759 0.88564603
755.37768884 0.88522127
760.38019010 0.88479800
765.38269135 0.88437618
770.38519260 0.88395582
775.38769385 0.88353690
780.39019510 0.88311941
785.39269635 0.88270333
790.39519760 0.88228864
795.39769885 0.88187535
800.40020010 0.88146343
805.40270135 0.88105287
810.40520260 0.88064367
815.40770385 0.88023580
820.41020510 0.87982926
825.41270635 0.87942404
830.41520760 0.87902011
835.41770885 0.87861749
840.42021011 0.87821614
845.42271136 0.87781606
850.42521261 0.87741725
855.42771386 0.87701968
860.43021511 0.87662335
865.43271636 0.87622825
870.43521761 0.87583437
875.43771886 0.87544170
880.44022011 0.87505022
885.44272136 0.87465994
890.44522261 0.87427083
895.44772386 0.87388289
900.45022511 0.87349611
905.45272636 0.87311048
910.45522761 0.87272600
915.45772886 0.87234264
920.46023012 0.87196041
925.46273137 0.87157930
930.46523262 0.87119929
935.46773387 0.87082038
940.47023512 0.87044255
945.47273637 0.87006581
950.47523762 0.86969014
955.47773887 0.86931554
960.48024012 0.86894199
965.48274137 0.86856948
970.48524262 0.86819802
975.48774387 0.86782760
980.49024512 0.86745819
985.49274637 0.86708981
990.49524762 0.86672243
995.49774887 0.86635606
1000.50025013 0.86599068
1005.50275138 0.86562629
1010.50525263 0.86526288
1015.50775388 0.86490044
1020.51025513 0.86453898
1025.51275638 0.86417847
1030.51525763 0.86381891
1035.51775888 0.86346030
1040.52026013 0.86310263
1045.52276138 0.86274590
1050.52526263 0.86239009
1055.52776388 0.86203520
1060.53026513 0.86168123
1065.53276638 0.86132816
1070.53526763 0.86097600
1075.53776888 0.86062473
1080.54027014 0.86027435
1085.54277139 0.85992485
1090.54527264 0.85957623
1095.54777389 0.85922848
1100.55027514 0.85888160
1105.55277639 0.85853557
1110.55527764 0.85819041
1115.55777889 0.85784609
1120.56028014 0.85750261
1125.56278139 0.85715997
1130.56528264 0.85681816
1135.56778389 0.85647718
1140.57028514 0.85613703
1145.57278639 0.85579768
1150.57528764 0.85545915
1155.57778889 0.85512143
1160.58029015 0.85478450
1165.58279140 0.85444837
1170.58529265 0.85411303
1175.58779390 0.85377848
1180.59029515 0.85344471
1185.59279640 0.85311171
1190.59529765 0.85277948
1195.59779890 0.85244802
1200.60030015 0.85211733
1205.60280140 0.85178738
1210.60530265 0.85145820
1215.60780390 0.85112975
1220.61030515 0.85080206
1225.61280640 0.85047510
1230.61530765 0.85014887
1235.61780890 0.84982338
1240.62031016 0.84949861
1245.62281141 0.84917456
1250.62531266 0.84885123
1255.62781391 0.84852861
1260.63031516 0.84820670
1265.63281641 0.84788550
1270.63531766 0.84756499
1275.63781891 0.84724518
1280.64032016 0.84692606
1285.64282141 0.84660763
1290.64532266 0.84628989
1295.64782391 0.84597283
1300.65032516 0.84565644
1305.65282641 0.84534072
1310.65532766 0.84502567
1315.65782891 0.84471129
1320.66033017 0.84439757
1325.66283142 0.84408451
1330.66533267 0.84377210
1335.66783392 0.84346034
1340.67033517 0.84314923
1345.67283642 0.84283876
1350.67533767 0.84252893
1355.67783892 0.84221973
1360.68034017 0.84191117
1365.68284142 0.84160324
1370.68534267 0.84129593
1375.68784392 0.84098925
1380.69034517 0.84068318
1385.69284642 0.84037773
1390.69534767 0.84007289
1395.69784892 0.83976866
1400.70035018 0.83946504
1405.70285143 0.83916201
1410.70535268 0.83885959
1415.70785393 0.83855776
1420.71035518 0.83825653
1425.71285643 0.83795589
1430.71535768 0.83765583
1435.71785893 0.83735636
1440.72036018 0.83705746
1445.72286143 0.83675915
1450.72536268 0.83646141
1455.72786393 0.83616424
1460.73036518 0.83586764
1465.73286643 0.83557160
1470.73536768 0.83527613
1475.73786893 0.83498122
1480.74037019 0.83468687
1485.74287144 0.83439307
1490.74537269 0.83409982
1495.74787394 0.83380712
1500.75037519 0.83351497
1505.75287644 0.83322336
1510.75537769 0.83293229
1515.75787894 0.83264176
1520.76038019 0.83235176
1525.76288144 0.83206230
1530.76538269 0.83177337
1535.76788394 0.83148496
1540.77038519 0.83119708
1545.77288644 0.83090973
1550.77538769 0.83062289
1555.77788894 0.83033657
1560.78039020 0.83005076
1565.78289145 0.82976547
1570.78539270 0.82948068
1575.78789395 0.82919641
1580.79039520 0.82891264
1585.79289645 0.82862937
1590.79539770 0.82834660
1595.79789895 0.82806433
1600.80040020 0.82778256
1605.80290145 0.82750128
1610.80540270 0.82722048
1615.80790395 0.82694018
1620.81040520 0.82666037
1625.81290645 0.82638104
1630.81540770 0.82610219
1635.81790895 0.82582382
1640.82041021 0.82554592
1645.82291146 0.82526851
1650.82541271 0.82499156
1655.82791396 0.82471509
1660.83041521 0.82443908
1665.83291646 0.82416355
1670.83541771 0.82388847
1675.83791896 0.82361386
1680.84042021 0.82333971
1685.84292146 0.82306602
1690.84542271 0.82279278
1695.84792396 0.82252000
1700.85042521 0.82224767
1705.85292646 0.82197579
1710.85542771 0.82170436
1715.85792896 0.82143337
1720.86043022 0.82116283
1725.86293147 0.82089273
1730.86543272 0.82062308
1735.86793397 0.82035386
1740.87043522 0.82008507
1745.87293647 0.81981672
1750.87543772 0.81954881
1755.87793897 0.81928132
1760.88044022 0.81901426
1765.88294147 0.81874763
1770.88544272 0.81848143
1775.88794397 0.81821565
1780.89044522 0.81795029
1785.89294647 0.81768535
1790.89544772 0.81742083
1795.89794897 0.81715673
1800.90045023 0.81689304
1805.90295148 0.81662976
1810.90545273 0.81636689
1815.90795398 0.81610444
1820.91045523 0.81584239
1825.91295648 0.81558075
1830.91545773 0.81531951
1835.91795898 0.81505867
1840.92046023 0.81479824
1845.92296148 0.81453820
1850.92546273 0.81427856
1855.92796398 0.81401932
1860.93046523 0.81376048
1865.93296648 0.81350202
1870.93546773 0.81324396
1875.93796898 0.81298628
1880.94047024 0.81272900
1885.94297149 0.81247210
1890.94547274 0.81221559
1895.94797399 0.81195946
1900.95047524 0.81170371
1905.95297649 0.81144834
1910.95547774 0.81119335
1915.95797899 0.81093874
1920.96048024 0.81068450
1925.96298149 0.81043064
1930.96548274 0.81017715
1935.96798399 0.80992403
1940.97048524 0.80967129
1945.97298649 0.80941891
1950.97548774 0.80916690
1955.97798899 0.80891525
1960.98049025 0.80866397
1965.98299150 0.80841305
1970.98549275 0.80816249
1975.98799400 0.80791229
1980.99049525 0.80766245
1985.99299650 0.80741297
1990.99549775 0.80716385
1995.99799900 0.80691507
2001.00050025 0.80666666
2006.00300150 0.80641859
2011.00550275 0.80617087
2016.00800400 0.80592351
2021.01050525 0.80567649
2026.01300650 0.80542982
2031.01550775 0.80518349
2036.01800900 0.80493751
2041.02051026 0.80469187
2046.02301151 0.80444657
2051.02551276 0.80420161
2056.02801401 0.80395699
2061.03051526 0.80371271
2066.03301651 0.80346876
2071.03551776 0.80322515
2076.03801901 0.80298187
2081.04052026 0.80273893
2086.04302151 0.80249632
2091.04552276 0.80225403
2096.04802401 0.80201208
2101.05052526 0.80177045
2106.05302651 0.80152916
2111.05552776 0.80128818
2116.05802901 0.80104753
2121.06053027 0.80080721
2126.06303152 0.80056720
2131.06553277 0.80032752
2136.06803402 0.80008816
2141.07053527 0.79984911
2146.07303652 0.79961039
2151.07553777 0.79937197
2156.07803902 0.79913388
2161.08054027 0.79889610
2166.08304152 0.79865863
2171.08554277 0.79842147
2176.08804402 0.79818462
2181.09054527 0.79794809
2186.09304652 0.79771186
2191.09554777 0.79747594
2196.09804902 0.79724033
2201.10055028 0.79700502
2206.10305153 0.79677001
2211.10555278 0.79653531
2216.10805403 0.79630091
2221.11055528 0.79606681
2226.11305653 0.79583302
2231.11555778 0.79559952
2236.11805903 0.79536632
2241.12056028 0.79513342
2246.12306153 0.79490081
2251.12556278 0.79466850
2256.12806403 0.79443648
2261.13056528 0.79420475
2266.13306653 0.79397332
2271.13556778 0.79374218
2276.13806903 0.79351133
2281.14057029 0.79328077
2286.14307154 0.79305049
2291.14557279 0.79282051
2296.14807404 0.79259081
2301.15057529 0.79236139
2306.15307654 0.79213226
2311.15557779 0.79190341
2316.15807904 0.79167485
2321.16058029 0.79144657
2326.16308154 0.79121856
2331.16558279 0.79099084
2336.16808404 0.79076340
2341.17058529 0.79053623
2346.17308654 0.79030934
2351.17558779 0.79008273
2356.17808904 0.78985640
2361.18059030 0.78963033
2366.18309155 0.78940454
2371.18559280 0.78917903
2376.18809405 0.78895378
2381.19059530 0.78872881
2386.19309655 0.78850410
2391.19559780 0.78827967
2396.19809905 0.78805550
2401.20060030 0.78783160
2406.20310155 0.78760797
2411.20560280 0.78738460
2416.20810405 0.78716150
2421.21060530 0.78693866
2426.21310655 0.78671609
2431.21560780 0.78649377
2436.21810905 0.78627172
2441.22061031 0.78604993
2446.22311156 0.78582840
2451.22561281 0.78560713
2456.22811406 0.78538612
2461.23061531 0.78516536
2466.23311656 0.78494486
2471.23561781 0.78472462
2476.23811906 0.78450463
2481.24062031 0.78428490
2486.24312156 0.78406542
2491.24562281 0.78384619
2496.24812406 0.78362722
2501.25062531 0.78340850
2506.25312656 0.78319002
2511.25562781 0.78297180
2516.25812906 0.78275383
2521.26063032 0.78253610
2526.26313157 0.78231862
2531.26563282 0.78210139
2536.26813407 0.78188440
2541.27063532 0.78166766
2546.27313657 0.78145117
2551.27563782 0.78123491
2556.27813907 0.78101891
2561.28064032 0.78080314
2566.28314157 0.78058761
2571.28564282 0.78037233
2576.28814407 0.78015729
2581.29064532 0.77994248
2586.29314657 0.77972792
2591.29564782 0.77951359
2596.29814907 0.77929950
2601.30065033 0.77908564
2606.30315158 0.77887203
2611.30565283 0.77865864
2616.30815408 0.77844550
2621.31065533 0.77823258
2626.31315658 0.77801990
2631.31565783 0.77780745
2636.31815908 0.77759524
2641.32066033 0.77738325
2646.32316158 0.77717150
2651.32566283 0.77695998
2656.32816408 0.77674868
2661.33066533 0.77653761
2666.33316658 0.77632678
2671.33566783 0.77611617
2676.33816908 0.77590578
2681.34067034 0.77569562
2686.34317159 0.77548569
2691.34567284 0.77527598
2696.34817409 0.77506650
2701.35067534 0.77485724
2706.35317659 0.77464820
2711.35567784 0.77443938
2716.35817909 0.77423079
2721.36068034 0.77402242
2726.36318159 0.77381426
2731.36568284 0.77360633
2736.36818409 0.77339862
2741.37068534 0.77319112
2746.37318659 0.77298385
2751.37568784 0.77277679
2756.37818909 0.77256994
2761.38069035 0.77236332
2766.38319160 0.77215690
2771.38569285 0.77195071
2776.38819410 0.77174473
2781.39069535 0.77153896
2786.39319660 0.77133340
2791.39569785 0.77112806
2796.39819910 0.77092293
2801.40070035 0.77071801
2806.40320160 0.77051330
2811.40570285 0.77030881
2816.40820410 0.77010452
2821.41070535 0.76990044
2826.41320660 0.76969657
2831.41570785 0.76949291
2836.41820910 0.76928945
2841.42071036 0.76908620
2846.42321161 0.76888316
2851.42571286 0.76868033
2856.42821411 0.76847770
2861.43071536 0.76827527
2866.43321661 0.76807305
2871.43571786 0.76787103
2876.43821911 0.76766922
2881.44072036 0.76746761
2886.44322161 0.76726620
2891.44572286 0.76706499
2896.44822411 0.76686398
2901.45072536 0.76666318
2906.45322661 0.76646257
2911.45572786 0.76626216
2916.45822911 0.76606195
2921.46073037 0.76586194
2926.46323162 0.76566213
2931.46573287 0.76546252
2936.46823412 0.76526310
2941.47073537 0.76506388
2946.47323662 0.76486485
2951.47573787 0.76466602
2956.47823912 0.76446739
2961.48074037 0.76426895
2966.48324162 0.76407070
2971.48574287 0.76387265
2976.48824412 0.76367479
2981.49074537 0.76347712
2986.49324662 0.76327964
2991.49574787 0.76308236
2996.49824912 0.76288526
3001.50075038 0.76268836
3006.50325163 0.76249165
3011.50575288 0.76229512
3016.50825413 0.76209879
3021.51075538 0.76190264
3026.51325663 0.76170668
3031.51575788 0.76151091
3036.51825913 0.76131533
3041.52076038 0.76111993
3046.52326163 0.76092472
3051.52576288 0.76072970
3056.52826413 0.76053486
3061.53076538 0.76034020
3066.53326663 0.76014573
3071.53576788 0.75995145
3076.53826913 0.75975734
3081.54077039 0.75956342
3086.54327164 0.75936969
3091.54577289 0.75917613
3096.54827414 0.75898276
3101.55077539 0.75878956
3106.55327664 0.75859655
3111.55577789 0.75840372
3116.55827914 0.75821107
3121.56078039 0.75801860
3126.56328164 0.75782631
3131.56578289 0.75763419
3136.56828414 0.75744226
3141.57078539 0.75725050
3146.57328664 0.75705892
3151.57578789 0.75686751
3156.57828914 0.75667629
3161.58079040 0.75648524
3166.58329165 0.75629436
3171.58579290 0.75610366
3176.58829415 0.75591313
3181.59079540 0.75572278
3186.59329665 0.75553261
3191.59579790 0.75534260
3196.59829915 0.75515277
3201.60080040 0.75496312
3206.60330165 0.75477363
3211.60580290 0.75458432
3216.60830415 0.75439518
3221.61080540 0.75420620
3226.61330665 0.75401741
3231.61580790 0.75382878
3236.61830915 0.75364032
3241.62081041 0.75345203
3246.62331166 0.75326391
3251.62581291 0.75307595
3256.62831416 0.75288817
3261.63081541 0.75270055
3266.63331666 0.75251311
3271.63581791 0.75232583
3276.63831916 0.75213871
3281.64082041 0.75195176
3286.64332166 0.75176498
3291.64582291 0.75157837
3296.64832416 0.75139192
3301.65082541 0.75120563
3306.65332666 0.75101951
3311.65582791 0.75083355
3316.65832916 0.75064776
3321.66083042 0.75046213
3326.66333167 0.75027667
3331.66583292 0.75009136
3336.66833417 0.74990622
3341.67083542 0.74972124
3346.67333667 0.74953642
3351.67583792 0.74935177
3356.67833917 0.74916727
3361.68084042 0.74898294
3366.68334167 0.74879876
3371.68584292 0.74861475
3376.68834417 0.74843089
3381.69084542 0.74824720
3386.69334667 0.74806366
3391.69584792 0.74788028
3396.69834917 0.74769706
3401.70085043 0.74751400
3406.70335168 0.74733109
3411.70585293 0.74714834
3416.70835418 0.74696575
3421.71085543 0.74678331
3426.71335668 0.74660103
3431.71585793 0.74641891
3436.71835918 0.74623694
3441.72086043 0.74605512
3446.72336168 0.74587346
3451.72586293 0.74569196
3456.72836418 0.74551061
3461.73086543 0.74532941
3466.73336668 0.74514837
3471.73586793 0.74496747
3476.73836918 0.74478674
3481.74087044 0.74460615
3486.74337169 0.74442571
3491.74587294 0.74424543
3496.74837419 0.74406530
3501.75087544 0.74388532
3506.75337669 0.74370549
3511.75587794 0.74352581
3516.75837919 0.74334628
3521.76088044 0.74316690
3526.76338169 0.74298767
3531.76588294 0.74280859
3536.76838419 0.74262965
3541.77088544 0.74245087
3546.77338669 0.74227223
3551.77588794 0.74209375
3556.77838919 0.74191541
3561.78089045 0.74173721
3566.78339170 0.74155917
3571.78589295 0.74138127
3576.78839420 0.74120351
3581.79089545 0.74102590
3586.79339670 0.74084844
3591.79589795 0.74067112
3596.79839920 0.74049395
3601.80090045 0.74031693
3606.80340170 0.74014004
3611.80590295 0.73996330
3616.80840420 0.73978671
3621.81090545 0.73961026
3626.81340670 0.73943395
3631.81590795 0.73925779
3636.81840920 0.73908177
3641.82091046 0.73890589
3646.82341171 0.73873015
3651.82591296 0.73855455
3656.82841421 0.73837910
3661.83091546 0.73820378
3666.83341671 0.73802861
3671.83591796 0.73785358
3676.83841921 0.73767869
3681.84092046 0.73750394
3686.84342171 0.73732933
3691.84592296 0.73715486
3696.84842421 0.73698052
3701.85092546 0.73680633
3706.85342671 0.73663228
3711.85592796 0.73645836
3716.85842921 0.73628458
3721.86093047 0.73611094
3726.86343172 0.73593744
3731.86593297 0.73576407
3736.86843422 0.73559084
3741.87093547 0.73541775
3746.87343672 0.73524480
3751.87593797 0.73507198
3756.87843922 0.73489929
3761.88094047 0.73472675
3766.88344172 0.73455433
3771.88594297 0.73438206
3776.88844422 0.73420991
3781.89094547 0.73403791
3786.89344672 0.73386603
3791.89594797 0.73369429
3796.89844922 0.73352269
3801.90095048 0.73335122
3806.90345173 0.73317988
3811.90595298 0.73300867
3816.90845423 0.73283760
3821.91095548 0.73266666
3826.91345673 0.73249585
3831.91595798 0.73232517
3836.91845923 0.73215463
3841.92096048 0.73198422
3846.92346173 0.73181394
3851.92596298 0.73164378
3856.92846423 0.73147376
3861.93096548 0.73130388
3866.93346673 0.73113412
3871.93596798 0.73096449
3876.93846923 0.73079499
3881.94097049 0.73062562
3886.94347174 0.73045637
3891.94597299 0.73028726
3896.94847424 0.73011828
3901.95097549 0.72994942
3906.95347674 0.72978070
3911.95597799 0.72961210
3916.95847924 0.72944363
3921.96098049 0.72927528
3926.96348174 0.72910707
3931.96598299 0.72893898
3936.96848424 0.72877102
3941.97098549 0.72860318
3946.97348674 0.72843547
3951.97598799 0.72826789
3956.97848924 0.72810043
3961.98099050 0.72793310
3966.98349175 0.72776589
3971.98599300 0.72759881
3976.98849425 0.72743185
3981.99099550 0.72726502
3986.99349675 0.72709831
3991.99599800 0.72693173
3996.99849925 0.72676527
4002.00100050 0.72659893
4007.00350175 0.72643272
4012.00600300 0.72626663
4017.00850425 0.72610067
4022.01100550 0.72593482
4027.01350675 0.72576910
4032.01600800 0.72560350
4037.01850925 0.72543803
4042.02101051 0.72527267
4047.02351176 0.72510744
4052.02601301 0.72494233
4057.02851426 0.72477734
4062.03101551 0.72461247
4067.03351676 0.72444772
4072.03601801 0.72428310
4077.03851926 0.72411859
4082.04102051 0.72395420
4087.04352176 0.72378994
4092.04602301 0.72362579
4097.04852426 0.72346176
4102.05102551 0.72329785
4107.05352676 0.72313406
4112.05602801 0.72297039
4117.05852926 0.72280684
4122.06103052 0.72264341
4127.06353177 0.72248009
4132.06603302 0.72231689
4137.06853427 0.72215382
4142.07103552 0.72199085
4147.07353677 0.72182801
4152.07603802 0.72166528
4157.07853927 0.72150267
4162.08104052 0.72134018
4167.08354177 0.72117780
4172.08604302 0.72101554
4177.08854427 0.72085340
4182.09104552 0.72069137
4187.09354677 0.72052945
4192.09604802 0.72036766
4197.09854927 0.72020597
4202.10105053 0.72004441
4207.10355178 0.71988295
4212.10605303 0.71972162
4217.10855428 0.71956039
4222.11105553 0.71939929
4227.11355678 0.71923829
4232.11605803 0.71907741
4237.11855928 0.71891664
4242.12106053 0.71875599
4247.12356178 0.71859545
4252.12606303 0.71843502
4257.12856428 0.71827471
4262.13106553 0.71811451
4267.13356678 0.71795442
4272.13606803 0.71779444
4277.13856928 0.71763458
4282.14107054 0.71747482
4287.14357179 0.71731518
4292.14607304 0.71715566
4297.14857429 0.71699624
4302.15107554 0.71683693
4307.15357679 0.71667773
4312.15607804 0.71651865
4317.15857929 0.71635968
4322.16108054 0.71620081
4327.16358179 0.71604206
4332.16608304 0.71588341
4337.16858429 0.71572488
4342.17108554 0.71556646
4347.17358679 0.71540814
4352.17608804 0.71524994
4357.17858929 0.71509184
4362.18109055 0.71493385
4367.18359180 0.71477597
4372.18609305 0.71461820
4377.18859430 0.71446054
4382.19109555 0.71430299
4387.19359680 0.71414554
4392.19609805 0.71398821
4397.19859930 0.71383098
4402.20110055 0.71367385
4407.20360180 0.71351684
4412.20610305 0.71335993
4417.20860430 0.71320313
4422.21110555 0.71304643
4427.21360680 0.71288985
4432.21610805 0.71273337
4437.21860930 0.71257699
4442.22111056 0.71242072
4447.22361181 0.71226456
4452.22611306 0.71210850
4457.22861431 0.71195255
4462.23111556 0.71179670
4467.23361681 0.71164096
4472.23611806 0.71148532
4477.23861931 0.71132979
4482.24112056 0.71117436
4487.24362181 0.71101904
4492.24612306 0.71086382
4497.24862431 0.71070871
4502.25112556 0.71055370
4507.25362681 0.71039879
4512.25612806 0.71024399
4517.25862931 0.71008929
4522.26113057 0.70993469
4527.26363182 0.70978020
4532.26613307 0.70962581
4537.26863432 0.70947152
4542.27113557 0.70931734
4547.27363682 0.70916326
4552.27613807 0.70900928
4557.27863932 0.70885540
4562.28114057 0.70870162
4567.28364182 0.70854795
4572.28614307 0.70839438
4577.28864432 0.70824090
4582.29114557 0.70808754
4587.29364682 0.70793427
4592.29614807 0.70778110
4597.29864932 0.70762803
4602.30115058 0.70747507
4607.30365183 0.70732220
4612.30615308 0.70716944
4617.30865433 0.70701677
4622.31115558 0.70686421
4627.31365683 0.70671174
4632.31615808 0.70655938
4637.31865933 0.70640711
4642.32116058 0.70625494
4647.32366183 0.70610288
4652.32616308 0.70595091
4657.32866433 0.70579904
4662.33116558 0.70564727
4667.33366683 0.70549560
4672.33616808 0.70534402
4677.33866933 0.70519255
4682.34117059 0.70504117
4687.34367184 0.70488989
4692.34617309 0.70473871
4697.34867434 0.70458763
4702.35117559 0.70443664
4707.35367684 0.70428575
4712.35617809 0.70413496
4717.35867934 0.70398427
4722.36118059 0.70383367
4727.36368184 0.70368317
4732.36618309 0.70353277
4737.36868434 0.70338246
4742.37118559 0.70323225
4747.37368684 0.70308213
4752.37618809 0.70293211
4757.37868934 0.70278219
4762.38119060 0.70263236
4767.38369185 0.70248263
4772.38619310 0.70233300
4777.38869435 0.70218345
4782.39119560 0.70203401
4787.39369685 0.70188466
4792.39619810 0.70173540
4797.39869935 0.70158624
4802.40120060 0.70143717
4807.40370185 0.70128820
4812.40620310 0.70113932
4817.40870435 0.70099054
4822.41120560 0.70084185
4827.41370685 0.70069325
4832.41620810 0.70054475
4837.41870935 0.70039634
4842.42121061 0.70024803
4847.42371186 0.70009981
4852.42621311 0.69995168
4857.42871436 0.69980364
4862.43121561 0.69965570
4867.43371686 0.69950785
4872.43621811 0.69936009
4877.43871936 0.69921243
4882.44122061 0.69906485
4887.44372186 0.69891737
4892.44622311 0.69876998
4897.44872436 0.69862269
4902.45122561 0.69847548
4907.45372686 0.69832837
4912.45622811 0.69818135
4917.45872936 0.69803441
4922.46123062 0.69788758
4927.46373187 0.69774083
4932.46623312 0.69759417
4937.46873437 0.69744760
4942.47123562 0.69730113
4947.47373687 0.69715474
4952.47623812 0.69700845
4957.47873937 0.69686224
4962.48124062 0.69671613
4967.48374187 0.69657010
4972.48624312 0.69642417
4977.48874437 0.69627832
4982.49124562 0.69613257
4987.49374687 0.69598690
4992.49624812 0.69584133
4997.49874937 0.69569584
5002.50125063 0.69555044
5007.50375188 0.69540513
5012.50625313 0.69525991
5017.50875438 0.69511478
5022.51125563 0.69496973
5027.51375688 0.69482478
5032.51625813 0.69467991
5037.51875938 0.69453514
5042.52126063 0.69439044
5047.52376188 0.69424584
5052.52626313 0.69410133
5057.52876438 0.69395690
5062.53126563 0.69381256
5067.53376688 0.69366831
5072.53626813 0.69352415
5077.53876938 0.69338007
5082.54127064 0.69323608
5087.54377189 0.69309217
5092.54627314 0.69294836
5097.54877439 0.69280463
5102.55127564 0.69266098
5107.55377689 0.69251743
5112.55627814 0.69237396
5117.55877939 0.69223057
5122.56128064 0.69208727
5127.56378189 0.69194406
5132.56628314 0.69180093
5137.56878439 0.69165789
5142.57128564 0.69151494
5147.57378689 0.69137207
5152.57628814 0.69122928
5157.57878939 0.69108658
5162.58129065 0.69094397
5167.58379190 0.69080144
5172.58629315 0.69065899
5177.58879440 0.69051663
5182.59129565 0.69037436
5187.59379690 0.69023217
5192.59629815 0.69009006
5197.59879940 0.68994804
5202.60130065 0.68980610
5207.60380190 0.68966425
5212.60630315 0.68952247
5217.60880440 0.68938079
5222.61130565 0.68923919
5227.61380690 0.68909767
5232.61630815 0.68895623
5237.61880940 0.68881488
5242.62131066 0.68867361
5247.62381191 0.68853242
5252.62631316 0.68839132
5257.62881441 0.68825030
5262.63131566 0.68810936
5267.63381691 0.68796850
5272.63631816 0.68782773
5277.63881941 0.68768704
5282.64132066 0.68754643
5287.64382191 0.68740591
5292.64632316 0.68726546
5297.64882441 0.68712510
5302.65132566 0.68698482
5307.65382691 0.68684462
5312.65632816 0.68670451
5317.65882941 0.68656447
5322.66133067 0.68642452
5327.66383192 0.68628464
5332.66633317 0.68614485
5337.66883442 0.68600514
5342.67133567 0.68586551
5347.67383692 0.68572596
5352.67633817 0.68558650
5357.67883942 0.68544711
5362.68134067 0.68530780
5367.68384192 0.68516858
5372.68634317 0.68502943
5377.68884442 0.68489036
5382.69134567 0.68475138
5387.69384692 0.68461247
5392.69634817 0.68447364
5397.69884942 0.68433490
5402.70135068 0.68419623
5407.70385193 0.68405764
5412.70635318 0.68391914
5417.70885443 0.68378071
5422.71135568 0.68364236
5427.71385693 0.68350409
5432.71635818 0.68336590
5437.71885943 0.68322778
5442.72136068 0.68308975
5447.72386193 0.68295179
5452.72636318 0.68281392
5457.72886443 0.68267612
5462.73136568 0.68253840
5467.73386693 0.68240076
5472.73636818 0.68226319
5477.73886943 0.68212571
5482.74137069 0.68198830
5487.74387194 0.68185097
5492.74637319 0.68171372
5497.74887444 0.68157655
5502.75137569 0.68143945
5507.75387694 0.68130243
5512.75637819 0.68116549
5517.75887944 0.68102862
5522.76138069 0.68089184
5527.76388194 0.68075513
5532.76638319 0.68061849
5537.76888444 0.68048193
5542.77138569 0.68034545
5547.77388694 0.68020905
5552.77638819 0.68007272
5557.77888944 0.67993647
5562.78139070 0.67980030
5567.78389195 0.67966420
5572.78639320 0.67952818
5577.78889445 0.67939223
5582.79139570 0.67925636
5587.79389695 0.67912057
5592.79639820 0.67898485
5597.79889945 0.67884921
5602.80140070 0.67871364
5607.80390195 0.67857815
5612.80640320 0.67844273
5617.80890445 0.67830739
5622.81140570 0.67817212
5627.81390695 0.67803693
5632.81640820 0.67790182
5637.81890945 0.67776677
5642.82141071 0.67763181
5647.82391196 0.67749692
5652.82641321 0.67736210
5657.82891446 0.67722735
5662.83141571 0.67709269
5667.83391696 0.67695809
5672.83641821 0.67682357
5677.83891946 0.67668913
5682.84142071 0.67655475
5687.84392196 0.67642045
5692.84642321 0.67628623
5697.84892446 0.67615208
5702.85142571 0.67601800
5707.85392696 0.67588400
5712.85642821 0.67575007
5717.85892946 0.67561621
5722.86143072 0.67548243
5727.86393197 0.67534872
5732.86643322 0.67521508
5737.86893447 0.67508151
5742.87143572 0.67494802
5747.87393697 0.67481460
5752.87643822 0.67468126
5757.87893947 0.67454798
5762.88144072 0.67441478
5767.88394197 0.67428165
5772.88644322 0.67414860
5777.88894447 0.67401561
5782.89144572 0.67388270
5787.89394697 0.67374986
5792.89644822 0.67361709
5797.89894947 0.67348439
5802.90145073 0.67335177
5807.90395198 0.67321922
5812.90645323 0.67308673
5817.90895448 0.67295432
5822.91145573 0.67282199
5827.91395698 0.67268972
5832.91645823 0.67255752
5837.91895948 0.67242540
5842.92146073 0.67229334
5847.92396198 0.67216136
5852.92646323 0.67202945
5857.92896448 0.67189761
5862.93146573 0.67176584
5867.93396698 0.67163414
5872.93646823 0.67150251
5877.93896948 0.67137095
5882.94147074 0.67123946
5887.94397199 0.67110804
5892.94647324 0.67097670
5897.94897449 0.67084542
5902.95147574 0.67071421
5907.95397699 0.67058307
5912.95647824 0.67045200
5917.95897949 0.67032100
5922.96148074 0.67019008
5927.96398199 0.67005922
5932.96648324 0.66992843
5937.96898449 0.66979771
5942.97148574 0.66966706
5947.97398699 0.66953647
5952.97648824 0.66940596
5957.97898949 0.66927552
5962.98149075 0.66914514
5967.98399200 0.66901484
5972.98649325 0.66888460
5977.98899450 0.66875443
5982.99149575 0.66862433
5987.99399700 0.66849430
5992.99649825 0.66836434
5997.99899950 0.66823445
6003.00150075 0.66810462
6008.00400200 0.66797486
6013.00650325 0.66784517
6018.00900450 0.66771555
6023.01150575 0.66758600
6028.01400700 0.66745651
6033.01650825 0.66732710
6038.01900950 0.66719775
6043.02151076 0.66706846
6048.02401201 0.66693925
6053.02651326 0.66681010
6058.02901451 0.66668102
6063.03151576 0.66655201
6068.03401701 0.66642307
6073.03651826 0.66629419
6078.03901951 0.66616538
6083.04152076 0.66603663
6088.04402201 0.66590796
6093.04652326 0.66577935
6098.04902451 0.66565080
6103.05152576 0.66552233
6108.05402701 0.66539392
6113.05652826 0.66526557
6118.05902951 0.66513730
6123.06153077 0.66500909
6128.06403202 0.66488094
6133.06653327 0.66475286
6138.06903452 0.66462485
6143.07153577 0.66449691
6148.07403702 0.66436903
6153.07653827 0.66424121
6158.07903952 0.66411347
6163.08154077 0.66398578
6168.08404202 0.66385817
6173.08654327 0.66373062
6178.08904452 0.66360313
6183.09154577 0.66347571
6188.09404702 0.66334836
6193.09654827 0.66322107
6198.09904952 0.66309384
6203.10155078 0.66296668
6208.10405203 0.66283959
6213.10655328 0.66271256
6218.10905453 0.66258560
6223.11155578 0.66245870
6228.11405703 0.66233187
6233.11655828 0.66220510
6238.11905953 0.66207839
6243.12156078 0.66195175
6248.12406203 0.66182517
6253.12656328 0.66169866
6258.12906453 0.66157222
6263.13156578 0.66144583
6268.13406703 0.66131951
6273.13656828 0.66119326
6278.13906953 0.66106707
6283.14157079 0.66094094
6288.14407204 0.66081488
6293.14657329 0.66068888
6298.14907454 0.66056294
6303.15157579 0.66043707
6308.15407704 0.66031126
6313.15657829 0.66018552
6318.15907954 0.66005984
6323.16158079 0.65993422
6328.16408204 0.65980867
6333.16658329 0.65968318
6338.16908454 0.65955775
6343.17158579 0.65943238
6348.17408704 0.65930708
6353.17658829 0.65918184
6358.17908954 0.65905666
6363.18159080 0.65893155
6368.18409205 0.65880650
6373.18659330 0.65868151
6378.18909455 0.65855659
6383.19159580 0.65843172
6388.19409705 0.65830692
6393.19659830 0.65818218
6398.19909955 0.65805751
6403.20160080 0.65793289
6408.20410205 0.65780834
6413.20660330 0.65768385
6418.20910455 0.65755943
6423.21160580 0.65743506
6428.21410705 0.65731076
6433.21660830 0.65718651
6438.21910955 0.65706233
6443.22161081 0.65693822
6448.22411206 0.65681416
6453.22661331 0.65669016
6458.22911456 0.65656623
6463.23161581 0.65644236
6468.23411706 0.65631854
6473.23661831 0.65619479
6478.23911956 0.65607111
6483.24162081 0.65594748
6488.24412206 0.65582391
6493.24662331 0.65570040
6498.24912456 0.65557696
6503.25162581 0.65545358
6508.25412706 0.65533025
6513.25662831 0.65520699
6518.25912956 0.65508379
6523.26163082 0.65496065
6528.26413207 0.65483757
6533.26663332 0.65471455
6538.26913457 0.65459158
6543.27163582 0.65446869
6548.27413707 0.65434585
6553.27663832 0.65422307
6558.27913957 0.65410035
6563.28164082 0.65397769
6568.28414207 0.65385509
6573.28664332 0.65373255
6578.28914457 0.65361007
6583.29164582 0.65348765
6588.29414707 0.65336529
6593.29664832 0.65324299
6598.29914957 0.65312075
6603.30165083 0.65299857
6608.30415208 0.65287644
6613.30665333 0.65275438
6618.30915458 0.65263238
6623.31165583 0.65251043
6628.31415708 0.65238855
6633.31665833 0.65226672
6638.31915958 0.65214496
6643.32166083 0.65202325
6648.32416208 0.65190160
6653.32666333 0.65178001
6658.32916458 0.65165848
6663.33166583 0.65153701
6668.33416708 0.65141559
6673.33666833 0.65129424
6678.33916958 0.65117294
6683.34167084 0.65105170
6688.34417209 0.65093052
6693.34667334 0.65080940
6698.34917459 0.65068834
6703.35167584 0.65056733
6708.35417709 0.65044639
6713.35667834 0.65032550
6718.35917959 0.65020467
6723.36168084 0.65008389
6728.36418209 0.64996318
6733.36668334 0.64984252
6738.36918459 0.64972192
6743.37168584 0.64960138
6748.37418709 0.64948090
6753.37668834 0.64936047
6758.37918959 0.64924010
6763.38169085 0.64911979
6768.38419210 0.64899954
6773.38669335 0.64887934
6778.38919460 0.64875920
6783.39169585 0.64863912
6788.39419710 0.64851909
6793.39669835 0.64839913
6798.39919960 0.64827922
6803.40170085 0.64815936
6808.40420210 0.64803957
6813.40670335 0.64791983
6818.40920460 0.64780014
6823.41170585 0.64768052
6828.41420710 0.64756095
6833.41670835 0.64744143
6838.41920960 0.64732198
6843.42171086 0.64720258
6848.42421211 0.64708323
6853.42671336 0.64696395
6858.42921461 0.64684472
6863.43171586 0.64672554
6868.43421711 0.64660642
6873.43671836 0.64648736
6878.43921961 0.64636836
6883.44172086 0.64624941
6888.44422211 0.64613051
6893.44672336 0.64601167
6898.44922461 0.64589289
6903.45172586 0.64577416
6908.45422711 0.64565549
6913.45672836 0.64553688
6918.45922961 0.64541832
6923.46173087 0.64529982
6928.46423212 0.64518137
6933.46673337 0.64506297
6938.46923462 0.64494464
6943.47173587 0.64482635
6948.47423712 0.64470813
6953.47673837 0.64458996
6958.47923962 0.64447184
6963.48174087 0.64435378
6968.48424212 0.64423577
6973.48674337 0.64411782
6978.48924462 0.64399992
6983.49174587 0.64388208
6988.49424712 0.64376429
6993.49674837 0.64364656
6998.49924962 0.64352888
7003.50175088 0.64341126
7008.50425213 0.64329369
7013.50675338 0.64317618
7018.50925463 0.64305872
7023.51175588 0.64294131
7028.51425713 0.64282396
7033.51675838 0.64270667
7038.51925963 0.64258943
7043.52176088 0.64247224
7048.52426213 0.64235510
7053.52676338 0.64223803
7058.52926463 0.64212100
7063.53176588 0.64200403
7068.53426713 0.64188711
7073.53676838 0.64177025
7078.53926963 0.64165344
7083.54177089 0.64153668
7088.54427214 0.64141998
7093.54677339 0.64130333
7098.54927464 0.64118673
7103.55177589 0.64107019
7108.55427714 0.64095370
7113.55677839 0.64083727
7118.55927964 0.64072089
7123.56178089 0.64060456
7128.56428214 0.64048828
7133.56678339 0.64037206
7138.56928464 0.64025589
7143.57178589 0.64013978
7148.57428714 0.64002372
7153.57678839 0.63990771
7158.57928964 0.63979175
7163.58179090 0.63967585
7168.58429215 0.63956000
7173.58679340 0.63944420
7178.58929465 0.63932845
7183.59179590 0.63921276
7188.59429715 0.63909712
7193.59679840 0.63898153
7198.59929965 0.63886600
7203.60180090 0.63875051
7208.60430215 0.63863508
7213.60680340 0.63851971
7218.60930465 0.63840438
7223.61180590 0.63828911
7228.61430715 0.63817389
7233.61680840 0.63805872
7238.61930965 0.63794360
7243.62181091 0.63782854
7248.62431216 0.63771352
7253.62681341 0.63759856
7258.62931466 0.63748365
7263.63181591 0.63736880
7268.63431716 0.63725399
7273.63681841 0.63713924
7278.63931966 0.63702454
7283.64182091 0.63690988
7288.64432216 0.63679529
7293.64682341 0.63668074
7298.64932466 0.63656624
7303.65182591 0.63645180
7308.65432716 0.63633741
7313.65682841 0.63622306
7318.65932966 0.63610877
7323.66183092 0.63599453
7328.66433217 0.63588035
7333.66683342 0.63576621
7338.66933467 0.63565212
7343.67183592 0.63553809
7348.67433717 0.63542410
7353.67683842 0.63531017
7358.67933967 0.63519629
7363.68184092 0.63508246
7368.68434217 0.63496868
7373.68684342 0.63485495
7378.68934467 0.63474127
7383.69184592 0.63462764
7388.69434717 0.63451406
7393.69684842 0.63440053
7398.69934967 0.63428706
7403.70185093 0.63417363
7408.70435218 0.63406025
7413.70685343 0.63394693
7418.70935468 0.63383365
7423.71185593 0.63372043
7428.71435718 0.63360725
7433.71685843 0.63349413
7438.71935968 0.63338105
7443.72186093 0.63326803
7448.72436218 0.63315505
7453.72686343 0.63304212
7458.72936468 0.63292925
7463.73186593 0.63281642
7468.73436718 0.63270365
7473.73686843 0.63259092
7478.73936968 0.63247825
7483.74187094 0.63236562
7488.74437219 0.63225304
7493.74687344 0.63214051
7498.74937469 0.63202804
7503.75187594 0.63191561
7508.75437719 0.63180323
7513.75687844 0.63169090
7518.75937969 0.63157862
7523.76188094 0.63146639
7528.76438219 0.63135420
7533.76688344 0.63124207
7538.76938469 0.63112999
7543.77188594 0.63101795
7548.77438719 0.63090597
7553.77688844 0.63079403
7558.77938969 0.63068214
7563.78189095 0.63057030
7568.78439220 0.63045851
7573.78689345 0.63034677
7578.78939470 0.63023508
7583.79189595 0.63012343
7588.79439720 0.63001184
7593.79689845 0.62990029
7598.79939970 0.62978879
7603.80190095 0.62967734
7608.80440220 0.62956594
7613.80690345 0.62945459
7618.80940470 0.62934328
7623.81190595 0.62923203
7628.81440720 0.62912082
7633.81690845 0.62900966
7638.81940970 0.62889855
7643.82191096 0.62878748
7648.82441221 0.62867647
7653.82691346 0.62856550
7658.82941471 0.62845458
7663.83191596 0.62834371
7668.83441721 0.62823289
7673.83691846 0.62812211
7678.83941971 0.62801138
7683.84192096 0.62790070
7688.84442221 0.62779007
7693.84692346 0.62767949
7698.84942471 0.62756895
7703.85192596 0.62745846
7708.85442721 0.62734802
7713.85692846 0.62723762
7718.85942971 0.62712728
7723.86193097 0.62701698
7728.86443222 0.62690673
7733.86693347 0.62679652
7738.86943472 0.62668636
7743.87193597 0.62657625
7748.87443722 0.62646619
7753.87693847 0.62635617
7758.87943972 0.62624620
7763.88194097 0.62613628
7768.88444222 0.62602641
7773.88694347 0.62591658
7778.88944472 0.62580680
7783.89194597 0.62569707
7788.89444722 0.62558738
7793.89694847 0.62547774
7798.89944972 0.62536814
7803.90195098 0.62525860
7808.90445223 0.62514910
7813.90695348 0.62503964
7818.90945473 0.62493024
7823.91195598 0.62482087
7828.91445723 0.62471156
7833.91695848 0.62460229
7838.91945973 0.62449307
7843.92196098 0.62438390
7848.92446223 0.62427477
7853.92696348 0.62416569
7858.92946473 0.62405665
7863.93196598 0.62394766
7868.93446723 0.62383872
7873.93696848 0.62372982
7878.93946973 0.62362097
7883.94197099 0.62351216
7888.94447224 0.62340340
7893.94697349 0.62329469
7898.94947474 0.62318602
7903.95197599 0.62307740
7908.95447724 0.62296882
7913.95697849 0.62286029
7918.95947974 0.62275181
7923.96198099 0.62264337
7928.96448224 0.62253497
7933.96698349 0.62242663
7938.96948474 0.62231832
7943.97198599 0.62221007
7948.97448724 0.62210186
7953.97698849 0.62199369
7958.97948974 0.62188557
7963.98199100 0.62177750
7968.98449225 0.62166947
7973.98699350 0.62156148
7978.98949475 0.62145354
7983.99199600 0.62134565
7988.99449725 0.62123780
7993.99699850 0.62113000
7998.99949975 0.62102224
8004.00200100 0.62091452
8009.00450225 0.62080685
8014.00700350 0.62069923
8019.00950475 0.62059165
8024.01200600 0.62048412
8029.01450725 0.62037663
8034.01700850 0.62026918
8039.01950975 0.62016178
8044.02201101 0.62005443
8049.02451226 0.61994712
8054.02701351 0.61983985
8059.02951476 0.61973263
8064.03201601 0.61962546
8069.03451726 0.61951832
8074.03701851 0.61941124
8079.03951976 0.61930419
8084.04202101 0.61919719
8089.04452226 0.61909024
8094.04702351 0.61898333
8099.04952476 0.61887646
8104.05202601 0.61876964
8109.05452726 0.61866286
8114.05702851 0.61855613
8119.05952976 0.61844944
8124.06203102 0.61834279
8129.06453227 0.61823619
8134.06703352 0.61812964
8139.06953477 0.61802312
8144.07203602 0.61791665
8149.07453727 0.61781023
8154.07703852 0.61770385
8159.07953977 0.61759751
8164.08204102 0.61749121
8169.08454227 0.61738496
8174.08704352 0.61727876
8179.08954477 0.61717259
8184.09204602 0.61706647
8189.09454727 0.61696040
8194.09704852 0.61685436
8199.09954977 0.61674837
8204.10205103 0.61664243
8209.10455228 0.61653653
8214.10705353 0.61643067
8219.10955478 0.61632485
8224.11205603 0.61621908
8229.11455728 0.61611335
8234.11705853 0.61600766
8239.11955978 0.61590202
8244.12206103 0.61579642
8249.12456228 0.61569086
8254.12706353 0.61558535
8259.12956478 0.61547988
8264.13206603 0.61537445
8269.13456728 0.61526907
8274.13706853 0.61516373
8279.13956978 0.61505843
8284.14207104 0.61495317
8289.14457229 0.61484796
8294.14707354 0.61474279
8299.14957479 0.61463766
8304.15207604 0.61453257
8309.15457729 0.61442753
8314.15707854 0.61432253
8319.15957979 0.61421757
8324.16208104 0.61411266
8329.16458229 0.61400779
8334.16708354 0.61390296
8339.16958479 0.61379817
8344.17208604 0.61369342
8349.17458729 0.61358872
8354.17708854 0.61348406
8359.17958979 0.61337944
8364.18209105 0.61327487
8369.18459230 0.61317033
8374.18709355 0.61306584
8379.18959480 0.61296139
8384.19209605 0.61285698
8389.19459730 0.61275262
8394.19709855 0.61264830
8399.19959980 0.61254401
8404.20210105 0.61243977
8409.20460230 0.61233558
8414.20710355 0.61223142
8419.20960480 0.61212731
8424.21210605 0.61202324
8429.21460730 0.61191920
8434.21710855 0.61181522
8439.21960980 0.61171127
8444.22211106 0.61160736
8449.22461231 0.61150350
8454.22711356 0.61139968
8459.22961481 0.61129590
8464.23211606 0.61119216
8469.23461731 0.61108846
8474.23711856 0.61098480
8479.23961981 0.61088119
8484.24212106 0.61077762
8489.24462231 0.61067408
8494.24712356 0.61057059
8499.24962481 0.61046714
8504.25212606 0.61036374
8509.25462731 0.61026037
8514.25712856 0.61015704
8519.25962981 0.61005376
8524.26213107 0.60995051
8529.26463232 0.60984731
8534.26713357 0.60974415
8539.26963482 0.60964103
8544.27213607 0.60953795
8549.27463732 0.60943491
8554.27713857 0.60933191
8559.27963982 0.60922895
8564.28214107 0.60912604
8569.28464232 0.60902316
8574.28714357 0.60892033
8579.28964482 0.60881753
8584.29214607 0.60871478
8589.29464732 0.60861207
8594.29714857 0.60850939
8599.29964982 0.60840676
8604.30215108 0.60830417
8609.30465233 0.60820162
8614.30715358 0.60809911
8619.30965483 0.60799664
8624.31215608 0.60789421
8629.31465733 0.60779182
8634.31715858 0.60768947
8639.31965983 0.60758716
8644.32216108 0.60748490
8649.32466233 0.60738267
8654.32716358 0.60728048
8659.32966483 0.60717833
8664.33216608 0.60707622
8669.33466733 0.60697416
8674.33716858 0.60687213
8679.33966983 0.60677014
8684.34217109 0.60666819
8689.34467234 0.60656629
8694.34717359 0.60646442
8699.34967484 0.60636259
8704.35217609 0.60626080
8709.35467734 0.60615905
8714.35717859 0.60605735
8719.35967984 0.60595568
8724.36218109 0.60585405
8729.36468234 0.60575246
8734.36718359 0.60565091
8739.36968484 0.60554940
8744.37218609 0.60544793
8749.37468734 0.60534650
8754.37718859 0.60524511
8759.37968984 0.60514375
8764.38219110 0.60504244
8769.38469235 0.60494117
8774.38719360 0.60483994
8779.38969485 0.60473874
8784.39219610 0.60463759
8789.39469735 0.60453647
8794.39719860 0.60443539
8799.39969985 0.60433436
8804.40220110 0.60423336
8809.40470235 0.60413240
8814.40720360 0.60403148
8819.40970485 0.60393060
8824.41220610 0.60382976
8829.41470735 0.60372896
8834.41720860 0.60362819
8839.41970985 0.60352747
8844.42221111 0.60342678
8849.42471236 0.60332614
8854.42721361 0.60322553
8859.42971486 0.60312496
8864.43221611 0.60302443
8869.43471736 0.60292394
8874.43721861 0.60282348
8879.43971986 0.60272307
8884.44222111 0.60262269
8889.44472236 0.60252236
8894.44722361 0.60242206
8899.44972486 0.60232180
8904.45222611 0.60222158
8909.45472736 0.60212140
8914.45722861 0.60202125
8919.45972986 0.60192115
8924.46223112 0.60182108
8929.46473237 0.60172105
8934.46723362 0.60162106
8939.46973487 0.60152111
8944.47223612 0.60142120
8949.47473737 0.60132132
8954.47723862 0.60122148
8959.47973987 0.60112168
8964.48224112 0.60102192
8969.48474237 0.60092220
8974.48724362 0.60082251
8979.48974487 0.60072287
8984.49224612 0.60062326
8989.49474737 0.60052369
8994.49724862 0.60042416
8999.49974987 0.60032466
9004.50225113 0.60022521
9009.50475238 0.60012579
9014.50725363 0.60002641
9019.50975488 0.59992706
9024.51225613 0.59982776
9029.51475738 0.59972849
9034.51725863 0.59962926
9039.51975988 0.59953007
9044.52226113 0.59943091
9049.52476238 0.59933180
9054.52726363 0.59923272
9059.52976488 0.59913368
9064.53226613 0.59903467
9069.53476738 0.59893571
9074.53726863 0.59883678
9079.53976988 0.59873789
9084.54227114 0.59863903
9089.54477239 0.59854022
9094.54727364 0.59844144
9099.54977489 0.59834269
9104.55227614 0.59824399
9109.55477739 0.59814532
9114.55727864 0.59804669
9119.55977989 0.59794810
9124.56228114 0.59784954
9129.56478239 0.59775103
9134.56728364 0.59765254
9139.56978489 0.59755410
9144.57228614 0.59745569
9149.57478739 0.59735732
9154.57728864 0.59725899
9159.57978989 0.59716069
9164.58229115 0.59706243
9169.58479240 0.59696421
9174.58729365 0.59686603
9179.58979490 0.59676788
9184.59229615 0.59666977
9189.59479740 0.59657169
9194.59729865 0.59647365
9199.59979990 0.59637565
9204.60230115 0.59627769
9209.60480240 0.59617976
9214.60730365 0.59608187
9219.60980490 0.59598402
9224.61230615 0.59588620
9229.61480740 0.59578842
9234.61730865 0.59569067
9239.61980990 0.59559296
9244.62231116 0.59549529
9249.62481241 0.59539766
9254.62731366 0.59530006
9259.62981491 0.59520250
9264.63231616 0.59510497
9269.63481741 0.59500748
9274.63731866 0.59491003
9279.63981991 0.59481261
9284.64232116 0.59471523
9289.64482241 0.59461788
9294.64732366 0.59452058
9299.64982491 0.59442330
9304.65232616 0.59432607
9309.65482741 0.59422887
9314.65732866 0.59413170
9319.65982991 0.59403458
9324.66233117 0.59393748
9329.66483242 0.59384043
9334.66733367 0.59374341
9339.66983492 0.59364642
9344.67233617 0.59354948
9349.67483742 0.59345256
9354.67733867 0.59335569
9359.67983992 0.59325885
9364.68234117 0.59316204
9369.68484242 0.59306528
9374.68734367 0.59296854
9379.68984492 0.59287185
9384.69234617 0.59277518
9389.69484742 0.59267856
9394.69734867 0.59258197
9399.69984992 0.59248541
9404.70235118 0.59238889
9409.70485243 0.59229241
9414.70735368 0.59219596
9419.70985493 0.59209955
9424.71235618 0.59200317
9429.71485743 0.59190683
9434.71735868 0.59181053
9439.71985993 0.59171426
9444.72236118 0.59161802
9449.72486243 0.59152182
9454.72736368 0.59142566
9459.72986493 0.59132953
9464.73236618 0.59123343
9469.73486743 0.59113737
9474.73736868 0.59104135
9479.73986993 0.59094536
9484.74237119 0.59084941
9489.74487244 0.59075349
9494.74737369 0.59065761
9499.74987494 0.59056176
9504.75237619 0.59046595
9509.75487744 0.59037017
9514.75737869 0.59027442
9519.75987994 0.59017872
9524.76238119 0.59008304
9529.76488244 0.58998741
9534.76738369 0.58989180
9539.76988494 0.58979623
9544.77238619 0.58970070
9549.77488744 0.58960520
9554.77738869 0.58950974
9559.77988994 0.58941431
9564.78239120 0.58931891
9569.78489245 0.58922355
9574.78739370 0.58912823
9579.78989495 0.58903294
9584.79239620 0.58893768
9589.79489745 0.58884246
9594.79739870 0.58874727
9599.79989995 0.58865212
9604.80240120 0.58855700
9609.80490245 0.58846192
9614.80740370 0.58836687
9619.80990495 0.58827186
9624.81240620 0.58817688
9629.81490745 0.58808193
9634.81740870 0.58798702
9639.81990995 0.58789214
9644.82241121 0.58779730
9649.82491246 0.58770249
9654.82741371 0.58760772
9659.82991496 0.58751298
9664.83241621 0.58741827
9669.83491746 0.58732360
9674.83741871 0.58722896
9679.83991996 0.58713436
9684.84242121 0.58703979
9689.84492246 0.58694525
9694.84742371 0.58685075
9699.84992496 0.58675629
9704.85242621 0.58666185
9709.85492746 0.58656745
9714.85742871 0.58647309
9719.85992996 0.58637876
9724.86243122 0.58628446
9729.86493247 0.58619020
9734.86743372 0.58609597
9739.86993497 0.58600177
9744.87243622 0.58590761
9749.87493747 0.58581348
9754.87743872 0.58571939
9759.87993997 0.58562533
9764.88244122 0.58553130
9769.88494247 0.58543730
9774.88744372 0.58534334
9779.88994497 0.58524942
9784.89244622 0.58515553
9789.89494747 0.58506167
9794.89744872 0.58496784
9799.89994997 0.58487405
9804.90245123 0.58478029
9809.90495248 0.58468656
9814.90745373 0.58459287
9819.90995498 0.58449921
9824.91245623 0.58440559
9829.91495748 0.58431200
9834.91745873 0.58421844
9839.91995998 0.58412491
9844.92246123 0.58403142
9849.92496248 0.58393796
9854.92746373 0.58384454
9859.92996498 0.58375115
9864.93246623 0.58365779
9869.93496748 0.58356446
9874.93746873 0.58347117
9879.93996998 0.58337791
9884.94247124 0.58328468
9889.94497249 0.58319149
9894.94747374 0.58309833
9899.94997499 0.58300520
9904.95247624 0.58291211
9909.95497749 0.58281905
9914.95747874 0.58272602
9919.95997999 0.58263302
9924.96248124 0.58254006
9929.96498249 0.58244713
9934.96748374 0.58235423
9939.96998499 0.58226137
9944.97248624 0.58216854
9949.97498749 0.58207574
9954.97748874 0.58198297
9959.97998999 0.58189024
9964.98249125 0.58179754
9969.98499250 0.58170487
9974.98749375 0.58161224
9979.98999500 0.58151963
9984.99249625 0.58142706
9989.99499750 0.58133453
9994.99749875 0.58124202
10000.00000000 0.58114955
