0.00000000 1.00000000
5.00250125 0.99375108
10.00500250 0.98927369
15.00750375 0.98553316
20.01000500 0.98223038
25.01250625 0.97922963
30.01500750 0.97645587
35.01750875 0.97386221
40.02001001 0.97141669
45.02251126 0.96909616
50.02501251 0.96688312
55.02751376 0.96476391
60.03001501 0.96272757
65.03251626 0.96076519
70.03501751 0.95886935
75.03751876 0.95703382
80.04002001 0.95525331
85.04252126 0.95352326
90.04502251 0.95183974
95.04752376 0.95019928
100.05002501 0.94859887
105.05252626 0.94703580
110.05502751 0.94550770
115.05752876 0.94401240
120.06003002 0.94254799
125.06253127 0.94111271
130.06503252 0.93970498
135.06753377 0.93832335
140.07003502 0.93696652
145.07253627 0.93563326
150.07503752 0.93432247
155.07753877 0.93303312
160.08004002 0.93176424
165.08254127 0.93051498
170.08504252 0.92928450
175.08754377 0.92807204
180.09004502 0.92687690
185.09254627 0.92569840
190.09504752 0.92453592
195.09754877 0.92338888
200.10005003 0.92225673
205.10255128 0.92113895
210.10505253 0.92003505
215.10755378 0.91894458
220.11005503 0.91786709
225.11255628 0.91680217
230.11505753 0.91574944
235.11755878 0.91470852
240.12006003 0.91367906
245.12256128 0.91266072
250.12506253 0.91165319
255.12756378 0.91065617
260.13006503 0.90966936
265.13256628 0.90869249
270.13506753 0.90772529
275.13756878 0.90676750
280.14007004 0.90581890
285.14257129 0.90487925
290.14507254 0.90394832
295.14757379 0.90302590
300.15007504 0.90211179
305.15257629 0.90120579
310.15507754 0.90030772
315.15757879 0.89941738
320.16008004 0.89853461
325.16258129 0.89765924
330.16508254 0.89679111
335.16758379 0.89593005
340.17008504 0.89507593
345.17258629 0.89422859
350.17508754 0.89338789
355.17758879 0.89255370
360.18009005 0.89172588
365.18259130 0.89090432
370.18509255 0.89008888
375.18759380 0.88927945
380.19009505 0.88847591
385.19259630 0.88767816
390.19509755 0.88688608
395.19759880 0.88609956
400.20010005 0.88531851
405.20260130 0.88454284
410.20510255 0.88377243
415.20760380 0.88300720
420.21010505 0.88224707
425.21260630 0.88149193
430.21510755 0.88074172
435.21760880 0.87999633
440.22011006 0.87925570
445.22261131 0.87851975
450.22511256 0.87778839
455.22761381 0.87706156
460.23011506 0.87633918
465.23261631 0.87562118
470.23511756 0.87490749
475.23761881 0.87419805
480.24012006 0.87349279
485.24262131 0.87279165
490.24512256 0.87209456
495.24762381 0.87140146
500.25012506 0.87071230
505.25262631 0.87002702
510.25512756 0.86934555
515.25762881 0.86866786
520.26013007 0.86799387
525.26263132 0.86732355
530.26513257 0.86665683
535.26763382 0.86599367
540.27013507 0.86533402
545.27263632 0.86467783
550.27513757 0.86402505
555.27763882 0.86337564
560.28014007 0.86272956
565.28264132 0.86208675
570.28514257 0.86144718
575.28764382 0.86081080
580.29014507 0.86017758
585.29264632 0.85954747
590.29514757 0.85892043
595.29764882 0.85829642
600.30015008 0.85767541
605.30265133 0.85705736
610.30515258 0.85644223
615.30765383 0.85582999
620.31015508 0.85522060
625.31265633 0.85461402
630.31515758 0.85401023
635.31765883 0.85340919
640.32016008 0.85281086
645.32266133 0.85221522
650.32516258 0.85162224
655.32766383 0.85103187
660.33016508 0.85044411
665.33266633 0.84985890
670.33516758 0.84927623
675.33766883 0.84869607
680.34017009 0.84811838
685.34267134 0.84754315
690.34517259 0.84697034
695.34767384 0.84639993
700.35017509 0.84583188
705.35267634 0.84526619
710.35517759 0.84470281
715.35767884 0.84414173
720.36018009 0.84358292
725.36268134 0.84302636
730.36518259 0.84247202
735.36768384 0.84191988
740.37018509 0.84136992
745.37268634 0.84082211
750.37518759 0.84027644
755.37768884 0.83973288
760.38019010 0.83919141
765.38269135 0.83865200
770.38519260 0.83811465
775.38769385 0.83757933
780.39019510 0.83704601
785.39269635 0.83651468
790.39519760 0.83598533
795.39769885 0.83545792
800.40020010 0.83493244
805.40270135 0.83440888
810.40520260 0.83388721
815.40770385 0.83336742
820.41020510 0.83284948
825.41270635 0.83233339
830.41520760 0.83181912
835.41770885 0.83130666
840.42021011 0.83079600
845.42271136 0.83028710
850.42521261 0.82977997
855.42771386 0.82927457
860.43021511 0.82877091
865.43271636 0.82826895
870.43521761 0.82776869
875.43771886 0.82727012
880.44022011 0.82677321
885.44272136 0.82627795
890.44522261 0.82578432
895.44772386 0.82529232
900.45022511 0.82480193
905.45272636 0.82431314
910.45522761 0.82382592
915.45772886 0.82334028
920.46023012 0.82285619
925.46273137 0.82237364
930.46523262 0.82189262
935.46773387 0.82141311
940.47023512 0.82093511
945.47273637 0.82045860
950.47523762 0.81998357
955.47773887 0.81951000
960.48024012 0.81903790
965.48274137 0.81856723
970.48524262 0.81809800
975.48774387 0.81763018
980.49024512 0.81716378
985.49274637 0.81669877
990.49524762 0.81623515
995.49774887 0.81577290
1000.50025013 0.81531202
1005.50275138 0.81485249
1010.50525263 0.81439431
1015.50775388 0.81393746
1020.51025513 0.81348194
1025.51275638 0.81302772
1030.51525763 0.81257482
1035.51775888 0.81212320
1040.52026013 0.81167287
1045.52276138 0.81122381
1050.52526263 0.81077602
1055.52776388 0.81032948
1060.53026513 0.80988418
1065.53276638 0.80944013
1070.53526763 0.80899730
1075.53776888 0.80855569
1080.54027014 0.80811529
1085.54277139 0.80767609
1090.54527264 0.80723809
1095.54777389 0.80680127
1100.55027514 0.80636562
1105.55277639 0.80593114
1110.55527764 0.80549782
1115.55777889 0.80506565
1120.56028014 0.80463463
1125.56278139 0.80420474
1130.56528264 0.80377597
1135.56778389 0.80334833
1140.57028514 0.80292179
1145.57278639 0.80249636
1150.57528764 0.80207203
1155.57778889 0.80164879
1160.58029015 0.80122662
1165.58279140 0.80080553
1170.58529265 0.80038551
1175.58779390 0.79996655
1180.59029515 0.79954864
1185.59279640 0.79913178
1190.59529765 0.79871596
1195.59779890 0.79830117
1200.60030015 0.79788740
1205.60280140 0.79747465
1210.60530265 0.79706292
1215.60780390 0.79665219
1220.61030515 0.79624246
1225.61280640 0.79583372
1230.61530765 0.79542597
1235.61780890 0.79501920
1240.62031016 0.79461340
1245.62281141 0.79420858
1250.62531266 0.79380471
1255.62781391 0.79340180
1260.63031516 0.79299984
1265.63281641 0.79259882
1270.63531766 0.79219874
1275.63781891 0.79179960
1280.64032016 0.79140138
1285.64282141 0.79100408
1290.64532266 0.79060769
1295.64782391 0.79021222
1300.65032516 0.78981765
1305.65282641 0.78942398
1310.65532766 0.78903121
1315.65782891 0.78863932
1320.66033017 0.78824831
1325.66283142 0.78785819
1330.66533267 0.78746893
1335.66783392 0.78708054
1340.67033517 0.78669302
1345.67283642 0.78630635
1350.67533767 0.78592054
1355.67783892 0.78553557
1360.68034017 0.78515145
1365.68284142 0.78476816
1370.68534267 0.78438571
1375.68784392 0.78400408
1380.69034517 0.78362328
1385.69284642 0.78324330
1390.69534767 0.78286413
1395.69784892 0.78248577
1400.70035018 0.78210821
1405.70285143 0.78173146
1410.70535268 0.78135550
1415.70785393 0.78098034
1420.71035518 0.78060596
1425.71285643 0.78023237
1430.71535768 0.77985955
1435.71785893 0.77948751
1440.72036018 0.77911624
1445.72286143 0.77874574
1450.72536268 0.77837600
1455.72786393 0.77800702
1460.73036518 0.77763879
1465.73286643 0.77727131
1470.73536768 0.77690457
1475.73786893 0.77653858
1480.74037019 0.77617333
1485.74287144 0.77580881
1490.74537269 0.77544502
1495.74787394 0.77508196
1500.75037519 0.77471962
1505.75287644 0.77435801
1510.75537769 0.77399710
1515.75787894 0.77363691
1520.76038019 0.77327743
1525.76288144 0.77291865
1530.76538269 0.77256057
1535.76788394 0.77220319
1540.77038519 0.77184650
1545.77288644 0.77149050
1550.77538769 0.77113519
1555.77788894 0.77078056
1560.78039020 0.77042662
1565.78289145 0.77007334
1570.78539270 0.76972075
1575.78789395 0.76936882
1580.79039520 0.76901756
1585.79289645 0.76866696
1590.79539770 0.76831702
1595.79789895 0.76796774
1600.80040020 0.76761912
1605.80290145 0.76727114
1610.80540270 0.76692381
1615.80790395 0.76657713
1620.81040520 0.76623108
1625.81290645 0.76588568
1630.81540770 0.76554091
1635.81790895 0.76519677
1640.82041021 0.76485326
1645.82291146 0.76451038
1650.82541271 0.76416812
1655.82791396 0.76382648
1660.83041521 0.76348545
1665.83291646 0.76314505
1670.83541771 0.76280525
1675.83791896 0.76246606
1680.84042021 0.76212748
1685.84292146 0.76178950
1690.84542271 0.76145212
1695.84792396 0.76111534
1700.85042521 0.76077916
1705.85292646 0.76044356
1710.85542771 0.76010856
1715.85792896 0.75977414
1720.86043022 0.75944031
1725.86293147 0.75910706
1730.86543272 0.75877439
1735.86793397 0.75844229
1740.87043522 0.75811077
1745.87293647 0.75777982
1750.87543772 0.75744943
1755.87793897 0.75711962
1760.88044022 0.75679037
1765.88294147 0.75646168
1770.88544272 0.75613355
1775.88794397 0.75580597
1780.89044522 0.75547895
1785.89294647 0.75515248
1790.89544772 0.75482656
1795.89794897 0.75450119
1800.90045023 0.75417636
1805.90295148 0.75385207
1810.90545273 0.75352832
1815.90795398 0.75320511
1820.91045523 0.75288244
1825.91295648 0.75256030
1830.91545773 0.75223869
1835.91795898 0.75191761
1840.92046023 0.75159705
1845.92296148 0.75127702
1850.92546273 0.75095751
1855.92796398 0.75063852
1860.93046523 0.75032005
1865.93296648 0.75000210
1870.93546773 0.74968465
1875.93796898 0.74936772
1880.94047024 0.74905130
1885.94297149 0.74873539
1890.94547274 0.74841998
1895.94797399 0.74810507
1900.95047524 0.74779066
1905.95297649 0.74747676
1910.95547774 0.74716335
1915.95797899 0.74685043
1920.96048024 0.74653801
1925.96298149 0.74622608
1930.96548274 0.74591464
1935.96798399 0.74560368
1940.97048524 0.74529321
1945.97298649 0.74498323
1950.97548774 0.74467372
1955.97798899 0.74436470
1960.98049025 0.74405615
1965.98299150 0.74374808
1970.98549275 0.74344048
1975.98799400 0.74313335
1980.99049525 0.74282670
1985.99299650 0.74252051
1990.99549775 0.74221479
1995.99799900 0.74190953
2001.00050025 0.74160474
2006.00300150 0.74130040
2011.00550275 0.74099653
2016.00800400 0.74069312
2021.01050525 0.74039016
2026.01300650 0.74008765
2031.01550775 0.73978560
2036.01800900 0.73948400
2041.02051026 0.73918285
2046.02301151 0.73888214
2051.02551276 0.73858188
2056.02801401 0.73828207
2061.03051526 0.73798270
2066.03301651 0.73768377
2071.03551776 0.73738527
2076.03801901 0.73708722
2081.04052026 0.73678960
2086.04302151 0.73649242
2091.04552276 0.73619567
2096.04802401 0.73589935
2101.05052526 0.73560346
2106.05302651 0.73530799
2111.05552776 0.73501296
2116.05802901 0.73471835
2121.06053027 0.73442416
2126.06303152 0.73413040
2131.06553277 0.73383705
2136.06803402 0.73354412
2141.07053527 0.73325162
2146.07303652 0.73295952
2151.07553777 0.73266785
2156.07803902 0.73237658
2161.08054027 0.73208573
2166.08304152 0.73179529
2171.08554277 0.73150525
2176.08804402 0.73121562
2181.09054527 0.73092640
2186.09304652 0.73063759
2191.09554777 0.73034917
2196.09804902 0.73006116
2201.10055028 0.72977355
2206.10305153 0.72948634
2211.10555278 0.72919952
2216.10805403 0.72891310
2221.11055528 0.72862708
2226.11305653 0.72834145
2231.11555778 0.72805621
2236.11805903 0.72777136
2241.12056028 0.72748690
2246.12306153 0.72720283
2251.12556278 0.72691914
2256.12806403 0.72663585
2261.13056528 0.72635293
2266.13306653 0.72607040
2271.13556778 0.72578825
2276.13806903 0.72550648
2281.14057029 0.72522509
2286.14307154 0.72494408
2291.14557279 0.72466344
2296.14807404 0.72438318
2301.15057529 0.72410329
2306.15307654 0.72382378
2311.15557779 0.72354464
2316.15807904 0.72326586
2321.16058029 0.72298746
2326.16308154 0.72270943
2331.16558279 0.72243176
2336.16808404 0.72215446
2341.17058529 0.72187752
2346.17308654 0.72160094
2351.17558779 0.72132473
2356.17808904 0.72104888
2361.18059030 0.72077339
2366.18309155 0.72049825
2371.18559280 0.72022348
2376.18809405 0.71994906
2381.19059530 0.71967499
2386.19309655 0.71940128
2391.19559780 0.71912792
2396.19809905 0.71885492
2401.20060030 0.71858226
2406.20310155 0.71830995
2411.20560280 0.71803800
2416.20810405 0.71776639
2421.21060530 0.71749512
2426.21310655 0.71722421
2431.21560780 0.71695363
2436.21810905 0.71668340
2441.22061031 0.71641351
2446.22311156 0.71614396
2451.22561281 0.71587475
2456.22811406 0.71560588
2461.23061531 0.71533735
2466.23311656 0.71506916
2471.23561781 0.71480130
2476.23811906 0.71453377
2481.24062031 0.71426658
2486.24312156 0.71399973
2491.24562281 0.71373320
2496.24812406 0.71346700
2501.25062531 0.71320114
2506.25312656 0.71293560
2511.25562781 0.71267039
2516.25812906 0.71240551
2521.26063032 0.71214095
2526.26313157 0.71187672
2531.26563282 0.71161281
2536.26813407 0.71134922
2541.27063532 0.71108596
2546.27313657 0.71082302
2551.27563782 0.71056039
2556.27813907 0.71029809
2561.28064032 0.71003610
2566.28314157 0.70977444
2571.28564282 0.70951308
2576.28814407 0.70925205
2581.29064532 0.70899132
2586.29314657 0.70873091
2591.29564782 0.70847082
2596.29814907 0.70821103
2601.30065033 0.70795156
2606.30315158 0.70769239
2611.30565283 0.70743354
2616.30815408 0.70717499
2621.31065533 0.70691675
2626.31315658 0.70665881
2631.31565783 0.70640119
2636.31815908 0.70614386
2641.32066033 0.70588684
2646.32316158 0.70563012
2651.32566283 0.70537371
2656.32816408 0.70511759
2661.33066533 0.70486178
2666.33316658 0.70460626
2671.33566783 0.70435104
2676.33816908 0.70409613
2681.34067034 0.70384150
2686.34317159 0.70358718
2691.34567284 0.70333315
2696.34817409 0.70307941
2701.35067534 0.70282597
2706.35317659 0.70257282
2711.35567784 0.70231996
2716.35817909 0.70206739
2721.36068034 0.70181511
2726.36318159 0.70156313
2731.36568284 0.70131143
2736.36818409 0.70106002
2741.37068534 0.70080889
2746.37318659 0.70055806
2751.37568784 0.70030750
2756.37818909 0.70005724
2761.38069035 0.69980725
2766.38319160 0.69955756
2771.38569285 0.69930814
2776.38819410 0.69905900
2781.39069535 0.69881015
2786.39319660 0.69856157
2791.39569785 0.69831328
2796.39819910 0.69806526
2801.40070035 0.69781752
2806.40320160 0.69757006
2811.40570285 0.69732288
2816.40820410 0.69707597
2821.41070535 0.69682934
2826.41320660 0.69658298
2831.41570785 0.69633689
2836.41820910 0.69609108
2841.42071036 0.69584553
2846.42321161 0.69560026
2851.42571286 0.69535527
2856.42821411 0.69511054
2861.43071536 0.69486608
2866.43321661 0.69462188
2871.43571786 0.69437796
2876.43821911 0.69413430
2881.44072036 0.69389091
2886.44322161 0.69364779
2891.44572286 0.69340493
2896.44822411 0.69316233
2901.45072536 0.69292000
2906.45322661 0.69267793
2911.45572786 0.69243613
2916.45822911 0.69219458
2921.46073037 0.69195330
2926.46323162 0.69171228
2931.46573287 0.69147151
2936.46823412 0.69123101
2941.47073537 0.69099076
2946.47323662 0.69075077
2951.47573787 0.69051104
2956.47823912 0.69027156
2961.48074037 0.69003234
2966.48324162 0.68979338
2971.48574287 0.68955467
2976.48824412 0.68931621
2981.49074537 0.68907801
2986.49324662 0.68884006
2991.49574787 0.68860236
2996.49824912 0.68836491
3001.50075038 0.68812771
3006.50325163 0.68789077
3011.50575288 0.68765407
3016.50825413 0.68741762
3021.51075538 0.68718142
3026.51325663 0.68694546
3031.51575788 0.68670976
3036.51825913 0.68647430
3041.52076038 0.68623908
3046.52326163 0.68600411
3051.52576288 0.68576939
3056.52826413 0.68553491
3061.53076538 0.68530067
3066.53326663 0.68506667
3071.53576788 0.68483292
3076.53826913 0.68459941
3081.54077039 0.68436614
3086.54327164 0.68413311
3091.54577289 0.68390031
3096.54827414 0.68366776
3101.55077539 0.68343545
3106.55327664 0.68320337
3111.55577789 0.68297154
3116.55827914 0.68273994
3121.56078039 0.68250857
3126.56328164 0.68227744
3131.56578289 0.68204655
3136.56828414 0.68181589
3141.57078539 0.68158546
3146.57328664 0.68135527
3151.57578789 0.68112531
3156.57828914 0.68089559
3161.58079040 0.68066609
3166.58329165 0.68043683
3171.58579290 0.68020780
3176.58829415 0.67997900
3181.59079540 0.67975042
3186.59329665 0.67952208
3191.59579790 0.67929396
3196.59829915 0.67906608
3201.60080040 0.67883842
3206.60330165 0.67861099
3211.60580290 0.67838378
3216.60830415 0.67815680
3221.61080540 0.67793005
3226.61330665 0.67770352
3231.61580790 0.67747721
3236.61830915 0.67725113
3241.62081041 0.67702527
3246.62331166 0.67679964
3251.62581291 0.67657422
3256.62831416 0.67634903
3261.63081541 0.67612406
3266.63331666 0.67589931
3271.63581791 0.67567478
3276.63831916 0.67545047
3281.64082041 0.67522638
3286.64332166 0.67500251
3291.64582291 0.67477886
3296.64832416 0.67455542
3301.65082541 0.67433220
3306.65332666 0.67410920
3311.65582791 0.67388642
3316.65832916 0.67366385
3321.66083042 0.67344149
3326.66333167 0.67321936
3331.66583292 0.67299743
3336.66833417 0.67277572
3341.67083542 0.67255422
3346.67333667 0.67233294
3351.67583792 0.67211187
3356.67833917 0.67189100
3361.68084042 0.67167036
3366.68334167 0.67144992
3371.68584292 0.67122969
3376.68834417 0.67100967
3381.69084542 0.67078987
3386.69334667 0.67057027
3391.69584792 0.67035088
3396.69834917 0.67013170
3401.70085043 0.66991272
3406.70335168 0.66969396
3411.70585293 0.66947540
3416.70835418 0.66925704
3421.71085543 0.66903890
3426.71335668 0.66882096
3431.71585793 0.66860322
3436.71835918 0.66838569
3441.72086043 0.66816836
3446.72336168 0.66795124
3451.72586293 0.66773431
3456.72836418 0.66751760
3461.73086543 0.66730108
3466.73336668 0.66708477
3471.73586793 0.66686866
3476.73836918 0.66665274
3481.74087044 0.66643703
3486.74337169 0.66622152
3491.74587294 0.66600621
3496.74837419 0.66579110
3501.75087544 0.66557619
3506.75337669 0.66536148
3511.75587794 0.66514696
3516.75837919 0.66493264
3521.76088044 0.66471852
3526.76338169 0.66450460
3531.76588294 0.66429087
3536.76838419 0.66407734
3541.77088544 0.66386401
3546.77338669 0.66365087
3551.77588794 0.66343792
3556.77838919 0.66322517
3561.78089045 0.66301261
3566.78339170 0.66280025
3571.78589295 0.66258808
3576.78839420 0.66237610
3581.79089545 0.66216432
3586.79339670 0.66195272
3591.79589795 0.66174132
3596.79839920 0.66153011
3601.80090045 0.66131909
3606.80340170 0.66110826
3611.80590295 0.66089762
3616.80840420 0.66068717
3621.81090545 0.66047691
3626.81340670 0.66026684
3631.81590795 0.66005695
3636.81840920 0.65984726
3641.82091046 0.65963775
3646.82341171 0.65942843
3651.82591296 0.65921929
3656.82841421 0.65901035
3661.83091546 0.65880158
3666.83341671 0.65859301
3671.83591796 0.65838462
3676.83841921 0.65817641
3681.84092046 0.65796839
3686.84342171 0.65776055
3691.84592296 0.65755290
3696.84842421 0.65734543
3701.85092546 0.65713815
3706.85342671 0.65693104
3711.85592796 0.65672412
3716.85842921 0.65651738
3721.86093047 0.65631082
3726.86343172 0.65610445
3731.86593297 0.65589825
3736.86843422 0.65569224
3741.87093547 0.65548640
3746.87343672 0.65528074
3751.87593797 0.65507527
3756.87843922 0.65486997
3761.88094047 0.65466485
3766.88344172 0.65445991
3771.88594297 0.65425515
3776.88844422 0.65405057
3781.89094547 0.65384616
3786.89344672 0.65364193
3791.89594797 0.65343788
3796.89844922 0.65323400
3801.90095048 0.65303030
3806.90345173 0.65282678
3811.90595298 0.65262343
3816.90845423 0.65242025
3821.91095548 0.65221725
3826.91345673 0.65201442
3831.91595798 0.65181177
3836.91845923 0.65160929
3841.92096048 0.65140698
3846.92346173 0.65120485
3851.92596298 0.65100289
3856.92846423 0.65080110
3861.93096548 0.65059949
3866.93346673 0.65039804
3871.93596798 0.65019677
3876.93846923 0.64999566
3881.94097049 0.64979473
3886.94347174 0.64959397
3891.94597299 0.64939337
3896.94847424 0.64919295
3901.95097549 0.64899270
3906.95347674 0.64879261
3911.95597799 0.64859270
3916.95847924 0.64839295
3921.96098049 0.64819337
3926.96348174 0.64799395
3931.96598299 0.64779471
3936.96848424 0.64759563
3941.97098549 0.64739672
3946.97348674 0.64719797
3951.97598799 0.64699939
3956.97848924 0.64680098
3961.98099050 0.64660273
3966.98349175 0.64640465
3971.98599300 0.64620673
3976.98849425 0.64600897
3981.99099550 0.64581138
3986.99349675 0.64561396
3991.99599800 0.64541670
3996.99849925 0.64521960
4002.00100050 0.64502266
4007.00350175 0.64482588
4012.00600300 0.64462927
4017.00850425 0.64443282
4022.01100550 0.64423653
4027.01350675 0.64404041
4032.01600800 0.64384444
4037.01850925 0.64364864
4042.02101051 0.64345299
4047.02351176 0.64325751
4052.02601301 0.64306218
4057.02851426 0.64286702
4062.03101551 0.64267201
4067.03351676 0.64247717
4072.03601801 0.64228248
4077.03851926 0.64208795
4082.04102051 0.64189358
4087.04352176 0.64169937
4092.04602301 0.64150531
4097.04852426 0.64131141
4102.05102551 0.64111767
4107.05352676 0.64092409
4112.05602801 0.64073066
4117.05852926 0.64053738
4122.06103052 0.64034427
4127.06353177 0.64015131
4132.06603302 0.63995850
4137.06853427 0.63976585
4142.07103552 0.63957336
4147.07353677 0.63938101
4152.07603802 0.63918883
4157.07853927 0.63899679
4162.08104052 0.63880491
4167.08354177 0.63861319
4172.08604302 0.63842161
4177.08854427 0.63823019
4182.09104552 0.63803892
4187.09354677 0.63784781
4192.09604802 0.63765684
4197.09854927 0.63746603
4202.10105053 0.63727537
4207.10355178 0.63708486
4212.10605303 0.63689450
4217.10855428 0.63670429
4222.11105553 0.63651423
4227.11355678 0.63632433
4232.11605803 0.63613457
4237.11855928 0.63594496
4242.12106053 0.63575550
4247.12356178 0.63556619
4252.12606303 0.63537703
4257.12856428 0.63518801
4262.13106553 0.63499915
4267.13356678 0.63481043
4272.13606803 0.63462186
4277.13856928 0.63443344
4282.14107054 0.63424517
4287.14357179 0.63405704
4292.14607304 0.63386906
4297.14857429 0.63368122
4302.15107554 0.63349353
4307.15357679 0.63330599
4312.15607804 0.63311859
4317.15857929 0.63293134
4322.16108054 0.63274424
4327.16358179 0.63255727
4332.16608304 0.63237046
4337.16858429 0.63218378
4342.17108554 0.63199726
4347.17358679 0.63181087
4352.17608804 0.63162463
4357.17858929 0.63143853
4362.18109055 0.63125258
4367.18359180 0.63106677
4372.18609305 0.63088110
4377.18859430 0.63069557
4382.19109555 0.63051019
4387.19359680 0.63032494
4392.19609805 0.63013984
4397.19859930 0.62995488
4402.20110055 0.62977006
4407.20360180 0.62958539
4412.20610305 0.62940085
4417.20860430 0.62921645
4422.21110555 0.62903220
4427.21360680 0.62884808
4432.21610805 0.62866411
4437.21860930 0.62848027
4442.22111056 0.62829657
4447.22361181 0.62811301
4452.22611306 0.62792959
4457.22861431 0.62774631
4462.23111556 0.62756317
4467.23361681 0.62738017
4472.23611806 0.62719730
4477.23861931 0.62701457
4482.24112056 0.62683198
4487.24362181 0.62664952
4492.24612306 0.62646721
4497.24862431 0.62628503
4502.25112556 0.62610298
4507.25362681 0.62592107
4512.25612806 0.62573930
4517.25862931 0.62555766
4522.26113057 0.62537616
4527.26363182 0.62519480
4532.26613307 0.62501357
4537.26863432 0.62483247
4542.27113557 0.62465151
4547.27363682 0.62447069
4552.27613807 0.62428999
4557.27863932 0.62410944
4562.28114057 0.62392901
4567.28364182 0.62374872
4572.28614307 0.62356857
4577.28864432 0.62338854
4582.29114557 0.62320865
4587.29364682 0.62302889
4592.29614807 0.62284927
4597.29864932 0.62266977
4602.30115058 0.62249041
4607.30365183 0.62231118
4612.30615308 0.62213208
4617.30865433 0.62195312
4622.31115558 0.62177428
4627.31365683 0.62159558
4632.31615808 0.62141700
4637.31865933 0.62123856
4642.32116058 0.62106025
4647.32366183 0.62088206
4652.32616308 0.62070401
4657.32866433 0.62052609
4662.33116558 0.62034829
4667.33366683 0.62017063
4672.33616808 0.61999309
4677.33866933 0.61981569
4682.34117059 0.61963841
4687.34367184 0.61946126
4692.34617309 0.61928424
4697.34867434 0.61910735
4702.35117559 0.61893058
4707.35367684 0.61875394
4712.35617809 0.61857743
4717.35867934 0.61840105
4722.36118059 0.61822479
4727.36368184 0.61804866
4732.36618309 0.61787266
4737.36868434 0.61769679
4742.37118559 0.61752104
4747.37368684 0.61734541
4752.37618809 0.61716991
4757.37868934 0.61699454
4762.38119060 0.61681930
4767.38369185 0.61664417
4772.38619310 0.61646918
4777.38869435 0.61629430
4782.39119560 0.61611956
4787.39369685 0.61594493
4792.39619810 0.61577044
4797.39869935 0.61559606
4802.40120060 0.61542181
4807.40370185 0.61524768
4812.40620310 0.61507368
4817.40870435 0.61489980
4822.41120560 0.61472604
4827.41370685 0.61455241
4832.41620810 0.61437890
4837.41870935 0.61420551
4842.42121061 0.61403224
4847.42371186 0.61385909
4852.42621311 0.61368607
4857.42871436 0.61351317
4862.43121561 0.61334039
4867.43371686 0.61316773
4872.43621811 0.61299520
4877.43871936 0.61282278
4882.44122061 0.61265048
4887.44372186 0.61247831
4892.44622311 0.61230625
4897.44872436 0.61213432
4902.45122561 0.61196251
4907.45372686 0.61179081
4912.45622811 0.61161924
4917.45872936 0.61144778
4922.46123062 0.61127645
4927.46373187 0.61110523
4932.46623312 0.61093413
4937.46873437 0.61076315
4942.47123562 0.61059229
4947.47373687 0.61042155
4952.47623812 0.61025093
4957.47873937 0.61008042
4962.48124062 0.60991003
4967.48374187 0.60973976
4972.48624312 0.60956961
4977.48874437 0.60939958
4982.49124562 0.60922966
4987.49374687 0.60905986
4992.49624812 0.60889017
4997.49874937 0.60872060
5002.50125063 0.60855115
5007.50375188 0.60838182
5012.50625313 0.60821260
5017.50875438 0.60804349
5022.51125563 0.60787451
5027.51375688 0.60770564
5032.51625813 0.60753688
5037.51875938 0.60736824
5042.52126063 0.60719971
5047.52376188 0.60703130
5052.52626313 0.60686300
5057.52876438 0.60669482
5062.53126563 0.60652675
5067.53376688 0.60635880
5072.53626813 0.60619096
5077.53876938 0.60602323
5082.54127064 0.60585562
5087.54377189 0.60568812
5092.54627314 0.60552074
5097.54877439 0.60535347
5102.55127564 0.60518631
5107.55377689 0.60501926
5112.55627814 0.60485233
5117.55877939 0.60468551
5122.56128064 0.60451880
5127.56378189 0.60435220
5132.56628314 0.60418572
5137.56878439 0.60401935
5142.57128564 0.60385308
5147.57378689 0.60368693
5152.57628814 0.60352090
5157.57878939 0.60335497
5162.58129065 0.60318915
5167.58379190 0.60302345
5172.58629315 0.60285785
5177.58879440 0.60269237
5182.59129565 0.60252700
5187.59379690 0.60236173
5192.59629815 0.60219658
5197.59879940 0.60203154
5202.60130065 0.60186660
5207.60380190 0.60170178
5212.60630315 0.60153706
5217.60880440 0.60137246
5222.61130565 0.60120796
5227.61380690 0.60104358
5232.61630815 0.60087930
5237.61880940 0.60071513
5242.62131066 0.60055107
5247.62381191 0.60038711
5252.62631316 0.60022327
5257.62881441 0.60005953
5262.63131566 0.59989590
5267.63381691 0.59973238
5272.63631816 0.59956897
5277.63881941 0.59940566
5282.64132066 0.59924246
5287.64382191 0.59907937
5292.64632316 0.59891638
5297.64882441 0.59875350
5302.65132566 0.59859073
5307.65382691 0.59842807
5312.65632816 0.59826551
5317.65882941 0.59810305
5322.66133067 0.59794071
5327.66383192 0.59777846
5332.66633317 0.59761633
5337.66883442 0.59745430
5342.67133567 0.59729237
5347.67383692 0.59713055
5352.67633817 0.59696884
5357.67883942 0.59680723
5362.68134067 0.59664573
5367.68384192 0.59648433
5372.68634317 0.59632303
5377.68884442 0.59616184
5382.69134567 0.59600075
5387.69384692 0.59583977
5392.69634817 0.59567889
5397.69884942 0.59551812
5402.70135068 0.59535744
5407.70385193 0.59519688
5412.70635318 0.59503641
5417.70885443 0.59487605
5422.71135568 0.59471579
5427.71385693 0.59455564
5432.71635818 0.59439558
5437.71885943 0.59423563
5442.72136068 0.59407579
5447.72386193 0.59391604
5452.72636318 0.59375640
5457.72886443 0.59359686
5462.73136568 0.59343742
5467.73386693 0.59327808
5472.73636818 0.59311884
5477.73886943 0.59295971
5482.74137069 0.59280068
5487.74387194 0.59264175
5492.74637319 0.59248292
5497.74887444 0.59232419
5502.75137569 0.59216556
5507.75387694 0.59200703
5512.75637819 0.59184860
5517.75887944 0.59169027
5522.76138069 0.59153205
5527.76388194 0.59137392
5532.76638319 0.59121589
5537.76888444 0.59105796
5542.77138569 0.59090014
5547.77388694 0.59074241
5552.77638819 0.59058478
5557.77888944 0.59042725
5562.78139070 0.59026982
5567.78389195 0.59011249
5572.78639320 0.58995526
5577.78889445 0.58979812
5582.79139570 0.58964109
5587.79389695 0.58948415
5592.79639820 0.58932731
5597.79889945 0.58917057
5602.80140070 0.58901393
5607.80390195 0.58885738
5612.80640320 0.58870094
5617.80890445 0.58854459
5622.81140570 0.58838834
5627.81390695 0.58823218
5632.81640820 0.58807613
5637.81890945 0.58792017
5642.82141071 0.58776431
5647.82391196 0.58760854
5652.82641321 0.58745287
5657.82891446 0.58729730
5662.83141571 0.58714182
5667.83391696 0.58698644
5672.83641821 0.58683116
5677.83891946 0.58667597
5682.84142071 0.58652088
5687.84392196 0.58636589
5692.84642321 0.58621099
5697.84892446 0.58605619
5702.85142571 0.58590148
5707.85392696 0.58574686
5712.85642821 0.58559235
5717.85892946 0.58543792
5722.86143072 0.58528360
5727.86393197 0.58512936
5732.86643322 0.58497522
5737.86893447 0.58482118
5742.87143572 0.58466723
5747.87393697 0.58451338
5752.87643822 0.58435962
5757.87893947 0.58420595
5762.88144072 0.58405238
5767.88394197 0.58389890
5772.88644322 0.58374551
5777.88894447 0.58359222
5782.89144572 0.58343902
5787.89394697 0.58328592
5792.89644822 0.58313291
5797.89894947 0.58297999
5802.90145073 0.58282716
5807.90395198 0.58267443
5812.90645323 0.58252179
5817.90895448 0.58236924
5822.91145573 0.58221679
5827.91395698 0.58206442
5832.91645823 0.58191215
5837.91895948 0.58175997
5842.92146073 0.58160789
5847.92396198 0.58145589
5852.92646323 0.58130399
5857.92896448 0.58115218
5862.93146573 0.58100046
5867.93396698 0.58084883
5872.93646823 0.58069730
5877.93896948 0.58054585
5882.94147074 0.58039450
5887.94397199 0.58024323
5892.94647324 0.58009206
5897.94897449 0.57994098
5902.95147574 0.57978999
5907.95397699 0.57963909
5912.95647824 0.57948827
5917.95897949 0.57933755
5922.96148074 0.57918692
5927.96398199 0.57903638
5932.96648324 0.57888593
5937.96898449 0.57873557
5942.97148574 0.57858530
5947.97398699 0.57843512
5952.97648824 0.57828503
5957.97898949 0.57813502
5962.98149075 0.57798511
5967.98399200 0.57783529
5972.98649325 0.57768555
5977.98899450 0.57753590
5982.99149575 0.57738635
5987.99399700 0.57723688
5992.99649825 0.57708750
5997.99899950 0.57693820
6003.00150075 0.57678900
6008.00400200 0.57663988
6013.00650325 0.57649086
6018.00900450 0.57634192
6023.01150575 0.57619306
6028.01400700 0.57604430
6033.01650825 0.57589562
6038.01900950 0.57574703
6043.02151076 0.57559853
6048.02401201 0.57545012
6053.02651326 0.57530179
6058.02901451 0.57515355
6063.03151576 0.57500540
6068.03401701 0.57485733
6073.03651826 0.57470935
6078.03901951 0.57456146
6083.04152076 0.57441365
6088.04402201 0.57426593
6093.04652326 0.57411830
6098.04902451 0.57397075
6103.05152576 0.57382329
6108.05402701 0.57367591
6113.05652826 0.57352862
6118.05902951 0.57338142
6123.06153077 0.57323430
6128.06403202 0.57308727
6133.06653327 0.57294032
6138.06903452 0.57279346
6143.07153577 0.57264668
6148.07403702 0.57249999
6153.07653827 0.57235338
6158.07903952 0.57220686
6163.08154077 0.57206042
6168.08404202 0.57191407
6173.08654327 0.57176780
6178.08904452 0.57162162
6183.09154577 0.57147552
6188.09404702 0.57132951
6193.09654827 0.57118358
6198.09904952 0.57103773
6203.10155078 0.57089197
6208.10405203 0.57074629
6213.10655328 0.57060070
6218.10905453 0.57045519
6223.11155578 0.57030976
6228.11405703 0.57016442
6233.11655828 0.57001915
6238.11905953 0.56987398
6243.12156078 0.56972888
6248.12406203 0.56958387
6253.12656328 0.56943895
6258.12906453 0.56929410
6263.13156578 0.56914934
6268.13406703 0.56900466
6273.13656828 0.56886006
6278.13906953 0.56871555
6283.14157079 0.56857111
6288.14407204 0.56842676
6293.14657329 0.56828250
6298.14907454 0.56813831
6303.15157579 0.56799421
6308.15407704 0.56785019
6313.15657829 0.56770625
6318.15907954 0.56756239
6323.16158079 0.56741861
6328.16408204 0.56727491
6333.16658329 0.56713130
6338.16908454 0.56698777
6343.17158579 0.56684432
6348.17408704 0.56670094
6353.17658829 0.56655766
6358.17908954 0.56641445
6363.18159080 0.56627132
6368.18409205 0.56612827
6373.18659330 0.56598530
6378.18909455 0.56584242
6383.19159580 0.56569961
6388.19409705 0.56555689
6393.19659830 0.56541424
6398.19909955 0.56527168
6403.20160080 0.56512919
6408.20410205 0.56498679
6413.20660330 0.56484446
6418.20910455 0.56470221
6423.21160580 0.56456005
6428.21410705 0.56441796
6433.21660830 0.56427595
6438.21910955 0.56413403
6443.22161081 0.56399218
6448.22411206 0.56385041
6453.22661331 0.56370872
6458.22911456 0.56356711
6463.23161581 0.56342557
6468.23411706 0.56328412
6473.23661831 0.56314275
6478.23911956 0.56300145
6483.24162081 0.56286023
6488.24412206 0.56271909
6493.24662331 0.56257803
6498.24912456 0.56243705
6503.25162581 0.56229614
6508.25412706 0.56215532
6513.25662831 0.56201457
6518.25912956 0.56187390
6523.26163082 0.56173330
6528.26413207 0.56159279
6533.26663332 0.56145235
6538.26913457 0.56131199
6543.27163582 0.56117171
6548.27413707 0.56103150
6553.27663832 0.56089137
6558.27913957 0.56075132
6563.28164082 0.56061135
6568.28414207 0.56047145
6573.28664332 0.56033163
6578.28914457 0.56019188
6583.29164582 0.56005222
6588.29414707 0.55991263
6593.29664832 0.55977311
6598.29914957 0.55963368
6603.30165083 0.55949432
6608.30415208 0.55935503
6613.30665333 0.55921582
6618.30915458 0.55907669
6623.31165583 0.55893763
6628.31415708 0.55879865
6633.31665833 0.55865975
6638.31915958 0.55852092
6643.32166083 0.55838216
6648.32416208 0.55824349
6653.32666333 0.55810488
6658.32916458 0.55796636
6663.33166583 0.55782790
6668.33416708 0.55768953
6673.33666833 0.55755123
6678.33916958 0.55741300
6683.34167084 0.55727485
6688.34417209 0.55713677
6693.34667334 0.55699877
6698.34917459 0.55686084
6703.35167584 0.55672299
6708.35417709 0.55658521
6713.35667834 0.55644751
6718.35917959 0.55630988
6723.36168084 0.55617232
6728.36418209 0.55603484
6733.36668334 0.55589743
6738.36918459 0.55576010
6743.37168584 0.55562284
6748.37418709 0.55548566
6753.37668834 0.55534854
6758.37918959 0.55521151
6763.38169085 0.55507454
6768.38419210 0.55493765
6773.38669335 0.55480083
6778.38919460 0.55466409
6783.39169585 0.55452742
6788.39419710 0.55439082
6793.39669835 0.55425430
6798.39919960 0.55411785
6803.40170085 0.55398147
6808.40420210 0.55384516
6813.40670335 0.55370893
6818.40920460 0.55357277
6823.41170585 0.55343668
6828.41420710 0.55330067
6833.41670835 0.55316472
6838.41920960 0.55302885
6843.42171086 0.55289306
6848.42421211 0.55275733
6853.42671336 0.55262168
6858.42921461 0.55248609
6863.43171586 0.55235059
6868.43421711 0.55221515
6873.43671836 0.55207978
6878.43921961 0.55194449
6883.44172086 0.55180926
6888.44422211 0.55167411
6893.44672336 0.55153903
6898.44922461 0.55140403
6903.45172586 0.55126909
6908.45422711 0.55113422
6913.45672836 0.55099943
6918.45922961 0.55086470
6923.46173087 0.55073005
6928.46423212 0.55059547
6933.46673337 0.55046096
6938.46923462 0.55032652
6943.47173587 0.55019215
6948.47423712 0.55005785
6953.47673837 0.54992362
6958.47923962 0.54978947
6963.48174087 0.54965538
6968.48424212 0.54952136
6973.48674337 0.54938741
6978.48924462 0.54925354
6983.49174587 0.54911973
6988.49424712 0.54898600
6993.49674837 0.54885233
6998.49924962 0.54871873
7003.50175088 0.54858520
7008.50425213 0.54845175
7013.50675338 0.54831836
7018.50925463 0.54818504
7023.51175588 0.54805179
7028.51425713 0.54791861
7033.51675838 0.54778550
7038.51925963 0.54765246
7043.52176088 0.54751949
7048.52426213 0.54738659
7053.52676338 0.54725375
7058.52926463 0.54712099
7063.53176588 0.54698829
7068.53426713 0.54685567
7073.53676838 0.54672311
7078.53926963 0.54659062
7083.54177089 0.54645820
7088.54427214 0.54632584
7093.54677339 0.54619356
7098.54927464 0.54606134
7103.55177589 0.54592920
7108.55427714 0.54579712
7113.55677839 0.54566511
7118.55927964 0.54553316
7123.56178089 0.54540129
7128.56428214 0.54526948
7133.56678339 0.54513774
7138.56928464 0.54500607
7143.57178589 0.54487446
7148.57428714 0.54474293
7153.57678839 0.54461146
7158.57928964 0.54448006
7163.58179090 0.54434872
7168.58429215 0.54421746
7173.58679340 0.54408626
7178.58929465 0.54395512
7183.59179590 0.54382406
7188.59429715 0.54369306
7193.59679840 0.54356213
7198.59929965 0.54343126
7203.60180090 0.54330047
7208.60430215 0.54316974
7213.60680340 0.54303907
7218.60930465 0.54290847
7223.61180590 0.54277794
7228.61430715 0.54264748
7233.61680840 0.54251708
7238.61930965 0.54238675
7243.62181091 0.54225648
7248.62431216 0.54212628
7253.62681341 0.54199615
7258.62931466 0.54186608
7263.63181591 0.54173608
7268.63431716 0.54160614
7273.63681841 0.54147627
7278.63931966 0.54134647
7283.64182091 0.54121673
7288.64432216 0.54108706
7293.64682341 0.54095745
7298.64932466 0.54082791
7303.65182591 0.54069843
7308.65432716 0.54056902
7313.65682841 0.54043968
7318.65932966 0.54031040
7323.66183092 0.54018118
7328.66433217 0.54005203
7333.66683342 0.53992295
7338.66933467 0.53979393
7343.67183592 0.53966497
7348.67433717 0.53953608
7353.67683842 0.53940726
7358.67933967 0.53927849
7363.68184092 0.53914980
7368.68434217 0.53902117
7373.68684342 0.53889260
7378.68934467 0.53876410
7383.69184592 0.53863566
7388.69434717 0.53850728
7393.69684842 0.53837897
7398.69934967 0.53825073
7403.70185093 0.53812254
7408.70435218 0.53799443
7413.70685343 0.53786637
7418.70935468 0.53773838
7423.71185593 0.53761045
7428.71435718 0.53748259
7433.71685843 0.53735479
7438.71935968 0.53722706
7443.72186093 0.53709938
7448.72436218 0.53697178
7453.72686343 0.53684423
7458.72936468 0.53671675
7463.73186593 0.53658933
7468.73436718 0.53646198
7473.73686843 0.53633468
7478.73936968 0.53620745
7483.74187094 0.53608029
7488.74437219 0.53595319
7493.74687344 0.53582615
7498.74937469 0.53569917
7503.75187594 0.53557225
7508.75437719 0.53544540
7513.75687844 0.53531861
7518.75937969 0.53519189
7523.76188094 0.53506522
7528.76438219 0.53493862
7533.76688344 0.53481208
7538.76938469 0.53468560
7543.77188594 0.53455919
7548.77438719 0.53443284
7553.77688844 0.53430655
7558.77938969 0.53418032
7563.78189095 0.53405415
7568.78439220 0.53392805
7573.78689345 0.53380200
7578.78939470 0.53367602
7583.79189595 0.53355010
7588.79439720 0.53342425
7593.79689845 0.53329845
7598.79939970 0.53317272
7603.80190095 0.53304704
7608.80440220 0.53292143
7613.80690345 0.53279588
7618.80940470 0.53267039
7623.81190595 0.53254497
7628.81440720 0.53241960
7633.81690845 0.53229430
7638.81940970 0.53216905
7643.82191096 0.53204387
7648.82441221 0.53191875
7653.82691346 0.53179369
7658.82941471 0.53166869
7663.83191596 0.53154375
7668.83441721 0.53141887
7673.83691846 0.53129405
7678.83941971 0.53116929
7683.84192096 0.53104459
7688.84442221 0.53091996
7693.84692346 0.53079538
7698.84942471 0.53067087
7703.85192596 0.53054641
7708.85442721 0.53042202
7713.85692846 0.53029768
7718.85942971 0.53017340
7723.86193097 0.53004919
7728.86443222 0.52992503
7733.86693347 0.52980094
7738.86943472 0.52967690
7743.87193597 0.52955293
7748.87443722 0.52942901
7753.87693847 0.52930516
7758.87943972 0.52918136
7763.88194097 0.52905762
7768.88444222 0.52893395
7773.88694347 0.52881033
7778.88944472 0.52868677
7783.89194597 0.52856327
7788.89444722 0.52843983
7793.89694847 0.52831645
7798.89944972 0.52819313
7803.90195098 0.52806987
7808.90445223 0.52794666
7813.90695348 0.52782352
7818.90945473 0.52770043
7823.91195598 0.52757741
7828.91445723 0.52745444
7833.91695848 0.52733153
7838.91945973 0.52720868
7843.92196098 0.52708589
7848.92446223 0.52696315
7853.92696348 0.52684048
7858.92946473 0.52671786
7863.93196598 0.52659530
7868.93446723 0.52647280
7873.93696848 0.52635036
7878.93946973 0.52622798
7883.94197099 0.52610566
7888.94447224 0.52598339
7893.94697349 0.52586118
7898.94947474 0.52573903
7903.95197599 0.52561694
7908.95447724 0.52549490
7913.95697849 0.52537292
7918.95947974 0.52525101
7923.96198099 0.52512914
7928.96448224 0.52500734
7933.96698349 0.52488559
7938.96948474 0.52476391
7943.97198599 0.52464227
7948.97448724 0.52452070
7953.97698849 0.52439918
7958.97948974 0.52427773
7963.98199100 0.52415632
7968.98449225 0.52403498
7973.98699350 0.52391369
7978.98949475 0.52379246
7983.99199600 0.52367129
7988.99449725 0.52355017
7993.99699850 0.52342911
7998.99949975 0.52330811
8004.00200100 0.52318717
8009.00450225 0.52306628
8014.00700350 0.52294545
8019.00950475 0.52282467
8024.01200600 0.52270395
8029.01450725 0.52258329
8034.01700850 0.52246269
8039.01950975 0.52234214
8044.02201101 0.52222164
8049.02451226 0.52210121
8054.02701351 0.52198083
8059.02951476 0.52186050
8064.03201601 0.52174024
8069.03451726 0.52162003
8074.03701851 0.52149987
8079.03951976 0.52137977
8084.04202101 0.52125973
8089.04452226 0.52113974
8094.04702351 0.52101981
8099.04952476 0.52089993
8104.05202601 0.52078011
8109.05452726 0.52066035
8114.05702851 0.52054064
8119.05952976 0.52042099
8124.06203102 0.52030139
8129.06453227 0.52018185
8134.06703352 0.52006236
8139.06953477 0.51994293
8144.07203602 0.51982356
8149.07453727 0.51970424
8154.07703852 0.51958497
8159.07953977 0.51946576
8164.08204102 0.51934661
8169.08454227 0.51922751
8174.08704352 0.51910846
8179.08954477 0.51898947
8184.09204602 0.51887054
8189.09454727 0.51875166
8194.09704852 0.51863283
8199.09954977 0.51851406
8204.10205103 0.51839535
8209.10455228 0.51827669
8214.10705353 0.51815808
8219.10955478 0.51803953
8224.11205603 0.51792103
8229.11455728 0.51780259
8234.11705853 0.51768420
8239.11955978 0.51756587
8244.12206103 0.51744759
8249.12456228 0.51732937
8254.12706353 0.51721119
8259.12956478 0.51709308
8264.13206603 0.51697501
8269.13456728 0.51685701
8274.13706853 0.51673905
8279.13956978 0.51662115
8284.14207104 0.51650330
8289.14457229 0.51638551
8294.14707354 0.51626777
8299.14957479 0.51615009
8304.15207604 0.51603246
8309.15457729 0.51591488
8314.15707854 0.51579735
8319.15957979 0.51567988
8324.16208104 0.51556247
8329.16458229 0.51544510
8334.16708354 0.51532779
8339.16958479 0.51521054
8344.17208604 0.51509333
8349.17458729 0.51497618
8354.17708854 0.51485909
8359.17958979 0.51474204
8364.18209105 0.51462505
8369.18459230 0.51450811
8374.18709355 0.51439123
8379.18959480 0.51427440
8384.19209605 0.51415762
8389.19459730 0.51404089
8394.19709855 0.51392422
8399.19959980 0.51380760
8404.20210105 0.51369103
8409.20460230 0.51357452
8414.20710355 0.51345806
8419.20960480 0.51334165
8424.21210605 0.51322529
8429.21460730 0.51310898
8434.21710855 0.51299273
8439.21960980 0.51287653
8444.22211106 0.51276039
8449.22461231 0.51264429
8454.22711356 0.51252825
8459.22961481 0.51241226
8464.23211606 0.51229632
8469.23461731 0.51218043
8474.23711856 0.51206460
8479.23961981 0.51194882
8484.24212106 0.51183309
8489.24462231 0.51171741
8494.24712356 0.51160178
8499.24962481 0.51148621
8504.25212606 0.51137069
8509.25462731 0.51125522
8514.25712856 0.51113980
8519.25962981 0.51102443
8524.26213107 0.51090911
8529.26463232 0.51079385
8534.26713357 0.51067864
8539.26963482 0.51056347
8544.27213607 0.51044836
8549.27463732 0.51033331
8554.27713857 0.51021830
8559.27963982 0.51010334
8564.28214107 0.50998844
8569.28464232 0.50987358
8574.28714357 0.50975878
8579.28964482 0.50964403
8584.29214607 0.50952933
8589.29464732 0.50941468
8594.29714857 0.50930008
8599.29964982 0.50918553
8604.30215108 0.50907104
8609.30465233 0.50895659
8614.30715358 0.50884220
8619.30965483 0.50872785
8624.31215608 0.50861356
8629.31465733 0.50849932
8634.31715858 0.50838512
8639.31965983 0.50827098
8644.32216108 0.50815689
8649.32466233 0.50804285
8654.32716358 0.50792886
8659.32966483 0.50781492
8664.33216608 0.50770103
8669.33466733 0.50758719
8674.33716858 0.50747340
8679.33966983 0.50735966
8684.34217109 0.50724598
8689.34467234 0.50713234
8694.34717359 0.50701875
8699.34967484 0.50690521
8704.35217609 0.50679172
8709.35467734 0.50667828
8714.35717859 0.50656489
8719.35967984 0.50645155
8724.36218109 0.50633827
8729.36468234 0.50622503
8734.36718359 0.50611184
8739.36968484 0.50599870
8744.37218609 0.50588561
8749.37468734 0.50577256
8754.37718859 0.50565957
8759.37968984 0.50554663
8764.38219110 0.50543374
8769.38469235 0.50532090
8774.38719360 0.50520810
8779.38969485 0.50509536
8784.39219610 0.50498266
8789.39469735 0.50487002
8794.39719860 0.50475742
8799.39969985 0.50464487
8804.40220110 0.50453238
8809.40470235 0.50441993
8814.40720360 0.50430753
8819.40970485 0.50419518
8824.41220610 0.50408287
8829.41470735 0.50397062
8834.41720860 0.50385841
8839.41970985 0.50374626
8844.42221111 0.50363415
8849.42471236 0.50352209
8854.42721361 0.50341008
8859.42971486 0.50329812
8864.43221611 0.50318621
8869.43471736 0.50307435
8874.43721861 0.50296253
8879.43971986 0.50285076
8884.44222111 0.50273905
8889.44472236 0.50262738
8894.44722361 0.50251575
8899.44972486 0.50240418
8904.45222611 0.50229266
8909.45472736 0.50218118
8914.45722861 0.50206975
8919.45972986 0.50195837
8924.46223112 0.50184704
8929.46473237 0.50173575
8934.46723362 0.50162452
8939.46973487 0.50151333
8944.47223612 0.50140219
8949.47473737 0.50129109
8954.47723862 0.50118005
8959.47973987 0.50106905
8964.48224112 0.50095810
8969.48474237 0.50084720
8974.48724362 0.50073635
8979.48974487 0.50062554
8984.49224612 0.50051478
8989.49474737 0.50040407
8994.49724862 0.50029341
8999.49974987 0.50018279
9004.50225113 0.50007222
9009.50475238 0.49996170
9014.50725363 0.49985123
9019.50975488 0.49974080
9024.51225613 0.49963042
9029.51475738 0.49952009
9034.51725863 0.49940981
9039.51975988 0.49929957
9044.52226113 0.49918938
9049.52476238 0.49907923
9054.52726363 0.49896914
9059.52976488 0.49885909
9064.53226613 0.49874909
9069.53476738 0.49863913
9074.53726863 0.49852922
9079.53976988 0.49841936
9084.54227114 0.49830954
9089.54477239 0.49819978
9094.54727364 0.49809005
9099.54977489 0.49798038
9104.55227614 0.49787075
9109.55477739 0.49776117
9114.55727864 0.49765163
9119.55977989 0.49754215
9124.56228114 0.49743270
9129.56478239 0.49732331
9134.56728364 0.49721396
9139.56978489 0.49710466
9144.57228614 0.49699540
9149.57478739 0.49688619
9154.57728864 0.49677703
9159.57978989 0.49666791
9164.58229115 0.49655884
9169.58479240 0.49644981
9174.58729365 0.49634083
9179.58979490 0.49623190
9184.59229615 0.49612301
9189.59479740 0.49601417
9194.59729865 0.49590537
9199.59979990 0.49579662
9204.60230115 0.49568792
9209.60480240 0.49557926
9214.60730365 0.49547065
9219.60980490 0.49536208
9224.61230615 0.49525356
9229.61480740 0.49514509
9234.61730865 0.49503666
9239.61980990 0.49492828
9244.62231116 0.49481994
9249.62481241 0.49471164
9254.62731366 0.49460340
9259.62981491 0.49449520
9264.63231616 0.49438704
9269.63481741 0.49427893
9274.63731866 0.49417086
9279.63981991 0.49406284
9284.64232116 0.49395487
9289.64482241 0.49384694
9294.64732366 0.49373905
9299.64982491 0.49363121
9304.65232616 0.49352342
9309.65482741 0.49341567
9314.65732866 0.49330797
9319.65982991 0.49320031
9324.66233117 0.49309269
9329.66483242 0.49298512
9334.66733367 0.49287760
9339.66983492 0.49277012
9344.67233617 0.49266268
9349.67483742 0.49255529
9354.67733867 0.49244795
9359.67983992 0.49234065
9364.68234117 0.49223339
9369.68484242 0.49212618
9374.68734367 0.49201901
9379.68984492 0.49191189
9384.69234617 0.49180481
9389.69484742 0.49169778
9394.69734867 0.49159079
9399.69984992 0.49148385
9404.70235118 0.49137695
9409.70485243 0.49127009
9414.70735368 0.49116328
9419.70985493 0.49105651
9424.71235618 0.49094979
9429.71485743 0.49084311
9434.71735868 0.49073648
9439.71985993 0.49062989
9444.72236118 0.49052334
9449.72486243 0.49041684
9454.72736368 0.49031038
9459.72986493 0.49020396
9464.73236618 0.49009759
9469.73486743 0.48999127
9474.73736868 0.48988499
9479.73986993 0.48977875
9484.74237119 0.48967255
9489.74487244 0.48956640
9494.74737369 0.48946029
9499.74987494 0.48935423
9504.75237619 0.48924821
9509.75487744 0.48914223
9514.75737869 0.48903630
9519.75987994 0.48893041
9524.76238119 0.48882456
9529.76488244 0.48871876
9534.76738369 0.48861300
9539.76988494 0.48850729
9544.77238619 0.48840162
9549.77488744 0.48829599
9554.77738869 0.48819040
9559.77988994 0.48808486
9564.78239120 0.48797936
9569.78489245 0.48787390
9574.78739370 0.48776849
9579.78989495 0.48766312
9584.79239620 0.48755780
9589.79489745 0.48745251
9594.79739870 0.48734727
9599.79989995 0.48724208
9604.80240120 0.48713692
9609.80490245 0.48703181
9614.80740370 0.48692674
9619.80990495 0.48682172
9624.81240620 0.48671673
9629.81490745 0.48661179
9634.81740870 0.48650690
9639.81990995 0.48640204
9644.82241121 0.48629723
9649.82491246 0.48619246
9654.82741371 0.48608773
9659.82991496 0.48598305
9664.83241621 0.48587841
9669.83491746 0.48577381
9674.83741871 0.48566925
9679.83991996 0.48556474
9684.84242121 0.48546027
9689.84492246 0.48535584
9694.84742371 0.48525145
9699.84992496 0.48514711
9704.85242621 0.48504280
9709.85492746 0.48493854
9714.85742871 0.48483433
9719.85992996 0.48473015
9724.86243122 0.48462602
9729.86493247 0.48452193
9734.86743372 0.48441788
9739.86993497 0.48431387
9744.87243622 0.48420990
9749.87493747 0.48410598
9754.87743872 0.48400210
9759.87993997 0.48389826
9764.88244122 0.48379446
9769.88494247 0.48369071
9774.88744372 0.48358699
9779.88994497 0.48348332
9784.89244622 0.48337969
9789.89494747 0.48327610
9794.89744872 0.48317256
9799.89994997 0.48306905
9804.90245123 0.48296559
9809.90495248 0.48286217
9814.90745373 0.48275879
9819.90995498 0.48265545
9824.91245623 0.48255215
9829.91495748 0.48244889
9834.91745873 0.48234568
9839.91995998 0.48224251
9844.92246123 0.48213937
9849.92496248 0.48203628
9854.92746373 0.48193323
9859.92996498 0.48183023
9864.93246623 0.48172726
9869.93496748 0.48162433
9874.93746873 0.48152145
9879.93996998 0.48141861
9884.94247124 0.48131580
9889.94497249 0.48121304
9894.94747374 0.48111032
9899.94997499 0.48100764
9904.95247624 0.48090501
9909.95497749 0.48080241
9914.95747874 0.48069985
9919.95997999 0.48059734
9924.96248124 0.48049486
9929.96498249 0.48039243
9934.96748374 0.48029004
9939.96998499 0.48018769
9944.97248624 0.48008537
9949.97498749 0.47998310
9954.97748874 0.47988087
9959.97998999 0.47977868
9964.98249125 0.47967654
9969.98499250 0.47957443
9974.98749375 0.47947236
9979.98999500 0.47937033
9984.99249625 0.47926835
9989.99499750 0.47916640
9994.99749875 0.47906449
10000.00000000 0.47896263
