0.00000000 1.00000000
5.00250125 0.99029677
10.00500250 0.98462503
15.00750375 0.98021491
20.01000500 0.97651550
25.01250625 0.97329511
30.01500750 0.97042670
35.01750875 0.96783040
40.02001001 0.96545177
45.02251126 0.96325175
50.02501251 0.96120121
55.02751376 0.95927781
60.03001501 0.95746400
65.03251626 0.95574574
70.03501751 0.95411159
75.03751876 0.95255214
80.04002001 0.95105948
85.04252126 0.94962697
90.04502251 0.94824892
95.04752376 0.94692044
100.05002501 0.94563729
105.05252626 0.94439577
110.05502751 0.94319263
115.05752876 0.94202499
120.06003002 0.94089029
125.06253127 0.93978625
130.06503252 0.93871083
135.06753377 0.93766218
140.07003502 0.93663864
145.07253627 0.93563869
150.07503752 0.93466098
155.07753877 0.93370423
160.08004002 0.93276732
165.08254127 0.93184919
170.08504252 0.93094886
175.08754377 0.93006546
180.09004502 0.92919815
185.09254627 0.92834619
190.09504752 0.92750885
195.09754877 0.92668549
200.10005003 0.92587549
205.10255128 0.92507828
210.10505253 0.92429334
215.10755378 0.92352016
220.11005503 0.92275828
225.11255628 0.92200726
230.11505753 0.92126668
235.11755878 0.92053618
240.12006003 0.91981537
245.12256128 0.91910391
250.12506253 0.91840148
255.12756378 0.91770778
260.13006503 0.91702251
265.13256628 0.91634540
270.13506753 0.91567619
275.13756878 0.91501462
280.14007004 0.91436047
285.14257129 0.91371351
290.14507254 0.91307353
295.14757379 0.91244031
300.15007504 0.91181368
305.15257629 0.91119344
310.15507754 0.91057942
315.15757879 0.90997145
320.16008004 0.90936937
325.16258129 0.90877302
330.16508254 0.90818225
335.16758379 0.90759692
340.17008504 0.90701690
345.17258629 0.90644206
350.17508754 0.90587226
355.17758879 0.90530739
360.18009005 0.90474734
365.18259130 0.90419198
370.18509255 0.90364122
375.18759380 0.90309494
380.19009505 0.90255306
385.19259630 0.90201547
390.19509755 0.90148207
395.19759880 0.90095279
400.20010005 0.90042753
405.20260130 0.89990621
410.20510255 0.89938875
415.20760380 0.89887507
420.21010505 0.89836509
425.21260630 0.89785875
430.21510755 0.89735596
435.21760880 0.89685667
440.22011006 0.89636080
445.22261131 0.89586830
450.22511256 0.89537909
455.22761381 0.89489312
460.23011506 0.89441034
465.23261631 0.89393067
470.23511756 0.89345407
475.23761881 0.89298048
480.24012006 0.89250986
485.24262131 0.89204214
490.24512256 0.89157729
495.24762381 0.89111524
500.25012506 0.89065597
505.25262631 0.89019941
510.25512756 0.88974553
515.25762881 0.88929428
520.26013007 0.88884563
525.26263132 0.88839952
530.26513257 0.88795592
535.26763382 0.88751480
540.27013507 0.88707611
545.27263632 0.88663982
550.27513757 0.88620589
555.27763882 0.88577428
560.28014007 0.88534497
565.28264132 0.88491792
570.28514257 0.88449309
575.28764382 0.88407045
580.29014507 0.88364998
585.29264632 0.88323164
590.29514757 0.88281541
595.29764882 0.88240125
600.30015008 0.88198913
605.30265133 0.88157904
610.30515258 0.88117093
615.30765383 0.88076479
620.31015508 0.88036059
625.31265633 0.87995830
630.31515758 0.87955790
635.31765883 0.87915936
640.32016008 0.87876267
645.32266133 0.87836779
650.32516258 0.87797471
655.32766383 0.87758340
660.33016508 0.87719384
665.33266633 0.87680601
670.33516758 0.87641989
675.33766883 0.87603545
680.34017009 0.87565269
685.34267134 0.87527157
690.34517259 0.87489208
695.34767384 0.87451419
700.35017509 0.87413790
705.35267634 0.87376319
710.35517759 0.87339002
715.35767884 0.87301840
720.36018009 0.87264829
725.36268134 0.87227969
730.36518259 0.87191257
735.36768384 0.87154693
740.37018509 0.87118273
745.37268634 0.87081998
750.37518759 0.87045865
755.37768884 0.87009872
760.38019010 0.86974019
765.38269135 0.86938304
770.38519260 0.86902725
775.38769385 0.86867281
780.39019510 0.86831971
785.39269635 0.86796793
790.39519760 0.86761746
795.39769885 0.86726828
800.40020010 0.86692039
805.40270135 0.86657376
810.40520260 0.86622839
815.40770385 0.86588427
820.41020510 0.86554138
825.41270635 0.86519971
830.41520760 0.86485925
835.41770885 0.86451999
840.42021011 0.86418191
845.42271136 0.86384501
850.42521261 0.86350927
855.42771386 0.86317468
860.43021511 0.86284124
865.43271636 0.86250893
870.43521761 0.86217774
875.43771886 0.86184766
880.44022011 0.86151868
885.44272136 0.86119079
890.44522261 0.86086398
895.44772386 0.86053825
900.45022511 0.86021358
905.45272636 0.85988996
910.45522761 0.85956738
915.45772886 0.85924584
920.46023012 0.85892532
925.46273137 0.85860582
930.46523262 0.85828733
935.46773387 0.85796984
940.47023512 0.85765334
945.47273637 0.85733782
950.47523762 0.85702328
955.47773887 0.85670970
960.48024012 0.85639708
965.48274137 0.85608541
970.48524262 0.85577469
975.48774387 0.85546490
980.49024512 0.85515603
985.49274637 0.85484809
990.49524762 0.85454106
995.49774887 0.85423494
1000.50025013 0.85392971
1005.50275138 0.85362537
1010.50525263 0.85332192
1015.50775388 0.85301935
1020.51025513 0.85271765
1025.51275638 0.85241681
1030.51525763 0.85211683
1035.51775888 0.85181769
1040.52026013 0.85151941
1045.52276138 0.85122196
1050.52526263 0.85092534
1055.52776388 0.85062954
1060.53026513 0.85033457
1065.53276638 0.85004041
1070.53526763 0.84974705
1075.53776888 0.84945450
1080.54027014 0.84916274
1085.54277139 0.84887177
1090.54527264 0.84858159
1095.54777389 0.84829218
1100.55027514 0.84800354
1105.55277639 0.84771567
1110.55527764 0.84742857
1115.55777889 0.84714222
1120.56028014 0.84685661
1125.56278139 0.84657176
1130.56528264 0.84628764
1135.56778389 0.84600426
1140.57028514 0.84572161
1145.57278639 0.84543969
1150.57528764 0.84515848
1155.57778889 0.84487799
1160.58029015 0.84459821
1165.58279140 0.84431914
1170.58529265 0.84404077
1175.58779390 0.84376309
1180.59029515 0.84348610
1185.59279640 0.84320980
1190.59529765 0.84293418
1195.59779890 0.84265924
1200.60030015 0.84238497
1205.60280140 0.84211137
1210.60530265 0.84183844
1215.60780390 0.84156616
1220.61030515 0.84129455
1225.61280640 0.84102358
1230.61530765 0.84075326
1235.61780890 0.84048358
1240.62031016 0.84021454
1245.62281141 0.83994614
1250.62531266 0.83967837
1255.62781391 0.83941123
1260.63031516 0.83914471
1265.63281641 0.83887880
1270.63531766 0.83861352
1275.63781891 0.83834884
1280.64032016 0.83808478
1285.64282141 0.83782132
1290.64532266 0.83755845
1295.64782391 0.83729619
1300.65032516 0.83703452
1305.65282641 0.83677344
1310.65532766 0.83651294
1315.65782891 0.83625303
1320.66033017 0.83599369
1325.66283142 0.83573493
1330.66533267 0.83547675
1335.66783392 0.83521913
1340.67033517 0.83496208
1345.67283642 0.83470559
1350.67533767 0.83444966
1355.67783892 0.83419428
1360.68034017 0.83393946
1365.68284142 0.83368519
1370.68534267 0.83343146
1375.68784392 0.83317827
1380.69034517 0.83292563
1385.69284642 0.83267352
1390.69534767 0.83242195
1395.69784892 0.83217091
1400.70035018 0.83192039
1405.70285143 0.83167040
1410.70535268 0.83142093
1415.70785393 0.83117198
1420.71035518 0.83092355
1425.71285643 0.83067563
1430.71535768 0.83042822
1435.71785893 0.83018131
1440.72036018 0.82993492
1445.72286143 0.82968902
1450.72536268 0.82944363
1455.72786393 0.82919873
1460.73036518 0.82895432
1465.73286643 0.82871041
1470.73536768 0.82846698
1475.73786893 0.82822404
1480.74037019 0.82798159
1485.74287144 0.82773961
1490.74537269 0.82749811
1495.74787394 0.82725709
1500.75037519 0.82701655
1505.75287644 0.82677647
1510.75537769 0.82653686
1515.75787894 0.82629772
1520.76038019 0.82605904
1525.76288144 0.82582082
1530.76538269 0.82558306
1535.76788394 0.82534576
1540.77038519 0.82510891
1545.77288644 0.82487251
1550.77538769 0.82463657
1555.77788894 0.82440107
1560.78039020 0.82416601
1565.78289145 0.82393140
1570.78539270 0.82369723
1575.78789395 0.82346349
1580.79039520 0.82323020
1585.79289645 0.82299733
1590.79539770 0.82276490
1595.79789895 0.82253290
1600.80040020 0.82230132
1605.80290145 0.82207017
1610.80540270 0.82183945
1615.80790395 0.82160914
1620.81040520 0.82137925
1625.81290645 0.82114979
1630.81540770 0.82092073
1635.81790895 0.82069209
1640.82041021 0.82046386
1645.82291146 0.82023604
1650.82541271 0.82000863
1655.82791396 0.81978162
1660.83041521 0.81955501
1665.83291646 0.81932881
1670.83541771 0.81910301
1675.83791896 0.81887760
1680.84042021 0.81865259
1685.84292146 0.81842798
1690.84542271 0.81820375
1695.84792396 0.81797992
1700.85042521 0.81775647
1705.85292646 0.81753341
1710.85542771 0.81731074
1715.85792896 0.81708845
1720.86043022 0.81686654
1725.86293147 0.81664501
1730.86543272 0.81642385
1735.86793397 0.81620308
1740.87043522 0.81598268
1745.87293647 0.81576265
1750.87543772 0.81554299
1755.87793897 0.81532370
1760.88044022 0.81510478
1765.88294147 0.81488622
1770.88544272 0.81466803
1775.88794397 0.81445021
1780.89044522 0.81423274
1785.89294647 0.81401563
1790.89544772 0.81379888
1795.89794897 0.81358249
1800.90045023 0.81336645
1805.90295148 0.81315077
1810.90545273 0.81293544
1815.90795398 0.81272045
1820.91045523 0.81250582
1825.91295648 0.81229153
1830.91545773 0.81207759
1835.91795898 0.81186400
1840.92046023 0.81165074
1845.92296148 0.81143783
1850.92546273 0.81122526
1855.92796398 0.81101302
1860.93046523 0.81080112
1865.93296648 0.81058956
1870.93546773 0.81037833
1875.93796898 0.81016744
1880.94047024 0.80995687
1885.94297149 0.80974664
1890.94547274 0.80953673
1895.94797399 0.80932715
1900.95047524 0.80911790
1905.95297649 0.80890897
1910.95547774 0.80870037
1915.95797899 0.80849208
1920.96048024 0.80828412
1925.96298149 0.80807648
1930.96548274 0.80786915
1935.96798399 0.80766214
1940.97048524 0.80745544
1945.97298649 0.80724906
1950.97548774 0.80704299
1955.97798899 0.80683724
1960.98049025 0.80663179
1965.98299150 0.80642665
1970.98549275 0.80622182
1975.98799400 0.80601730
1980.99049525 0.80581308
1985.99299650 0.80560916
1990.99549775 0.80540555
1995.99799900 0.80520224
2001.00050025 0.80499923
2006.00300150 0.80479651
2011.00550275 0.80459410
2016.00800400 0.80439198
2021.01050525 0.80419016
2026.01300650 0.80398863
2031.01550775 0.80378740
2036.01800900 0.80358646
2041.02051026 0.80338581
2046.02301151 0.80318545
2051.02551276 0.80298538
2056.02801401 0.80278559
2061.03051526 0.80258609
2066.03301651 0.80238688
2071.03551776 0.80218795
2076.03801901 0.80198931
2081.04052026 0.80179095
2086.04302151 0.80159287
2091.04552276 0.80139506
2096.04802401 0.80119754
2101.05052526 0.80100030
2106.05302651 0.80080333
2111.05552776 0.80060664
2116.05802901 0.80041022
2121.06053027 0.80021408
2126.06303152 0.80001821
2131.06553277 0.79982261
2136.06803402 0.79962728
2141.07053527 0.79943222
2146.07303652 0.79923743
2151.07553777 0.79904291
2156.07803902 0.79884866
2161.08054027 0.79865467
2166.08304152 0.79846094
2171.08554277 0.79826748
2176.08804402 0.79807428
2181.09054527 0.79788135
2186.09304652 0.79768867
2191.09554777 0.79749626
2196.09804902 0.79730410
2201.10055028 0.79711220
2206.10305153 0.79692056
2211.10555278 0.79672918
2216.10805403 0.79653805
2221.11055528 0.79634717
2226.11305653 0.79615655
2231.11555778 0.79596618
2236.11805903 0.79577607
2241.12056028 0.79558620
2246.12306153 0.79539659
2251.12556278 0.79520722
2256.12806403 0.79501810
2261.13056528 0.79482923
2266.13306653 0.79464060
2271.13556778 0.79445222
2276.13806903 0.79426409
2281.14057029 0.79407620
2286.14307154 0.79388855
2291.14557279 0.79370115
2296.14807404 0.79351398
2301.15057529 0.79332706
2306.15307654 0.79314037
2311.15557779 0.79295393
2316.15807904 0.79276772
2321.16058029 0.79258175
2326.16308154 0.79239602
2331.16558279 0.79221052
2336.16808404 0.79202526
2341.17058529 0.79184023
2346.17308654 0.79165543
2351.17558779 0.79147087
2356.17808904 0.79128653
2361.18059030 0.79110243
2366.18309155 0.79091856
2371.18559280 0.79073492
2376.18809405 0.79055151
2381.19059530 0.79036832
2386.19309655 0.79018536
2391.19559780 0.79000263
2396.19809905 0.78982012
2401.20060030 0.78963784
2406.20310155 0.78945578
2411.20560280 0.78927395
2416.20810405 0.78909234
2421.21060530 0.78891094
2426.21310655 0.78872977
2431.21560780 0.78854883
2436.21810905 0.78836810
2441.22061031 0.78818759
2446.22311156 0.78800729
2451.22561281 0.78782722
2456.22811406 0.78764736
2461.23061531 0.78746772
2466.23311656 0.78728829
2471.23561781 0.78710908
2476.23811906 0.78693008
2481.24062031 0.78675130
2486.24312156 0.78657272
2491.24562281 0.78639436
2496.24812406 0.78621621
2501.25062531 0.78603828
2506.25312656 0.78586055
2511.25562781 0.78568303
2516.25812906 0.78550572
2521.26063032 0.78532861
2526.26313157 0.78515172
2531.26563282 0.78497503
2536.26813407 0.78479855
2541.27063532 0.78462227
2546.27313657 0.78444620
2551.27563782 0.78427033
2556.27813907 0.78409466
2561.28064032 0.78391920
2566.28314157 0.78374394
2571.28564282 0.78356888
2576.28814407 0.78339402
2581.29064532 0.78321936
2586.29314657 0.78304490
2591.29564782 0.78287065
2596.29814907 0.78269658
2601.30065033 0.78252272
2606.30315158 0.78234906
2611.30565283 0.78217559
2616.30815408 0.78200231
2621.31065533 0.78182924
2626.31315658 0.78165635
2631.31565783 0.78148366
2636.31815908 0.78131117
2641.32066033 0.78113887
2646.32316158 0.78096676
2651.32566283 0.78079484
2656.32816408 0.78062311
2661.33066533 0.78045158
2666.33316658 0.78028023
2671.33566783 0.78010908
2676.33816908 0.77993811
2681.34067034 0.77976733
2686.34317159 0.77959674
2691.34567284 0.77942634
2696.34817409 0.77925612
2701.35067534 0.77908609
2706.35317659 0.77891625
2711.35567784 0.77874659
2716.35817909 0.77857711
2721.36068034 0.77840782
2726.36318159 0.77823871
2731.36568284 0.77806979
2736.36818409 0.77790105
2741.37068534 0.77773249
2746.37318659 0.77756411
2751.37568784 0.77739591
2756.37818909 0.77722790
2761.38069035 0.77706006
2766.38319160 0.77689240
2771.38569285 0.77672492
2776.38819410 0.77655762
2781.39069535 0.77639050
2786.39319660 0.77622355
2791.39569785 0.77605678
2796.39819910 0.77589019
2801.40070035 0.77572377
2806.40320160 0.77555753
2811.40570285 0.77539147
2816.40820410 0.77522557
2821.41070535 0.77505985
2826.41320660 0.77489431
2831.41570785 0.77472893
2836.41820910 0.77456373
2841.42071036 0.77439870
2846.42321161 0.77423385
2851.42571286 0.77406916
2856.42821411 0.77390464
2861.43071536 0.77374030
2866.43321661 0.77357612
2871.43571786 0.77341211
2876.43821911 0.77324827
2881.44072036 0.77308460
2886.44322161 0.77292110
2891.44572286 0.77275776
2896.44822411 0.77259459
2901.45072536 0.77243158
2906.45322661 0.77226875
2911.45572786 0.77210607
2916.45822911 0.77194356
2921.46073037 0.77178122
2926.46323162 0.77161904
2931.46573287 0.77145702
2936.46823412 0.77129517
2941.47073537 0.77113348
2946.47323662 0.77097195
2951.47573787 0.77081058
2956.47823912 0.77064937
2961.48074037 0.77048833
2966.48324162 0.77032744
2971.48574287 0.77016672
2976.48824412 0.77000615
2981.49074537 0.76984575
2986.49324662 0.76968550
2991.49574787 0.76952541
2996.49824912 0.76936548
3001.50075038 0.76920570
3006.50325163 0.76904609
3011.50575288 0.76888663
3016.50825413 0.76872732
3021.51075538 0.76856817
3026.51325663 0.76840918
3031.51575788 0.76825034
3036.51825913 0.76809165
3041.52076038 0.76793312
3046.52326163 0.76777475
3051.52576288 0.76761653
3056.52826413 0.76745845
3061.53076538 0.76730054
3066.53326663 0.76714277
3071.53576788 0.76698516
3076.53826913 0.76682770
3081.54077039 0.76667038
3086.54327164 0.76651322
3091.54577289 0.76635621
3096.54827414 0.76619935
3101.55077539 0.76604264
3106.55327664 0.76588607
3111.55577789 0.76572966
3116.55827914 0.76557339
3121.56078039 0.76541728
3126.56328164 0.76526131
3131.56578289 0.76510548
3136.56828414 0.76494980
3141.57078539 0.76479427
3146.57328664 0.76463889
3151.57578789 0.76448365
3156.57828914 0.76432856
3161.58079040 0.76417361
3166.58329165 0.76401880
3171.58579290 0.76386414
3176.58829415 0.76370962
3181.59079540 0.76355525
3186.59329665 0.76340102
3191.59579790 0.76324693
3196.59829915 0.76309299
3201.60080040 0.76293919
3206.60330165 0.76278552
3211.60580290 0.76263200
3216.60830415 0.76247862
3221.61080540 0.76232539
3226.61330665 0.76217229
3231.61580790 0.76201933
3236.61830915 0.76186651
3241.62081041 0.76171383
3246.62331166 0.76156129
3251.62581291 0.76140888
3256.62831416 0.76125662
3261.63081541 0.76110449
3266.63331666 0.76095250
3271.63581791 0.76080065
3276.63831916 0.76064894
3281.64082041 0.76049736
3286.64332166 0.76034591
3291.64582291 0.76019461
3296.64832416 0.76004344
3301.65082541 0.75989240
3306.65332666 0.75974150
3311.65582791 0.75959073
3316.65832916 0.75944010
3321.66083042 0.75928960
3326.66333167 0.75913924
3331.66583292 0.75898900
3336.66833417 0.75883890
3341.67083542 0.75868894
3346.67333667 0.75853910
3351.67583792 0.75838940
3356.67833917 0.75823983
3361.68084042 0.75809039
3366.68334167 0.75794108
3371.68584292 0.75779191
3376.68834417 0.75764286
3381.69084542 0.75749394
3386.69334667 0.75734515
3391.69584792 0.75719650
3396.69834917 0.75704797
3401.70085043 0.75689957
3406.70335168 0.75675130
3411.70585293 0.75660315
3416.70835418 0.75645514
3421.71085543 0.75630725
3426.71335668 0.75615949
3431.71585793 0.75601186
3436.71835918 0.75586435
3441.72086043 0.75571697
3446.72336168 0.75556972
3451.72586293 0.75542259
3456.72836418 0.75527559
3461.73086543 0.75512871
3466.73336668 0.75498196
3471.73586793 0.75483534
3476.73836918 0.75468883
3481.74087044 0.75454246
3486.74337169 0.75439620
3491.74587294 0.75425007
3496.74837419 0.75410406
3501.75087544 0.75395818
3506.75337669 0.75381242
3511.75587794 0.75366678
3516.75837919 0.75352126
3521.76088044 0.75337587
3526.76338169 0.75323059
3531.76588294 0.75308544
3536.76838419 0.75294041
3541.77088544 0.75279550
3546.77338669 0.75265071
3551.77588794 0.75250604
3556.77838919 0.75236149
3561.78089045 0.75221707
3566.78339170 0.75207276
3571.78589295 0.75192857
3576.78839420 0.75178449
3581.79089545 0.75164054
3586.79339670 0.75149671
3591.79589795 0.75135299
3596.79839920 0.75120939
3601.80090045 0.75106591
3606.80340170 0.75092255
3611.80590295 0.75077930
3616.80840420 0.75063617
3621.81090545 0.75049316
3626.81340670 0.75035026
3631.81590795 0.75020748
3636.81840920 0.75006482
3641.82091046 0.74992227
3646.82341171 0.74977984
3651.82591296 0.74963752
3656.82841421 0.74949531
3661.83091546 0.74935323
3666.83341671 0.74921125
3671.83591796 0.74906939
3676.83841921 0.74892764
3681.84092046 0.74878601
3686.84342171 0.74864449
3691.84592296 0.74850308
3696.84842421 0.74836179
3701.85092546 0.74822061
3706.85342671 0.74807954
3711.85592796 0.74793858
3716.85842921 0.74779774
3721.86093047 0.74765700
3726.86343172 0.74751638
3731.86593297 0.74737587
3736.86843422 0.74723547
3741.87093547 0.74709518
3746.87343672 0.74695500
3751.87593797 0.74681494
3756.87843922 0.74667498
3761.88094047 0.74653513
3766.88344172 0.74639539
3771.88594297 0.74625576
3776.88844422 0.74611624
3781.89094547 0.74597683
3786.89344672 0.74583752
3791.89594797 0.74569833
3796.89844922 0.74555924
3801.90095048 0.74542026
3806.90345173 0.74528139
3811.90595298 0.74514263
3816.90845423 0.74500397
3821.91095548 0.74486542
3826.91345673 0.74472698
3831.91595798 0.74458865
3836.91845923 0.74445042
3841.92096048 0.74431229
3846.92346173 0.74417428
3851.92596298 0.74403636
3856.92846423 0.74389856
3861.93096548 0.74376086
3866.93346673 0.74362326
3871.93596798 0.74348577
3876.93846923 0.74334838
3881.94097049 0.74321110
3886.94347174 0.74307392
3891.94597299 0.74293685
3896.94847424 0.74279988
3901.95097549 0.74266301
3906.95347674 0.74252625
3911.95597799 0.74238959
3916.95847924 0.74225303
3921.96098049 0.74211658
3926.96348174 0.74198023
3931.96598299 0.74184398
3936.96848424 0.74170783
3941.97098549 0.74157179
3946.97348674 0.74143584
3951.97598799 0.74130000
3956.97848924 0.74116426
3961.98099050 0.74102862
3966.98349175 0.74089308
3971.98599300 0.74075764
3976.98849425 0.74062230
3981.99099550 0.74048707
3986.99349675 0.74035193
3991.99599800 0.74021689
3996.99849925 0.74008195
4002.00100050 0.73994711
4007.00350175 0.73981238
4012.00600300 0.73967774
4017.00850425 0.73954319
4022.01100550 0.73940875
4027.01350675 0.73927441
4032.01600800 0.73914016
4037.01850925 0.73900601
4042.02101051 0.73887196
4047.02351176 0.73873801
4052.02601301 0.73860416
4057.02851426 0.73847040
4062.03101551 0.73833674
4067.03351676 0.73820318
4072.03601801 0.73806971
4077.03851926 0.73793634
4082.04102051 0.73780307
4087.04352176 0.73766989
4092.04602301 0.73753681
4097.04852426 0.73740383
4102.05102551 0.73727094
4107.05352676 0.73713814
4112.05602801 0.73700544
4117.05852926 0.73687284
4122.06103052 0.73674033
4127.06353177 0.73660792
4132.06603302 0.73647560
4137.06853427 0.73634337
4142.07103552 0.73621124
4147.07353677 0.73607921
4152.07603802 0.73594726
4157.07853927 0.73581541
4162.08104052 0.73568366
4167.08354177 0.73555200
4172.08604302 0.73542043
4177.08854427 0.73528895
4182.09104552 0.73515757
4187.09354677 0.73502628
4192.09604802 0.73489508
4197.09854927 0.73476397
4202.10105053 0.73463296
4207.10355178 0.73450203
4212.10605303 0.73437120
4217.10855428 0.73424046
4222.11105553 0.73410982
4227.11355678 0.73397926
4232.11605803 0.73384880
4237.11855928 0.73371842
4242.12106053 0.73358814
4247.12356178 0.73345794
4252.12606303 0.73332784
4257.12856428 0.73319783
4262.13106553 0.73306790
4267.13356678 0.73293807
4272.13606803 0.73280833
4277.13856928 0.73267868
4282.14107054 0.73254911
4287.14357179 0.73241964
4292.14607304 0.73229025
4297.14857429 0.73216095
4302.15107554 0.73203174
4307.15357679 0.73190262
4312.15607804 0.73177359
4317.15857929 0.73164465
4322.16108054 0.73151579
4327.16358179 0.73138703
4332.16608304 0.73125835
4337.16858429 0.73112975
4342.17108554 0.73100125
4347.17358679 0.73087283
4352.17608804 0.73074450
4357.17858929 0.73061626
4362.18109055 0.73048810
4367.18359180 0.73036003
4372.18609305 0.73023205
4377.18859430 0.73010415
4382.19109555 0.72997634
4387.19359680 0.72984862
4392.19609805 0.72972098
4397.19859930 0.72959342
4402.20110055 0.72946596
4407.20360180 0.72933857
4412.20610305 0.72921128
4417.20860430 0.72908406
4422.21110555 0.72895694
4427.21360680 0.72882989
4432.21610805 0.72870294
4437.21860930 0.72857606
4442.22111056 0.72844927
4447.22361181 0.72832257
4452.22611306 0.72819595
4457.22861431 0.72806941
4462.23111556 0.72794296
4467.23361681 0.72781659
4472.23611806 0.72769030
4477.23861931 0.72756410
4482.24112056 0.72743798
4487.24362181 0.72731194
4492.24612306 0.72718599
4497.24862431 0.72706012
4502.25112556 0.72693433
4507.25362681 0.72680862
4512.25612806 0.72668300
4517.25862931 0.72655746
4522.26113057 0.72643200
4527.26363182 0.72630662
4532.26613307 0.72618132
4537.26863432 0.72605611
4542.27113557 0.72593098
4547.27363682 0.72580593
4552.27613807 0.72568095
4557.27863932 0.72555606
4562.28114057 0.72543126
4567.28364182 0.72530653
4572.28614307 0.72518188
4577.28864432 0.72505731
4582.29114557 0.72493283
4587.29364682 0.72480842
4592.29614807 0.72468409
4597.29864932 0.72455985
4602.30115058 0.72443568
4607.30365183 0.72431159
4612.30615308 0.72418758
4617.30865433 0.72406365
4622.31115558 0.72393980
4627.31365683 0.72381603
4632.31615808 0.72369234
4637.31865933 0.72356873
4642.32116058 0.72344520
4647.32366183 0.72332174
4652.32616308 0.72319836
4657.32866433 0.72307507
4662.33116558 0.72295185
4667.33366683 0.72282870
4672.33616808 0.72270564
4677.33866933 0.72258265
4682.34117059 0.72245974
4687.34367184 0.72233691
4692.34617309 0.72221416
4697.34867434 0.72209148
4702.35117559 0.72196888
4707.35367684 0.72184636
4712.35617809 0.72172391
4717.35867934 0.72160154
4722.36118059 0.72147925
4727.36368184 0.72135703
4732.36618309 0.72123489
4737.36868434 0.72111283
4742.37118559 0.72099084
4747.37368684 0.72086893
4752.37618809 0.72074709
4757.37868934 0.72062533
4762.38119060 0.72050365
4767.38369185 0.72038204
4772.38619310 0.72026050
4777.38869435 0.72013904
4782.39119560 0.72001766
4787.39369685 0.71989635
4792.39619810 0.71977512
4797.39869935 0.71965396
4802.40120060 0.71953287
4807.40370185 0.71941186
4812.40620310 0.71929093
4817.40870435 0.71917007
4822.41120560 0.71904928
4827.41370685 0.71892857
4832.41620810 0.71880793
4837.41870935 0.71868736
4842.42121061 0.71856687
4847.42371186 0.71844645
4852.42621311 0.71832610
4857.42871436 0.71820583
4862.43121561 0.71808563
4867.43371686 0.71796551
4872.43621811 0.71784545
4877.43871936 0.71772547
4882.44122061 0.71760557
4887.44372186 0.71748573
4892.44622311 0.71736597
4897.44872436 0.71724628
4902.45122561 0.71712666
4907.45372686 0.71700712
4912.45622811 0.71688764
4917.45872936 0.71676824
4922.46123062 0.71664891
4927.46373187 0.71652965
4932.46623312 0.71641047
4937.46873437 0.71629135
4942.47123562 0.71617231
4947.47373687 0.71605333
4952.47623812 0.71593443
4957.47873937 0.71581560
4962.48124062 0.71569684
4967.48374187 0.71557815
4972.48624312 0.71545953
4977.48874437 0.71534099
4982.49124562 0.71522251
4987.49374687 0.71510410
4992.49624812 0.71498576
4997.49874937 0.71486750
5002.50125063 0.71474930
5007.50375188 0.71463117
5012.50625313 0.71451311
5017.50875438 0.71439513
5022.51125563 0.71427721
5027.51375688 0.71415936
5032.51625813 0.71404158
5037.51875938 0.71392387
5042.52126063 0.71380623
5047.52376188 0.71368866
5052.52626313 0.71357115
5057.52876438 0.71345372
5062.53126563 0.71333635
5067.53376688 0.71321906
5072.53626813 0.71310183
5077.53876938 0.71298467
5082.54127064 0.71286757
5087.54377189 0.71275055
5092.54627314 0.71263359
5097.54877439 0.71251671
5102.55127564 0.71239989
5107.55377689 0.71228313
5112.55627814 0.71216645
5117.55877939 0.71204983
5122.56128064 0.71193328
5127.56378189 0.71181680
5132.56628314 0.71170039
5137.56878439 0.71158404
5142.57128564 0.71146776
5147.57378689 0.71135154
5152.57628814 0.71123540
5157.57878939 0.71111931
5162.58129065 0.71100330
5167.58379190 0.71088735
5172.58629315 0.71077147
5177.58879440 0.71065566
5182.59129565 0.71053991
5187.59379690 0.71042423
5192.59629815 0.71030861
5197.59879940 0.71019306
5202.60130065 0.71007758
5207.60380190 0.70996216
5212.60630315 0.70984680
5217.60880440 0.70973152
5222.61130565 0.70961629
5227.61380690 0.70950114
5232.61630815 0.70938605
5237.61880940 0.70927102
5242.62131066 0.70915606
5247.62381191 0.70904116
5252.62631316 0.70892633
5257.62881441 0.70881156
5262.63131566 0.70869686
5267.63381691 0.70858222
5272.63631816 0.70846765
5277.63881941 0.70835314
5282.64132066 0.70823870
5287.64382191 0.70812432
5292.64632316 0.70801000
5297.64882441 0.70789575
5302.65132566 0.70778156
5307.65382691 0.70766743
5312.65632816 0.70755337
5317.65882941 0.70743938
5322.66133067 0.70732544
5327.66383192 0.70721157
5332.66633317 0.70709777
5337.66883442 0.70698402
5342.67133567 0.70687034
5347.67383692 0.70675672
5352.67633817 0.70664317
5357.67883942 0.70652968
5362.68134067 0.70641625
5367.68384192 0.70630288
5372.68634317 0.70618958
5377.68884442 0.70607634
5382.69134567 0.70596316
5387.69384692 0.70585004
5392.69634817 0.70573699
5397.69884942 0.70562400
5402.70135068 0.70551107
5407.70385193 0.70539820
5412.70635318 0.70528540
5417.70885443 0.70517265
5422.71135568 0.70505997
5427.71385693 0.70494735
5432.71635818 0.70483479
5437.71885943 0.70472229
5442.72136068 0.70460986
5447.72386193 0.70449748
5452.72636318 0.70438517
5457.72886443 0.70427292
5462.73136568 0.70416072
5467.73386693 0.70404859
5472.73636818 0.70393652
5477.73886943 0.70382451
5482.74137069 0.70371257
5487.74387194 0.70360068
5492.74637319 0.70348885
5497.74887444 0.70337708
5502.75137569 0.70326538
5507.75387694 0.70315373
5512.75637819 0.70304215
5517.75887944 0.70293062
5522.76138069 0.70281915
5527.76388194 0.70270775
5532.76638319 0.70259640
5537.76888444 0.70248511
5542.77138569 0.70237389
5547.77388694 0.70226272
5552.77638819 0.70215161
5557.77888944 0.70204056
5562.78139070 0.70192958
5567.78389195 0.70181865
5572.78639320 0.70170777
5577.78889445 0.70159696
5582.79139570 0.70148621
5587.79389695 0.70137552
5592.79639820 0.70126488
5597.79889945 0.70115431
5602.80140070 0.70104379
5607.80390195 0.70093333
5612.80640320 0.70082293
5617.80890445 0.70071259
5622.81140570 0.70060230
5627.81390695 0.70049208
5632.81640820 0.70038191
5637.81890945 0.70027180
5642.82141071 0.70016175
5647.82391196 0.70005176
5652.82641321 0.69994183
5657.82891446 0.69983195
5662.83141571 0.69972213
5667.83391696 0.69961237
5672.83641821 0.69950266
5677.83891946 0.69939302
5682.84142071 0.69928343
5687.84392196 0.69917389
5692.84642321 0.69906442
5697.84892446 0.69895500
5702.85142571 0.69884564
5707.85392696 0.69873634
5712.85642821 0.69862709
5717.85892946 0.69851790
5722.86143072 0.69840877
5727.86393197 0.69829969
5732.86643322 0.69819067
5737.86893447 0.69808171
5742.87143572 0.69797280
5747.87393697 0.69786395
5752.87643822 0.69775516
5757.87893947 0.69764642
5762.88144072 0.69753774
5767.88394197 0.69742912
5772.88644322 0.69732055
5777.88894447 0.69721203
5782.89144572 0.69710358
5787.89394697 0.69699518
5792.89644822 0.69688683
5797.89894947 0.69677854
5802.90145073 0.69667031
5807.90395198 0.69656213
5812.90645323 0.69645400
5817.90895448 0.69634593
5822.91145573 0.69623792
5827.91395698 0.69612996
5832.91645823 0.69602206
5837.91895948 0.69591421
5842.92146073 0.69580642
5847.92396198 0.69569868
5852.92646323 0.69559100
5857.92896448 0.69548337
5862.93146573 0.69537580
5867.93396698 0.69526828
5872.93646823 0.69516082
5877.93896948 0.69505341
5882.94147074 0.69494605
5887.94397199 0.69483875
5892.94647324 0.69473151
5897.94897449 0.69462431
5902.95147574 0.69451718
5907.95397699 0.69441009
5912.95647824 0.69430306
5917.95897949 0.69419609
5922.96148074 0.69408916
5927.96398199 0.69398230
5932.96648324 0.69387548
5937.96898449 0.69376872
5942.97148574 0.69366201
5947.97398699 0.69355536
5952.97648824 0.69344876
5957.97898949 0.69334221
5962.98149075 0.69323572
5967.98399200 0.69312928
5972.98649325 0.69302289
5977.98899450 0.69291656
5982.99149575 0.69281028
5987.99399700 0.69270405
5992.99649825 0.69259787
5997.99899950 0.69249175
6003.00150075 0.69238568
6008.00400200 0.69227966
6013.00650325 0.69217370
6018.00900450 0.69206779
6023.01150575 0.69196193
6028.01400700 0.69185612
6033.01650825 0.69175037
6038.01900950 0.69164466
6043.02151076 0.69153901
6048.02401201 0.69143342
6053.02651326 0.69132787
6058.02901451 0.69122238
6063.03151576 0.69111694
6068.03401701 0.69101155
6073.03651826 0.69090621
6078.03901951 0.69080092
6083.04152076 0.69069569
6088.04402201 0.69059051
6093.04652326 0.69048537
6098.04902451 0.69038029
6103.05152576 0.69027527
6108.05402701 0.69017029
6113.05652826 0.69006536
6118.05902951 0.68996049
6123.06153077 0.68985567
6128.06403202 0.68975089
6133.06653327 0.68964617
6138.06903452 0.68954150
6143.07153577 0.68943688
6148.07403702 0.68933232
6153.07653827 0.68922780
6158.07903952 0.68912333
6163.08154077 0.68901892
6168.08404202 0.68891455
6173.08654327 0.68881024
6178.08904452 0.68870597
6183.09154577 0.68860176
6188.09404702 0.68849760
6193.09654827 0.68839348
6198.09904952 0.68828942
6203.10155078 0.68818541
6208.10405203 0.68808145
6213.10655328 0.68797753
6218.10905453 0.68787367
6223.11155578 0.68776986
6228.11405703 0.68766610
6233.11655828 0.68756238
6238.11905953 0.68745872
6243.12156078 0.68735511
6248.12406203 0.68725154
6253.12656328 0.68714803
6258.12906453 0.68704456
6263.13156578 0.68694115
6268.13406703 0.68683778
6273.13656828 0.68673447
6278.13906953 0.68663120
6283.14157079 0.68652798
6288.14407204 0.68642481
6293.14657329 0.68632169
6298.14907454 0.68621862
6303.15157579 0.68611560
6308.15407704 0.68601263
6313.15657829 0.68590970
6318.15907954 0.68580683
6323.16158079 0.68570400
6328.16408204 0.68560123
6333.16658329 0.68549850
6338.16908454 0.68539582
6343.17158579 0.68529318
6348.17408704 0.68519060
6353.17658829 0.68508807
6358.17908954 0.68498558
6363.18159080 0.68488314
6368.18409205 0.68478075
6373.18659330 0.68467841
6378.18909455 0.68457611
6383.19159580 0.68447387
6388.19409705 0.68437167
6393.19659830 0.68426952
6398.19909955 0.68416742
6403.20160080 0.68406536
6408.20410205 0.68396336
6413.20660330 0.68386140
6418.20910455 0.68375949
6423.21160580 0.68365762
6428.21410705 0.68355581
6433.21660830 0.68345404
6438.21910955 0.68335232
6443.22161081 0.68325064
6448.22411206 0.68314902
6453.22661331 0.68304744
6458.22911456 0.68294590
6463.23161581 0.68284442
6468.23411706 0.68274298
6473.23661831 0.68264159
6478.23911956 0.68254025
6483.24162081 0.68243895
6488.24412206 0.68233770
6493.24662331 0.68223650
6498.24912456 0.68213534
6503.25162581 0.68203423
6508.25412706 0.68193317
6513.25662831 0.68183215
6518.25912956 0.68173118
6523.26163082 0.68163026
6528.26413207 0.68152938
6533.26663332 0.68142855
6538.26913457 0.68132776
6543.27163582 0.68122703
6548.27413707 0.68112633
6553.27663832 0.68102569
6558.27913957 0.68092509
6563.28164082 0.68082453
6568.28414207 0.68072403
6573.28664332 0.68062357
6578.28914457 0.68052315
6583.29164582 0.68042278
6588.29414707 0.68032246
6593.29664832 0.68022218
6598.29914957 0.68012194
6603.30165083 0.68002176
6608.30415208 0.67992162
6613.30665333 0.67982152
6618.30915458 0.67972147
6623.31165583 0.67962146
6628.31415708 0.67952150
6633.31665833 0.67942159
6638.31915958 0.67932172
6643.32166083 0.67922190
6648.32416208 0.67912212
6653.32666333 0.67902239
6658.32916458 0.67892270
6663.33166583 0.67882305
6668.33416708 0.67872345
6673.33666833 0.67862390
6678.33916958 0.67852439
6683.34167084 0.67842493
6688.34417209 0.67832551
6693.34667334 0.67822613
6698.34917459 0.67812680
6703.35167584 0.67802752
6708.35417709 0.67792828
6713.35667834 0.67782908
6718.35917959 0.67772993
6723.36168084 0.67763082
6728.36418209 0.67753176
6733.36668334 0.67743274
6738.36918459 0.67733377
6743.37168584 0.67723484
6748.37418709 0.67713595
6753.37668834 0.67703711
6758.37918959 0.67693831
6763.38169085 0.67683956
6768.38419210 0.67674085
6773.38669335 0.67664218
6778.38919460 0.67654356
6783.39169585 0.67644498
6788.39419710 0.67634645
6793.39669835 0.67624796
6798.39919960 0.67614951
6803.40170085 0.67605111
6808.40420210 0.67595275
6813.40670335 0.67585443
6818.40920460 0.67575616
6823.41170585 0.67565793
6828.41420710 0.67555974
6833.41670835 0.67546160
6838.41920960 0.67536350
6843.42171086 0.67526544
6848.42421211 0.67516743
6853.42671336 0.67506946
6858.42921461 0.67497153
6863.43171586 0.67487365
6868.43421711 0.67477581
6873.43671836 0.67467801
6878.43921961 0.67458025
6883.44172086 0.67448254
6888.44422211 0.67438487
6893.44672336 0.67428725
6898.44922461 0.67418966
6903.45172586 0.67409212
6908.45422711 0.67399462
6913.45672836 0.67389717
6918.45922961 0.67379975
6923.46173087 0.67370238
6928.46423212 0.67360505
6933.46673337 0.67350777
6938.46923462 0.67341052
6943.47173587 0.67331332
6948.47423712 0.67321616
6953.47673837 0.67311904
6958.47923962 0.67302197
6963.48174087 0.67292494
6968.48424212 0.67282795
6973.48674337 0.67273100
6978.48924462 0.67263409
6983.49174587 0.67253723
6988.49424712 0.67244040
6993.49674837 0.67234362
6998.49924962 0.67224688
7003.50175088 0.67215019
7008.50425213 0.67205353
7013.50675338 0.67195692
7018.50925463 0.67186034
7023.51175588 0.67176381
7028.51425713 0.67166732
7033.51675838 0.67157088
7038.51925963 0.67147447
7043.52176088 0.67137810
7048.52426213 0.67128178
7053.52676338 0.67118550
7058.52926463 0.67108926
7063.53176588 0.67099306
7068.53426713 0.67089690
7073.53676838 0.67080078
7078.53926963 0.67070470
7083.54177089 0.67060867
7088.54427214 0.67051267
7093.54677339 0.67041672
7098.54927464 0.67032081
7103.55177589 0.67022494
7108.55427714 0.67012911
7113.55677839 0.67003332
7118.55927964 0.66993757
7123.56178089 0.66984186
7128.56428214 0.66974619
7133.56678339 0.66965056
7138.56928464 0.66955498
7143.57178589 0.66945943
7148.57428714 0.66936392
7153.57678839 0.66926846
7158.57928964 0.66917303
7163.58179090 0.66907765
7168.58429215 0.66898230
7173.58679340 0.66888700
7178.58929465 0.66879174
7183.59179590 0.66869651
7188.59429715 0.66860133
7193.59679840 0.66850619
7198.59929965 0.66841108
7203.60180090 0.66831602
7208.60430215 0.66822100
7213.60680340 0.66812601
7218.60930465 0.66803107
7223.61180590 0.66793617
7228.61430715 0.66784130
7233.61680840 0.66774648
7238.61930965 0.66765170
7243.62181091 0.66755695
7248.62431216 0.66746225
7253.62681341 0.66736758
7258.62931466 0.66727296
7263.63181591 0.66717837
7268.63431716 0.66708382
7273.63681841 0.66698932
7278.63931966 0.66689485
7283.64182091 0.66680042
7288.64432216 0.66670603
7293.64682341 0.66661168
7298.64932466 0.66651737
7303.65182591 0.66642310
7308.65432716 0.66632887
7313.65682841 0.66623467
7318.65932966 0.66614052
7323.66183092 0.66604640
7328.66433217 0.66595233
7333.66683342 0.66585829
7338.66933467 0.66576429
7343.67183592 0.66567033
7348.67433717 0.66557641
7353.67683842 0.66548253
7358.67933967 0.66538869
7363.68184092 0.66529489
7368.68434217 0.66520112
7373.68684342 0.66510739
7378.68934467 0.66501371
7383.69184592 0.66492006
7388.69434717 0.66482645
7393.69684842 0.66473287
7398.69934967 0.66463934
7403.70185093 0.66454584
7408.70435218 0.66445239
7413.70685343 0.66435897
7418.70935468 0.66426559
7423.71185593 0.66417225
7428.71435718 0.66407894
7433.71685843 0.66398568
7438.71935968 0.66389245
7443.72186093 0.66379926
7448.72436218 0.66370611
7453.72686343 0.66361299
7458.72936468 0.66351992
7463.73186593 0.66342688
7468.73436718 0.66333388
7473.73686843 0.66324092
7478.73936968 0.66314800
7483.74187094 0.66305511
7488.74437219 0.66296226
7493.74687344 0.66286945
7498.74937469 0.66277668
7503.75187594 0.66268394
7508.75437719 0.66259125
7513.75687844 0.66249859
7518.75937969 0.66240596
7523.76188094 0.66231338
7528.76438219 0.66222083
7533.76688344 0.66212832
7538.76938469 0.66203585
7543.77188594 0.66194341
7548.77438719 0.66185101
7553.77688844 0.66175865
7558.77938969 0.66166633
7563.78189095 0.66157404
7568.78439220 0.66148180
7573.78689345 0.66138958
7578.78939470 0.66129741
7583.79189595 0.66120527
7588.79439720 0.66111317
7593.79689845 0.66102111
7598.79939970 0.66092908
7603.80190095 0.66083709
7608.80440220 0.66074514
7613.80690345 0.66065322
7618.80940470 0.66056134
7623.81190595 0.66046950
7628.81440720 0.66037769
7633.81690845 0.66028592
7638.81940970 0.66019419
7643.82191096 0.66010250
7648.82441221 0.66001084
7653.82691346 0.65991921
7658.82941471 0.65982763
7663.83191596 0.65973608
7668.83441721 0.65964456
7673.83691846 0.65955309
7678.83941971 0.65946165
7683.84192096 0.65937024
7688.84442221 0.65927888
7693.84692346 0.65918754
7698.84942471 0.65909625
7703.85192596 0.65900499
7708.85442721 0.65891377
7713.85692846 0.65882258
7718.85942971 0.65873143
7723.86193097 0.65864032
7728.86443222 0.65854924
7733.86693347 0.65845819
7738.86943472 0.65836719
7743.87193597 0.65827622
7748.87443722 0.65818528
7753.87693847 0.65809438
7758.87943972 0.65800352
7763.88194097 0.65791269
7768.88444222 0.65782190
7773.88694347 0.65773115
7778.88944472 0.65764043
7783.89194597 0.65754974
7788.89444722 0.65745909
7793.89694847 0.65736848
7798.89944972 0.65727790
7803.90195098 0.65718736
7808.90445223 0.65709685
7813.90695348 0.65700638
7818.90945473 0.65691595
7823.91195598 0.65682555
7828.91445723 0.65673518
7833.91695848 0.65664485
7838.91945973 0.65655456
7843.92196098 0.65646430
7848.92446223 0.65637407
7853.92696348 0.65628389
7858.92946473 0.65619373
7863.93196598 0.65610361
7868.93446723 0.65601353
7873.93696848 0.65592348
7878.93946973 0.65583347
7883.94197099 0.65574349
7888.94447224 0.65565355
7893.94697349 0.65556364
7898.94947474 0.65547376
7903.95197599 0.65538393
7908.95447724 0.65529412
7913.95697849 0.65520435
7918.95947974 0.65511462
7923.96198099 0.65502492
7928.96448224 0.65493525
7933.96698349 0.65484562
7938.96948474 0.65475603
7943.97198599 0.65466647
7948.97448724 0.65457694
7953.97698849 0.65448745
7958.97948974 0.65439799
7963.98199100 0.65430857
7968.98449225 0.65421918
7973.98699350 0.65412983
7978.98949475 0.65404051
7983.99199600 0.65395122
7988.99449725 0.65386197
7993.99699850 0.65377275
7998.99949975 0.65368357
8004.00200100 0.65359442
8009.00450225 0.65350531
8014.00700350 0.65341623
8019.00950475 0.65332718
8024.01200600 0.65323817
8029.01450725 0.65314919
8034.01700850 0.65306025
8039.01950975 0.65297134
8044.02201101 0.65288246
8049.02451226 0.65279362
8054.02701351 0.65270481
8059.02951476 0.65261604
8064.03201601 0.65252730
8069.03451726 0.65243859
8074.03701851 0.65234992
8079.03951976 0.65226128
8084.04202101 0.65217267
8089.04452226 0.65208410
8094.04702351 0.65199556
8099.04952476 0.65190706
8104.05202601 0.65181859
8109.05452726 0.65173015
8114.05702851 0.65164175
8119.05952976 0.65155338
8124.06203102 0.65146504
8129.06453227 0.65137674
8134.06703352 0.65128847
8139.06953477 0.65120023
8144.07203602 0.65111203
8149.07453727 0.65102386
8154.07703852 0.65093572
8159.07953977 0.65084762
8164.08204102 0.65075955
8169.08454227 0.65067151
8174.08704352 0.65058351
8179.08954477 0.65049554
8184.09204602 0.65040760
8189.09454727 0.65031970
8194.09704852 0.65023183
8199.09954977 0.65014399
8204.10205103 0.65005618
8209.10455228 0.64996841
8214.10705353 0.64988067
8219.10955478 0.64979296
8224.11205603 0.64970529
8229.11455728 0.64961765
8234.11705853 0.64953004
8239.11955978 0.64944247
8244.12206103 0.64935492
8249.12456228 0.64926741
8254.12706353 0.64917994
8259.12956478 0.64909249
8264.13206603 0.64900508
8269.13456728 0.64891770
8274.13706853 0.64883035
8279.13956978 0.64874304
8284.14207104 0.64865576
8289.14457229 0.64856851
8294.14707354 0.64848129
8299.14957479 0.64839411
8304.15207604 0.64830696
8309.15457729 0.64821984
8314.15707854 0.64813275
8319.15957979 0.64804570
8324.16208104 0.64795867
8329.16458229 0.64787168
8334.16708354 0.64778473
8339.16958479 0.64769780
8344.17208604 0.64761091
8349.17458729 0.64752404
8354.17708854 0.64743722
8359.17958979 0.64735042
8364.18209105 0.64726365
8369.18459230 0.64717692
8374.18709355 0.64709022
8379.18959480 0.64700355
8384.19209605 0.64691691
8389.19459730 0.64683031
8394.19709855 0.64674373
8399.19959980 0.64665719
8404.20210105 0.64657068
8409.20460230 0.64648420
8414.20710355 0.64639776
8419.20960480 0.64631134
8424.21210605 0.64622496
8429.21460730 0.64613861
8434.21710855 0.64605229
8439.21960980 0.64596600
8444.22211106 0.64587975
8449.22461231 0.64579352
8454.22711356 0.64570733
8459.22961481 0.64562117
8464.23211606 0.64553504
8469.23461731 0.64544894
8474.23711856 0.64536287
8479.23961981 0.64527684
8484.24212106 0.64519083
8489.24462231 0.64510486
8494.24712356 0.64501892
8499.24962481 0.64493301
8504.25212606 0.64484713
8509.25462731 0.64476128
8514.25712856 0.64467547
8519.25962981 0.64458968
8524.26213107 0.64450393
8529.26463232 0.64441820
8534.26713357 0.64433251
8539.26963482 0.64424685
8544.27213607 0.64416122
8549.27463732 0.64407562
8554.27713857 0.64399006
8559.27963982 0.64390452
8564.28214107 0.64381901
8569.28464232 0.64373354
8574.28714357 0.64364810
8579.28964482 0.64356268
8584.29214607 0.64347730
8589.29464732 0.64339195
8594.29714857 0.64330663
8599.29964982 0.64322134
8604.30215108 0.64313608
8609.30465233 0.64305085
8614.30715358 0.64296566
8619.30965483 0.64288049
8624.31215608 0.64279535
8629.31465733 0.64271025
8634.31715858 0.64262517
8639.31965983 0.64254013
8644.32216108 0.64245512
8649.32466233 0.64237013
8654.32716358 0.64228518
8659.32966483 0.64220026
8664.33216608 0.64211537
8669.33466733 0.64203050
8674.33716858 0.64194567
8679.33966983 0.64186087
8684.34217109 0.64177610
8689.34467234 0.64169136
8694.34717359 0.64160665
8699.34967484 0.64152197
8704.35217609 0.64143732
8709.35467734 0.64135270
8714.35717859 0.64126812
8719.35967984 0.64118356
8724.36218109 0.64109903
8729.36468234 0.64101453
8734.36718359 0.64093006
8739.36968484 0.64084562
8744.37218609 0.64076122
8749.37468734 0.64067684
8754.37718859 0.64059249
8759.37968984 0.64050817
8764.38219110 0.64042388
8769.38469235 0.64033962
8774.38719360 0.64025540
8779.38969485 0.64017120
8784.39219610 0.64008703
8789.39469735 0.64000289
8794.39719860 0.63991878
8799.39969985 0.63983470
8804.40220110 0.63975065
8809.40470235 0.63966663
8814.40720360 0.63958264
8819.40970485 0.63949868
8824.41220610 0.63941475
8829.41470735 0.63933085
8834.41720860 0.63924697
8839.41970985 0.63916313
8844.42221111 0.63907932
8849.42471236 0.63899554
8854.42721361 0.63891178
8859.42971486 0.63882806
8864.43221611 0.63874436
8869.43471736 0.63866070
8874.43721861 0.63857706
8879.43971986 0.63849345
8884.44222111 0.63840988
8889.44472236 0.63832633
8894.44722361 0.63824281
8899.44972486 0.63815932
8904.45222611 0.63807586
8909.45472736 0.63799243
8914.45722861 0.63790903
8919.45972986 0.63782565
8924.46223112 0.63774231
8929.46473237 0.63765900
8934.46723362 0.63757571
8939.46973487 0.63749245
8944.47223612 0.63740923
8949.47473737 0.63732603
8954.47723862 0.63724286
8959.47973987 0.63715972
8964.48224112 0.63707661
8969.48474237 0.63699353
8974.48724362 0.63691047
8979.48974487 0.63682745
8984.49224612 0.63674445
8989.49474737 0.63666149
8994.49724862 0.63657855
8999.49974987 0.63649564
9004.50225113 0.63641276
9009.50475238 0.63632991
9014.50725363 0.63624708
9019.50975488 0.63616429
9024.51225613 0.63608152
9029.51475738 0.63599879
9034.51725863 0.63591608
9039.51975988 0.63583340
9044.52226113 0.63575075
9049.52476238 0.63566813
9054.52726363 0.63558553
9059.52976488 0.63550297
9064.53226613 0.63542043
9069.53476738 0.63533792
9074.53726863 0.63525544
9079.53976988 0.63517299
9084.54227114 0.63509057
9089.54477239 0.63500817
9094.54727364 0.63492580
9099.54977489 0.63484347
9104.55227614 0.63476116
9109.55477739 0.63467887
9114.55727864 0.63459662
9119.55977989 0.63451440
9124.56228114 0.63443220
9129.56478239 0.63435003
9134.56728364 0.63426789
9139.56978489 0.63418578
9144.57228614 0.63410369
9149.57478739 0.63402164
9154.57728864 0.63393961
9159.57978989 0.63385761
9164.58229115 0.63377564
9169.58479240 0.63369369
9174.58729365 0.63361178
9179.58979490 0.63352989
9184.59229615 0.63344803
9189.59479740 0.63336620
9194.59729865 0.63328439
9199.59979990 0.63320262
9204.60230115 0.63312087
9209.60480240 0.63303915
9214.60730365 0.63295746
9219.60980490 0.63287579
9224.61230615 0.63279415
9229.61480740 0.63271254
9234.61730865 0.63263096
9239.61980990 0.63254941
9244.62231116 0.63246788
9249.62481241 0.63238638
9254.62731366 0.63230491
9259.62981491 0.63222347
9264.63231616 0.63214205
9269.63481741 0.63206066
9274.63731866 0.63197930
9279.63981991 0.63189797
9284.64232116 0.63181667
9289.64482241 0.63173539
9294.64732366 0.63165414
9299.64982491 0.63157291
9304.65232616 0.63149172
9309.65482741 0.63141055
9314.65732866 0.63132941
9319.65982991 0.63124829
9324.66233117 0.63116721
9329.66483242 0.63108615
9334.66733367 0.63100512
9339.66983492 0.63092411
9344.67233617 0.63084314
9349.67483742 0.63076219
9354.67733867 0.63068126
9359.67983992 0.63060037
9364.68234117 0.63051950
9369.68484242 0.63043866
9374.68734367 0.63035784
9379.68984492 0.63027706
9384.69234617 0.63019630
9389.69484742 0.63011556
9394.69734867 0.63003486
9399.69984992 0.62995418
9404.70235118 0.62987353
9409.70485243 0.62979290
9414.70735368 0.62971231
9419.70985493 0.62963174
9424.71235618 0.62955119
9429.71485743 0.62947067
9434.71735868 0.62939018
9439.71985993 0.62930972
9444.72236118 0.62922928
9449.72486243 0.62914887
9454.72736368 0.62906849
9459.72986493 0.62898814
9464.73236618 0.62890781
9469.73486743 0.62882750
9474.73736868 0.62874723
9479.73986993 0.62866698
9484.74237119 0.62858676
9489.74487244 0.62850656
9494.74737369 0.62842639
9499.74987494 0.62834625
9504.75237619 0.62826613
9509.75487744 0.62818604
9514.75737869 0.62810598
9519.75987994 0.62802594
9524.76238119 0.62794593
9529.76488244 0.62786595
9534.76738369 0.62778599
9539.76988494 0.62770606
9544.77238619 0.62762616
9549.77488744 0.62754628
9554.77738869 0.62746643
9559.77988994 0.62738661
9564.78239120 0.62730681
9569.78489245 0.62722703
9574.78739370 0.62714729
9579.78989495 0.62706757
9584.79239620 0.62698788
9589.79489745 0.62690821
9594.79739870 0.62682857
9599.79989995 0.62674895
9604.80240120 0.62666936
9609.80490245 0.62658980
9614.80740370 0.62651027
9619.80990495 0.62643076
9624.81240620 0.62635127
9629.81490745 0.62627181
9634.81740870 0.62619238
9639.81990995 0.62611298
9644.82241121 0.62603360
9649.82491246 0.62595424
9654.82741371 0.62587492
9659.82991496 0.62579561
9664.83241621 0.62571634
9669.83491746 0.62563709
9674.83741871 0.62555786
9679.83991996 0.62547867
9684.84242121 0.62539949
9689.84492246 0.62532035
9694.84742371 0.62524123
9699.84992496 0.62516213
9704.85242621 0.62508306
9709.85492746 0.62500402
9714.85742871 0.62492500
9719.85992996 0.62484601
9724.86243122 0.62476705
9729.86493247 0.62468811
9734.86743372 0.62460919
9739.86993497 0.62453030
9744.87243622 0.62445144
9749.87493747 0.62437260
9754.87743872 0.62429379
9759.87993997 0.62421500
9764.88244122 0.62413624
9769.88494247 0.62405751
9774.88744372 0.62397880
9779.88994497 0.62390011
9784.89244622 0.62382145
9789.89494747 0.62374282
9794.89744872 0.62366421
9799.89994997 0.62358563
9804.90245123 0.62350707
9809.90495248 0.62342854
9814.90745373 0.62335004
9819.90995498 0.62327155
9824.91245623 0.62319310
9829.91495748 0.62311467
9834.91745873 0.62303626
9839.91995998 0.62295788
9844.92246123 0.62287953
9849.92496248 0.62280120
9854.92746373 0.62272290
9859.92996498 0.62264462
9864.93246623 0.62256637
9869.93496748 0.62248814
9874.93746873 0.62240993
9879.93996998 0.62233176
9884.94247124 0.62225360
9889.94497249 0.62217548
9894.94747374 0.62209737
9899.94997499 0.62201929
9904.95247624 0.62194124
9909.95497749 0.62186321
9914.95747874 0.62178521
9919.95997999 0.62170723
9924.96248124 0.62162928
9929.96498249 0.62155135
9934.96748374 0.62147345
9939.96998499 0.62139557
9944.97248624 0.62131772
9949.97498749 0.62123989
9954.97748874 0.62116209
9959.97998999 0.62108431
9964.98249125 0.62100656
9969.98499250 0.62092883
9974.98749375 0.62085113
9979.98999500 0.62077345
9984.99249625 0.62069579
9989.99499750 0.62061816
9994.99749875 0.62054056
10000.00000000 0.62046298
