0.00000000 1.00000000
5.00250125 0.99162529
10.00500250 0.98817542
15.00750375 0.98553578
20.01000500 0.98331553
25.01250625 0.98136329
30.01500750 0.97960141
35.01750875 0.97798379
40.02001001 0.97648036
45.02251126 0.97507025
50.02501251 0.97373827
55.02751376 0.97247295
60.03001501 0.97126537
65.03251626 0.97010845
70.03501751 0.96899644
75.03751876 0.96792459
80.04002001 0.96688896
85.04252126 0.96588620
90.04502251 0.96491345
95.04752376 0.96396822
100.05002501 0.96304839
105.05252626 0.96215206
110.05502751 0.96127757
115.05752876 0.96042345
120.06003002 0.95958839
125.06253127 0.95877120
130.06503252 0.95797082
135.06753377 0.95718629
140.07003502 0.95641674
145.07253627 0.95566136
150.07503752 0.95491945
155.07753877 0.95419031
160.08004002 0.95347335
165.08254127 0.95276799
170.08504252 0.95207371
175.08754377 0.95139002
180.09004502 0.95071648
185.09254627 0.95005266
190.09504752 0.94939817
195.09754877 0.94875265
200.10005003 0.94811575
205.10255128 0.94748715
210.10505253 0.94686655
215.10755378 0.94625366
220.11005503 0.94564822
225.11255628 0.94504998
230.11505753 0.94445869
235.11755878 0.94387412
240.12006003 0.94329608
245.12256128 0.94272434
250.12506253 0.94215873
255.12756378 0.94159905
260.13006503 0.94104514
265.13256628 0.94049682
270.13506753 0.93995394
275.13756878 0.93941636
280.14007004 0.93888392
285.14257129 0.93835648
290.14507254 0.93783393
295.14757379 0.93731612
300.15007504 0.93680295
305.15257629 0.93629429
310.15507754 0.93579003
315.15757879 0.93529008
320.16008004 0.93479432
325.16258129 0.93430265
330.16508254 0.93381499
335.16758379 0.93333125
340.17008504 0.93285133
345.17258629 0.93237515
350.17508754 0.93190263
355.17758879 0.93143370
360.18009005 0.93096827
365.18259130 0.93050627
370.18509255 0.93004764
375.18759380 0.92959230
380.19009505 0.92914020
385.19259630 0.92869125
390.19509755 0.92824542
395.19759880 0.92780262
400.20010005 0.92736282
405.20260130 0.92692594
410.20510255 0.92649194
415.20760380 0.92606077
420.21010505 0.92563237
425.21260630 0.92520669
430.21510755 0.92478369
435.21760880 0.92436332
440.22011006 0.92394553
445.22261131 0.92353028
450.22511256 0.92311753
455.22761381 0.92270724
460.23011506 0.92229936
465.23261631 0.92189385
470.23511756 0.92149069
475.23761881 0.92108982
480.24012006 0.92069122
485.24262131 0.92029485
490.24512256 0.91990067
495.24762381 0.91950865
500.25012506 0.91911876
505.25262631 0.91873097
510.25512756 0.91834524
515.25762881 0.91796154
520.26013007 0.91757985
525.26263132 0.91720014
530.26513257 0.91682238
535.26763382 0.91644653
540.27013507 0.91607258
545.27263632 0.91570049
550.27513757 0.91533025
555.27763882 0.91496183
560.28014007 0.91459519
565.28264132 0.91423032
570.28514257 0.91386720
575.28764382 0.91350580
580.29014507 0.91314610
585.29264632 0.91278807
590.29514757 0.91243170
595.29764882 0.91207697
600.30015008 0.91172385
605.30265133 0.91137232
610.30515258 0.91102236
615.30765383 0.91067397
620.31015508 0.91032710
625.31265633 0.90998176
630.31515758 0.90963791
635.31765883 0.90929554
640.32016008 0.90895464
645.32266133 0.90861518
650.32516258 0.90827715
655.32766383 0.90794054
660.33016508 0.90760532
665.33266633 0.90727148
670.33516758 0.90693901
675.33766883 0.90660789
680.34017009 0.90627810
685.34267134 0.90594964
690.34517259 0.90562248
695.34767384 0.90529661
700.35017509 0.90497202
705.35267634 0.90464869
710.35517759 0.90432662
715.35767884 0.90400578
720.36018009 0.90368616
725.36268134 0.90336776
730.36518259 0.90305055
735.36768384 0.90273454
740.37018509 0.90241969
745.37268634 0.90210601
750.37518759 0.90179349
755.37768884 0.90148210
760.38019010 0.90117183
765.38269135 0.90086269
770.38519260 0.90055465
775.38769385 0.90024771
780.39019510 0.89994185
785.39269635 0.89963706
790.39519760 0.89933334
795.39769885 0.89903067
800.40020010 0.89872905
805.40270135 0.89842846
810.40520260 0.89812890
815.40770385 0.89783035
820.41020510 0.89753280
825.41270635 0.89723625
830.41520760 0.89694069
835.41770885 0.89664611
840.42021011 0.89635250
845.42271136 0.89605984
850.42521261 0.89576814
855.42771386 0.89547739
860.43021511 0.89518757
865.43271636 0.89489867
870.43521761 0.89461070
875.43771886 0.89432364
880.44022011 0.89403748
885.44272136 0.89375221
890.44522261 0.89346784
895.44772386 0.89318434
900.45022511 0.89290172
905.45272636 0.89261997
910.45522761 0.89233907
915.45772886 0.89205903
920.46023012 0.89177983
925.46273137 0.89150147
930.46523262 0.89122394
935.46773387 0.89094723
940.47023512 0.89067135
945.47273637 0.89039627
950.47523762 0.89012200
955.47773887 0.88984852
960.48024012 0.88957584
965.48274137 0.88930395
970.48524262 0.88903283
975.48774387 0.88876249
980.49024512 0.88849292
985.49274637 0.88822410
990.49524762 0.88795605
995.49774887 0.88768874
1000.50025013 0.88742218
1005.50275138 0.88715636
1010.50525263 0.88689127
1015.50775388 0.88662691
1020.51025513 0.88636327
1025.51275638 0.88610035
1030.51525763 0.88583814
1035.51775888 0.88557664
1040.52026013 0.88531584
1045.52276138 0.88505574
1050.52526263 0.88479633
1055.52776388 0.88453761
1060.53026513 0.88427956
1065.53276638 0.88402220
1070.53526763 0.88376551
1075.53776888 0.88350948
1080.54027014 0.88325412
1085.54277139 0.88299941
1090.54527264 0.88274536
1095.54777389 0.88249196
1100.55027514 0.88223920
1105.55277639 0.88198709
1110.55527764 0.88173561
1115.55777889 0.88148476
1120.56028014 0.88123454
1125.56278139 0.88098494
1130.56528264 0.88073596
1135.56778389 0.88048759
1140.57028514 0.88023984
1145.57278639 0.87999269
1150.57528764 0.87974615
1155.57778889 0.87950020
1160.58029015 0.87925485
1165.58279140 0.87901009
1170.58529265 0.87876592
1175.58779390 0.87852233
1180.59029515 0.87827932
1185.59279640 0.87803689
1190.59529765 0.87779503
1195.59779890 0.87755374
1200.60030015 0.87731301
1205.60280140 0.87707285
1210.60530265 0.87683324
1215.60780390 0.87659419
1220.61030515 0.87635569
1225.61280640 0.87611773
1230.61530765 0.87588033
1235.61780890 0.87564346
1240.62031016 0.87540713
1245.62281141 0.87517133
1250.62531266 0.87493607
1255.62781391 0.87470134
1260.63031516 0.87446713
1265.63281641 0.87423344
1270.63531766 0.87400027
1275.63781891 0.87376761
1280.64032016 0.87353547
1285.64282141 0.87330384
1290.64532266 0.87307271
1295.64782391 0.87284209
1300.65032516 0.87261197
1305.65282641 0.87238235
1310.65532766 0.87215322
1315.65782891 0.87192459
1320.66033017 0.87169644
1325.66283142 0.87146878
1330.66533267 0.87124160
1335.66783392 0.87101491
1340.67033517 0.87078869
1345.67283642 0.87056295
1350.67533767 0.87033768
1355.67783892 0.87011288
1360.68034017 0.86988855
1365.68284142 0.86966469
1370.68534267 0.86944129
1375.68784392 0.86921834
1380.69034517 0.86899586
1385.69284642 0.86877383
1390.69534767 0.86855225
1395.69784892 0.86833112
1400.70035018 0.86811044
1405.70285143 0.86789021
1410.70535268 0.86767042
1415.70785393 0.86745107
1420.71035518 0.86723215
1425.71285643 0.86701368
1430.71535768 0.86679563
1435.71785893 0.86657802
1440.72036018 0.86636084
1445.72286143 0.86614408
1450.72536268 0.86592775
1455.72786393 0.86571184
1460.73036518 0.86549635
1465.73286643 0.86528128
1470.73536768 0.86506662
1475.73786893 0.86485238
1480.74037019 0.86463855
1485.74287144 0.86442513
1490.74537269 0.86421211
1495.74787394 0.86399950
1500.75037519 0.86378730
1505.75287644 0.86357549
1510.75537769 0.86336409
1515.75787894 0.86315308
1520.76038019 0.86294247
1525.76288144 0.86273225
1530.76538269 0.86252242
1535.76788394 0.86231298
1540.77038519 0.86210393
1545.77288644 0.86189527
1550.77538769 0.86168699
1555.77788894 0.86147909
1560.78039020 0.86127157
1565.78289145 0.86106443
1570.78539270 0.86085766
1575.78789395 0.86065127
1580.79039520 0.86044526
1585.79289645 0.86023961
1590.79539770 0.86003433
1595.79789895 0.85982942
1600.80040020 0.85962488
1605.80290145 0.85942070
1610.80540270 0.85921688
1615.80790395 0.85901343
1620.81040520 0.85881033
1625.81290645 0.85860759
1630.81540770 0.85840520
1635.81790895 0.85820317
1640.82041021 0.85800150
1645.82291146 0.85780017
1650.82541271 0.85759919
1655.82791396 0.85739856
1660.83041521 0.85719827
1665.83291646 0.85699833
1670.83541771 0.85679874
1675.83791896 0.85659948
1680.84042021 0.85640056
1685.84292146 0.85620198
1690.84542271 0.85600374
1695.84792396 0.85580584
1700.85042521 0.85560826
1705.85292646 0.85541102
1710.85542771 0.85521411
1715.85792896 0.85501753
1720.86043022 0.85482128
1725.86293147 0.85462535
1730.86543272 0.85442975
1735.86793397 0.85423447
1740.87043522 0.85403952
1745.87293647 0.85384488
1750.87543772 0.85365057
1755.87793897 0.85345657
1760.88044022 0.85326289
1765.88294147 0.85306952
1770.88544272 0.85287647
1775.88794397 0.85268373
1780.89044522 0.85249131
1785.89294647 0.85229919
1790.89544772 0.85210738
1795.89794897 0.85191588
1800.90045023 0.85172468
1805.90295148 0.85153379
1810.90545273 0.85134321
1815.90795398 0.85115292
1820.91045523 0.85096294
1825.91295648 0.85077325
1830.91545773 0.85058387
1835.91795898 0.85039478
1840.92046023 0.85020599
1845.92296148 0.85001749
1850.92546273 0.84982928
1855.92796398 0.84964137
1860.93046523 0.84945375
1865.93296648 0.84926642
1870.93546773 0.84907938
1875.93796898 0.84889263
1880.94047024 0.84870616
1885.94297149 0.84851998
1890.94547274 0.84833408
1895.94797399 0.84814847
1900.95047524 0.84796313
1905.95297649 0.84777808
1910.95547774 0.84759331
1915.95797899 0.84740882
1920.96048024 0.84722460
1925.96298149 0.84704066
1930.96548274 0.84685700
1935.96798399 0.84667361
1940.97048524 0.84649050
1945.97298649 0.84630765
1950.97548774 0.84612508
1955.97798899 0.84594278
1960.98049025 0.84576074
1965.98299150 0.84557898
1970.98549275 0.84539748
1975.98799400 0.84521625
1980.99049525 0.84503528
1985.99299650 0.84485458
1990.99549775 0.84467414
1995.99799900 0.84449396
2001.00050025 0.84431404
2006.00300150 0.84413438
2011.00550275 0.84395498
2016.00800400 0.84377584
2021.01050525 0.84359696
2026.01300650 0.84341833
2031.01550775 0.84323996
2036.01800900 0.84306184
2041.02051026 0.84288398
2046.02301151 0.84270636
2051.02551276 0.84252900
2056.02801401 0.84235189
2061.03051526 0.84217503
2066.03301651 0.84199842
2071.03551776 0.84182205
2076.03801901 0.84164594
2081.04052026 0.84147006
2086.04302151 0.84129444
2091.04552276 0.84111905
2096.04802401 0.84094391
2101.05052526 0.84076901
2106.05302651 0.84059436
2111.05552776 0.84041994
2116.05802901 0.84024577
2121.06053027 0.84007183
2126.06303152 0.83989813
2131.06553277 0.83972467
2136.06803402 0.83955145
2141.07053527 0.83937846
2146.07303652 0.83920570
2151.07553777 0.83903318
2156.07803902 0.83886089
2161.08054027 0.83868884
2166.08304152 0.83851701
2171.08554277 0.83834542
2176.08804402 0.83817405
2181.09054527 0.83800292
2186.09304652 0.83783201
2191.09554777 0.83766133
2196.09804902 0.83749088
2201.10055028 0.83732065
2206.10305153 0.83715065
2211.10555278 0.83698088
2216.10805403 0.83681132
2221.11055528 0.83664199
2226.11305653 0.83647288
2231.11555778 0.83630400
2236.11805903 0.83613533
2241.12056028 0.83596688
2246.12306153 0.83579865
2251.12556278 0.83563064
2256.12806403 0.83546285
2261.13056528 0.83529528
2266.13306653 0.83512792
2271.13556778 0.83496077
2276.13806903 0.83479384
2281.14057029 0.83462713
2286.14307154 0.83446063
2291.14557279 0.83429434
2296.14807404 0.83412826
2301.15057529 0.83396239
2306.15307654 0.83379674
2311.15557779 0.83363129
2316.15807904 0.83346606
2321.16058029 0.83330103
2326.16308154 0.83313621
2331.16558279 0.83297159
2336.16808404 0.83280719
2341.17058529 0.83264298
2346.17308654 0.83247899
2351.17558779 0.83231520
2356.17808904 0.83215161
2361.18059030 0.83198822
2366.18309155 0.83182504
2371.18559280 0.83166206
2376.18809405 0.83149928
2381.19059530 0.83133670
2386.19309655 0.83117432
2391.19559780 0.83101214
2396.19809905 0.83085016
2401.20060030 0.83068837
2406.20310155 0.83052679
2411.20560280 0.83036540
2416.20810405 0.83020421
2421.21060530 0.83004321
2426.21310655 0.82988240
2431.21560780 0.82972180
2436.21810905 0.82956138
2441.22061031 0.82940116
2446.22311156 0.82924113
2451.22561281 0.82908129
2456.22811406 0.82892165
2461.23061531 0.82876219
2466.23311656 0.82860292
2471.23561781 0.82844385
2476.23811906 0.82828496
2481.24062031 0.82812626
2486.24312156 0.82796775
2491.24562281 0.82780943
2496.24812406 0.82765129
2501.25062531 0.82749334
2506.25312656 0.82733558
2511.25562781 0.82717800
2516.25812906 0.82702060
2521.26063032 0.82686339
2526.26313157 0.82670636
2531.26563282 0.82654952
2536.26813407 0.82639285
2541.27063532 0.82623637
2546.27313657 0.82608007
2551.27563782 0.82592395
2556.27813907 0.82576801
2561.28064032 0.82561225
2566.28314157 0.82545667
2571.28564282 0.82530126
2576.28814407 0.82514604
2581.29064532 0.82499099
2586.29314657 0.82483612
2591.29564782 0.82468143
2596.29814907 0.82452691
2601.30065033 0.82437257
2606.30315158 0.82421840
2611.30565283 0.82406440
2616.30815408 0.82391058
2621.31065533 0.82375694
2626.31315658 0.82360346
2631.31565783 0.82345016
2636.31815908 0.82329703
2641.32066033 0.82314407
2646.32316158 0.82299129
2651.32566283 0.82283867
2656.32816408 0.82268622
2661.33066533 0.82253395
2666.33316658 0.82238184
2671.33566783 0.82222990
2676.33816908 0.82207812
2681.34067034 0.82192652
2686.34317159 0.82177508
2691.34567284 0.82162381
2696.34817409 0.82147270
2701.35067534 0.82132177
2706.35317659 0.82117099
2711.35567784 0.82102038
2716.35817909 0.82086994
2721.36068034 0.82071965
2726.36318159 0.82056954
2731.36568284 0.82041958
2736.36818409 0.82026979
2741.37068534 0.82012016
2746.37318659 0.81997069
2751.37568784 0.81982138
2756.37818909 0.81967223
2761.38069035 0.81952324
2766.38319160 0.81937441
2771.38569285 0.81922574
2776.38819410 0.81907723
2781.39069535 0.81892888
2786.39319660 0.81878069
2791.39569785 0.81863265
2796.39819910 0.81848478
2801.40070035 0.81833705
2806.40320160 0.81818949
2811.40570285 0.81804208
2816.40820410 0.81789482
2821.41070535 0.81774772
2826.41320660 0.81760078
2831.41570785 0.81745399
2836.41820910 0.81730735
2841.42071036 0.81716087
2846.42321161 0.81701454
2851.42571286 0.81686836
2856.42821411 0.81672234
2861.43071536 0.81657646
2866.43321661 0.81643074
2871.43571786 0.81628517
2876.43821911 0.81613975
2881.44072036 0.81599448
2886.44322161 0.81584936
2891.44572286 0.81570439
2896.44822411 0.81555956
2901.45072536 0.81541489
2906.45322661 0.81527036
2911.45572786 0.81512599
2916.45822911 0.81498176
2921.46073037 0.81483767
2926.46323162 0.81469374
2931.46573287 0.81454995
2936.46823412 0.81440630
2941.47073537 0.81426280
2946.47323662 0.81411945
2951.47573787 0.81397624
2956.47823912 0.81383318
2961.48074037 0.81369026
2966.48324162 0.81354748
2971.48574287 0.81340485
2976.48824412 0.81326235
2981.49074537 0.81312001
2986.49324662 0.81297780
2991.49574787 0.81283574
2996.49824912 0.81269382
3001.50075038 0.81255203
3006.50325163 0.81241039
3011.50575288 0.81226889
3016.50825413 0.81212753
3021.51075538 0.81198631
3026.51325663 0.81184523
3031.51575788 0.81170429
3036.51825913 0.81156349
3041.52076038 0.81142283
3046.52326163 0.81128230
3051.52576288 0.81114191
3056.52826413 0.81100166
3061.53076538 0.81086154
3066.53326663 0.81072157
3071.53576788 0.81058173
3076.53826913 0.81044202
3081.54077039 0.81030245
3086.54327164 0.81016301
3091.54577289 0.81002372
3096.54827414 0.80988455
3101.55077539 0.80974552
3106.55327664 0.80960662
3111.55577789 0.80946786
3116.55827914 0.80932923
3121.56078039 0.80919073
3126.56328164 0.80905237
3131.56578289 0.80891414
3136.56828414 0.80877604
3141.57078539 0.80863807
3146.57328664 0.80850023
3151.57578789 0.80836253
3156.57828914 0.80822495
3161.58079040 0.80808751
3166.58329165 0.80795019
3171.58579290 0.80781301
3176.58829415 0.80767595
3181.59079540 0.80753903
3186.59329665 0.80740223
3191.59579790 0.80726556
3196.59829915 0.80712902
3201.60080040 0.80699261
3206.60330165 0.80685633
3211.60580290 0.80672017
3216.60830415 0.80658414
3221.61080540 0.80644824
3226.61330665 0.80631246
3231.61580790 0.80617681
3236.61830915 0.80604129
3241.62081041 0.80590589
3246.62331166 0.80577061
3251.62581291 0.80563547
3256.62831416 0.80550044
3261.63081541 0.80536554
3266.63331666 0.80523077
3271.63581791 0.80509612
3276.63831916 0.80496159
3281.64082041 0.80482718
3286.64332166 0.80469290
3291.64582291 0.80455874
3296.64832416 0.80442471
3301.65082541 0.80429079
3306.65332666 0.80415700
3311.65582791 0.80402333
3316.65832916 0.80388978
3321.66083042 0.80375635
3326.66333167 0.80362304
3331.66583292 0.80348986
3336.66833417 0.80335679
3341.67083542 0.80322384
3346.67333667 0.80309102
3351.67583792 0.80295831
3356.67833917 0.80282572
3361.68084042 0.80269325
3366.68334167 0.80256090
3371.68584292 0.80242866
3376.68834417 0.80229655
3381.69084542 0.80216455
3386.69334667 0.80203267
3391.69584792 0.80190091
3396.69834917 0.80176926
3401.70085043 0.80163773
3406.70335168 0.80150632
3411.70585293 0.80137503
3416.70835418 0.80124385
3421.71085543 0.80111278
3426.71335668 0.80098183
3431.71585793 0.80085100
3436.71835918 0.80072028
3441.72086043 0.80058967
3446.72336168 0.80045918
3451.72586293 0.80032881
3456.72836418 0.80019855
3461.73086543 0.80006840
3466.73336668 0.79993836
3471.73586793 0.79980844
3476.73836918 0.79967863
3481.74087044 0.79954894
3486.74337169 0.79941935
3491.74587294 0.79928988
3496.74837419 0.79916052
3501.75087544 0.79903128
3506.75337669 0.79890214
3511.75587794 0.79877311
3516.75837919 0.79864420
3521.76088044 0.79851540
3526.76338169 0.79838670
3531.76588294 0.79825812
3536.76838419 0.79812965
3541.77088544 0.79800129
3546.77338669 0.79787303
3551.77588794 0.79774489
3556.77838919 0.79761685
3561.78089045 0.79748893
3566.78339170 0.79736111
3571.78589295 0.79723340
3576.78839420 0.79710580
3581.79089545 0.79697831
3586.79339670 0.79685092
3591.79589795 0.79672365
3596.79839920 0.79659647
3601.80090045 0.79646941
3606.80340170 0.79634245
3611.80590295 0.79621560
3616.80840420 0.79608886
3621.81090545 0.79596222
3626.81340670 0.79583569
3631.81590795 0.79570927
3636.81840920 0.79558295
3641.82091046 0.79545673
3646.82341171 0.79533062
3651.82591296 0.79520461
3656.82841421 0.79507871
3661.83091546 0.79495292
3666.83341671 0.79482722
3671.83591796 0.79470164
3676.83841921 0.79457615
3681.84092046 0.79445077
3686.84342171 0.79432549
3691.84592296 0.79420032
3696.84842421 0.79407525
3701.85092546 0.79395028
3706.85342671 0.79382541
3711.85592796 0.79370065
3716.85842921 0.79357598
3721.86093047 0.79345142
3726.86343172 0.79332696
3731.86593297 0.79320260
3736.86843422 0.79307835
3741.87093547 0.79295419
3746.87343672 0.79283014
3751.87593797 0.79270618
3756.87843922 0.79258233
3761.88094047 0.79245858
3766.88344172 0.79233492
3771.88594297 0.79221137
3776.88844422 0.79208791
3781.89094547 0.79196456
3786.89344672 0.79184130
3791.89594797 0.79171815
3796.89844922 0.79159509
3801.90095048 0.79147213
3806.90345173 0.79134927
3811.90595298 0.79122651
3816.90845423 0.79110384
3821.91095548 0.79098127
3826.91345673 0.79085880
3831.91595798 0.79073643
3836.91845923 0.79061416
3841.92096048 0.79049198
3846.92346173 0.79036990
3851.92596298 0.79024791
3856.92846423 0.79012603
3861.93096548 0.79000423
3866.93346673 0.78988254
3871.93596798 0.78976094
3876.93846923 0.78963943
3881.94097049 0.78951803
3886.94347174 0.78939671
3891.94597299 0.78927549
3896.94847424 0.78915437
3901.95097549 0.78903334
3906.95347674 0.78891241
3911.95597799 0.78879157
3916.95847924 0.78867082
3921.96098049 0.78855017
3926.96348174 0.78842962
3931.96598299 0.78830915
3936.96848424 0.78818878
3941.97098549 0.78806850
3946.97348674 0.78794832
3951.97598799 0.78782823
3956.97848924 0.78770823
3961.98099050 0.78758833
3966.98349175 0.78746851
3971.98599300 0.78734879
3976.98849425 0.78722916
3981.99099550 0.78710963
3986.99349675 0.78699018
3991.99599800 0.78687083
3996.99849925 0.78675157
4002.00100050 0.78663239
4007.00350175 0.78651331
4012.00600300 0.78639433
4017.00850425 0.78627543
4022.01100550 0.78615662
4027.01350675 0.78603790
4032.01600800 0.78591927
4037.01850925 0.78580073
4042.02101051 0.78568229
4047.02351176 0.78556393
4052.02601301 0.78544566
4057.02851426 0.78532748
4062.03101551 0.78520939
4067.03351676 0.78509139
4072.03601801 0.78497348
4077.03851926 0.78485565
4082.04102051 0.78473792
4087.04352176 0.78462027
4092.04602301 0.78450271
4097.04852426 0.78438524
4102.05102551 0.78426786
4107.05352676 0.78415056
4112.05602801 0.78403335
4117.05852926 0.78391623
4122.06103052 0.78379920
4127.06353177 0.78368225
4132.06603302 0.78356539
4137.06853427 0.78344862
4142.07103552 0.78333193
4147.07353677 0.78321533
4152.07603802 0.78309882
4157.07853927 0.78298239
4162.08104052 0.78286605
4167.08354177 0.78274979
4172.08604302 0.78263362
4177.08854427 0.78251754
4182.09104552 0.78240154
4187.09354677 0.78228562
4192.09604802 0.78216979
4197.09854927 0.78205405
4202.10105053 0.78193839
4207.10355178 0.78182281
4212.10605303 0.78170732
4217.10855428 0.78159191
4222.11105553 0.78147659
4227.11355678 0.78136135
4232.11605803 0.78124619
4237.11855928 0.78113112
4242.12106053 0.78101613
4247.12356178 0.78090123
4252.12606303 0.78078641
4257.12856428 0.78067167
4262.13106553 0.78055701
4267.13356678 0.78044244
4272.13606803 0.78032795
4277.13856928 0.78021354
4282.14107054 0.78009921
4287.14357179 0.77998497
4292.14607304 0.77987080
4297.14857429 0.77975672
4302.15107554 0.77964272
4307.15357679 0.77952881
4312.15607804 0.77941497
4317.15857929 0.77930122
4322.16108054 0.77918754
4327.16358179 0.77907395
4332.16608304 0.77896044
4337.16858429 0.77884701
4342.17108554 0.77873366
4347.17358679 0.77862039
4352.17608804 0.77850720
4357.17858929 0.77839409
4362.18109055 0.77828106
4367.18359180 0.77816811
4372.18609305 0.77805524
4377.18859430 0.77794245
4382.19109555 0.77782974
4387.19359680 0.77771710
4392.19609805 0.77760455
4397.19859930 0.77749208
4402.20110055 0.77737968
4407.20360180 0.77726737
4412.20610305 0.77715513
4417.20860430 0.77704297
4422.21110555 0.77693089
4427.21360680 0.77681889
4432.21610805 0.77670696
4437.21860930 0.77659511
4442.22111056 0.77648334
4447.22361181 0.77637165
4452.22611306 0.77626004
4457.22861431 0.77614850
4462.23111556 0.77603704
4467.23361681 0.77592566
4472.23611806 0.77581436
4477.23861931 0.77570313
4482.24112056 0.77559198
4487.24362181 0.77548090
4492.24612306 0.77536990
4497.24862431 0.77525898
4502.25112556 0.77514814
4507.25362681 0.77503737
4512.25612806 0.77492667
4517.25862931 0.77481606
4522.26113057 0.77470551
4527.26363182 0.77459505
4532.26613307 0.77448466
4537.26863432 0.77437434
4542.27113557 0.77426410
4547.27363682 0.77415393
4552.27613807 0.77404384
4557.27863932 0.77393383
4562.28114057 0.77382389
4567.28364182 0.77371402
4572.28614307 0.77360423
4577.28864432 0.77349451
4582.29114557 0.77338487
4587.29364682 0.77327530
4592.29614807 0.77316580
4597.29864932 0.77305638
4602.30115058 0.77294703
4607.30365183 0.77283776
4612.30615308 0.77272856
4617.30865433 0.77261943
4622.31115558 0.77251037
4627.31365683 0.77240139
4632.31615808 0.77229248
4637.31865933 0.77218365
4642.32116058 0.77207489
4647.32366183 0.77196620
4652.32616308 0.77185758
4657.32866433 0.77174903
4662.33116558 0.77164056
4667.33366683 0.77153216
4672.33616808 0.77142383
4677.33866933 0.77131557
4682.34117059 0.77120739
4687.34367184 0.77109928
4692.34617309 0.77099123
4697.34867434 0.77088326
4702.35117559 0.77077536
4707.35367684 0.77066754
4712.35617809 0.77055978
4717.35867934 0.77045209
4722.36118059 0.77034448
4727.36368184 0.77023693
4732.36618309 0.77012946
4737.36868434 0.77002206
4742.37118559 0.76991473
4747.37368684 0.76980746
4752.37618809 0.76970027
4757.37868934 0.76959315
4762.38119060 0.76948610
4767.38369185 0.76937911
4772.38619310 0.76927220
4777.38869435 0.76916536
4782.39119560 0.76905859
4787.39369685 0.76895188
4792.39619810 0.76884525
4797.39869935 0.76873868
4802.40120060 0.76863219
4807.40370185 0.76852576
4812.40620310 0.76841940
4817.40870435 0.76831311
4822.41120560 0.76820689
4827.41370685 0.76810074
4832.41620810 0.76799465
4837.41870935 0.76788864
4842.42121061 0.76778269
4847.42371186 0.76767681
4852.42621311 0.76757100
4857.42871436 0.76746525
4862.43121561 0.76735958
4867.43371686 0.76725397
4872.43621811 0.76714843
4877.43871936 0.76704296
4882.44122061 0.76693755
4887.44372186 0.76683221
4892.44622311 0.76672694
4897.44872436 0.76662174
4902.45122561 0.76651660
4907.45372686 0.76641153
4912.45622811 0.76630652
4917.45872936 0.76620159
4922.46123062 0.76609672
4927.46373187 0.76599191
4932.46623312 0.76588717
4937.46873437 0.76578250
4942.47123562 0.76567790
4947.47373687 0.76557336
4952.47623812 0.76546888
4957.47873937 0.76536447
4962.48124062 0.76526013
4967.48374187 0.76515586
4972.48624312 0.76505164
4977.48874437 0.76494750
4982.49124562 0.76484342
4987.49374687 0.76473940
4992.49624812 0.76463545
4997.49874937 0.76453157
5002.50125063 0.76442775
5007.50375188 0.76432399
5012.50625313 0.76422030
5017.50875438 0.76411668
5022.51125563 0.76401311
5027.51375688 0.76390962
5032.51625813 0.76380618
5037.51875938 0.76370282
5042.52126063 0.76359951
5047.52376188 0.76349627
5052.52626313 0.76339309
5057.52876438 0.76328998
5062.53126563 0.76318693
5067.53376688 0.76308395
5072.53626813 0.76298103
5077.53876938 0.76287817
5082.54127064 0.76277537
5087.54377189 0.76267264
5092.54627314 0.76256997
5097.54877439 0.76246737
5102.55127564 0.76236482
5107.55377689 0.76226234
5112.55627814 0.76215993
5117.55877939 0.76205757
5122.56128064 0.76195528
5127.56378189 0.76185305
5132.56628314 0.76175089
5137.56878439 0.76164878
5142.57128564 0.76154674
5147.57378689 0.76144476
5152.57628814 0.76134284
5157.57878939 0.76124099
5162.58129065 0.76113919
5167.58379190 0.76103746
5172.58629315 0.76093579
5177.58879440 0.76083418
5182.59129565 0.76073263
5187.59379690 0.76063115
5192.59629815 0.76052972
5197.59879940 0.76042836
5202.60130065 0.76032706
5207.60380190 0.76022582
5212.60630315 0.76012464
5217.60880440 0.76002352
5222.61130565 0.75992246
5227.61380690 0.75982146
5232.61630815 0.75972052
5237.61880940 0.75961965
5242.62131066 0.75951883
5247.62381191 0.75941807
5252.62631316 0.75931738
5257.62881441 0.75921674
5262.63131566 0.75911617
5267.63381691 0.75901565
5272.63631816 0.75891519
5277.63881941 0.75881480
5282.64132066 0.75871446
5287.64382191 0.75861419
5292.64632316 0.75851397
5297.64882441 0.75841381
5302.65132566 0.75831371
5307.65382691 0.75821367
5312.65632816 0.75811369
5317.65882941 0.75801377
5322.66133067 0.75791391
5327.66383192 0.75781411
5332.66633317 0.75771437
5337.66883442 0.75761468
5342.67133567 0.75751506
5347.67383692 0.75741549
5352.67633817 0.75731598
5357.67883942 0.75721653
5362.68134067 0.75711714
5367.68384192 0.75701780
5372.68634317 0.75691853
5377.68884442 0.75681931
5382.69134567 0.75672015
5387.69384692 0.75662105
5392.69634817 0.75652201
5397.69884942 0.75642302
5402.70135068 0.75632409
5407.70385193 0.75622522
5412.70635318 0.75612641
5417.70885443 0.75602765
5422.71135568 0.75592896
5427.71385693 0.75583031
5432.71635818 0.75573173
5437.71885943 0.75563320
5442.72136068 0.75553474
5447.72386193 0.75543632
5452.72636318 0.75533797
5457.72886443 0.75523967
5462.73136568 0.75514143
5467.73386693 0.75504324
5472.73636818 0.75494511
5477.73886943 0.75484704
5482.74137069 0.75474903
5487.74387194 0.75465107
5492.74637319 0.75455316
5497.74887444 0.75445532
5502.75137569 0.75435753
5507.75387694 0.75425979
5512.75637819 0.75416211
5517.75887944 0.75406449
5522.76138069 0.75396692
5527.76388194 0.75386941
5532.76638319 0.75377196
5537.76888444 0.75367456
5542.77138569 0.75357721
5547.77388694 0.75347992
5552.77638819 0.75338269
5557.77888944 0.75328551
5562.78139070 0.75318839
5567.78389195 0.75309132
5572.78639320 0.75299431
5577.78889445 0.75289735
5582.79139570 0.75280045
5587.79389695 0.75270360
5592.79639820 0.75260681
5597.79889945 0.75251007
5602.80140070 0.75241338
5607.80390195 0.75231675
5612.80640320 0.75222018
5617.80890445 0.75212366
5622.81140570 0.75202719
5627.81390695 0.75193078
5632.81640820 0.75183442
5637.81890945 0.75173811
5642.82141071 0.75164186
5647.82391196 0.75154567
5652.82641321 0.75144953
5657.82891446 0.75135344
5662.83141571 0.75125740
5667.83391696 0.75116142
5672.83641821 0.75106549
5677.83891946 0.75096962
5682.84142071 0.75087380
5687.84392196 0.75077803
5692.84642321 0.75068232
5697.84892446 0.75058666
5702.85142571 0.75049105
5707.85392696 0.75039549
5712.85642821 0.75029999
5717.85892946 0.75020454
5722.86143072 0.75010915
5727.86393197 0.75001380
5732.86643322 0.74991851
5737.86893447 0.74982328
5742.87143572 0.74972809
5747.87393697 0.74963296
5752.87643822 0.74953788
5757.87893947 0.74944285
5762.88144072 0.74934788
5767.88394197 0.74925295
5772.88644322 0.74915808
5777.88894447 0.74906326
5782.89144572 0.74896849
5787.89394697 0.74887378
5792.89644822 0.74877912
5797.89894947 0.74868451
5802.90145073 0.74858995
5807.90395198 0.74849544
5812.90645323 0.74840098
5817.90895448 0.74830658
5822.91145573 0.74821222
5827.91395698 0.74811792
5832.91645823 0.74802367
5837.91895948 0.74792947
5842.92146073 0.74783532
5847.92396198 0.74774123
5852.92646323 0.74764718
5857.92896448 0.74755319
5862.93146573 0.74745924
5867.93396698 0.74736535
5872.93646823 0.74727151
5877.93896948 0.74717771
5882.94147074 0.74708397
5887.94397199 0.74699028
5892.94647324 0.74689664
5897.94897449 0.74680305
5902.95147574 0.74670952
5907.95397699 0.74661603
5912.95647824 0.74652259
5917.95897949 0.74642920
5922.96148074 0.74633586
5927.96398199 0.74624258
5932.96648324 0.74614934
5937.96898449 0.74605615
5942.97148574 0.74596301
5947.97398699 0.74586992
5952.97648824 0.74577689
5957.97898949 0.74568390
5962.98149075 0.74559096
5967.98399200 0.74549807
5972.98649325 0.74540523
5977.98899450 0.74531244
5982.99149575 0.74521970
5987.99399700 0.74512701
5992.99649825 0.74503436
5997.99899950 0.74494177
6003.00150075 0.74484923
6008.00400200 0.74475673
6013.00650325 0.74466429
6018.00900450 0.74457189
6023.01150575 0.74447954
6028.01400700 0.74438724
6033.01650825 0.74429499
6038.01900950 0.74420279
6043.02151076 0.74411064
6048.02401201 0.74401853
6053.02651326 0.74392648
6058.02901451 0.74383447
6063.03151576 0.74374251
6068.03401701 0.74365060
6073.03651826 0.74355874
6078.03901951 0.74346692
6083.04152076 0.74337515
6088.04402201 0.74328344
6093.04652326 0.74319177
6098.04902451 0.74310014
6103.05152576 0.74300857
6108.05402701 0.74291704
6113.05652826 0.74282556
6118.05902951 0.74273413
6123.06153077 0.74264275
6128.06403202 0.74255141
6133.06653327 0.74246013
6138.06903452 0.74236889
6143.07153577 0.74227769
6148.07403702 0.74218655
6153.07653827 0.74209545
6158.07903952 0.74200440
6163.08154077 0.74191339
6168.08404202 0.74182244
6173.08654327 0.74173153
6178.08904452 0.74164066
6183.09154577 0.74154985
6188.09404702 0.74145908
6193.09654827 0.74136836
6198.09904952 0.74127768
6203.10155078 0.74118705
6208.10405203 0.74109647
6213.10655328 0.74100594
6218.10905453 0.74091545
6223.11155578 0.74082500
6228.11405703 0.74073461
6233.11655828 0.74064426
6238.11905953 0.74055396
6243.12156078 0.74046370
6248.12406203 0.74037349
6253.12656328 0.74028332
6258.12906453 0.74019321
6263.13156578 0.74010313
6268.13406703 0.74001311
6273.13656828 0.73992313
6278.13906953 0.73983319
6283.14157079 0.73974330
6288.14407204 0.73965346
6293.14657329 0.73956366
6298.14907454 0.73947391
6303.15157579 0.73938421
6308.15407704 0.73929455
6313.15657829 0.73920493
6318.15907954 0.73911536
6323.16158079 0.73902584
6328.16408204 0.73893636
6333.16658329 0.73884692
6338.16908454 0.73875754
6343.17158579 0.73866819
6348.17408704 0.73857890
6353.17658829 0.73848964
6358.17908954 0.73840043
6363.18159080 0.73831127
6368.18409205 0.73822215
6373.18659330 0.73813308
6378.18909455 0.73804405
6383.19159580 0.73795507
6388.19409705 0.73786613
6393.19659830 0.73777723
6398.19909955 0.73768838
6403.20160080 0.73759958
6408.20410205 0.73751082
6413.20660330 0.73742210
6418.20910455 0.73733343
6423.21160580 0.73724480
6428.21410705 0.73715622
6433.21660830 0.73706768
6438.21910955 0.73697918
6443.22161081 0.73689073
6448.22411206 0.73680232
6453.22661331 0.73671396
6458.22911456 0.73662564
6463.23161581 0.73653737
6468.23411706 0.73644914
6473.23661831 0.73636095
6478.23911956 0.73627280
6483.24162081 0.73618470
6488.24412206 0.73609665
6493.24662331 0.73600863
6498.24912456 0.73592066
6503.25162581 0.73583274
6508.25412706 0.73574486
6513.25662831 0.73565702
6518.25912956 0.73556922
6523.26163082 0.73548147
6528.26413207 0.73539376
6533.26663332 0.73530609
6538.26913457 0.73521847
6543.27163582 0.73513089
6548.27413707 0.73504335
6553.27663832 0.73495586
6558.27913957 0.73486841
6563.28164082 0.73478100
6568.28414207 0.73469363
6573.28664332 0.73460631
6578.28914457 0.73451903
6583.29164582 0.73443179
6588.29414707 0.73434460
6593.29664832 0.73425744
6598.29914957 0.73417033
6603.30165083 0.73408327
6608.30415208 0.73399624
6613.30665333 0.73390926
6618.30915458 0.73382232
6623.31165583 0.73373542
6628.31415708 0.73364856
6633.31665833 0.73356175
6638.31915958 0.73347498
6643.32166083 0.73338825
6648.32416208 0.73330156
6653.32666333 0.73321492
6658.32916458 0.73312831
6663.33166583 0.73304175
6668.33416708 0.73295523
6673.33666833 0.73286875
6678.33916958 0.73278232
6683.34167084 0.73269592
6688.34417209 0.73260957
6693.34667334 0.73252326
6698.34917459 0.73243699
6703.35167584 0.73235076
6708.35417709 0.73226458
6713.35667834 0.73217843
6718.35917959 0.73209233
6723.36168084 0.73200626
6728.36418209 0.73192024
6733.36668334 0.73183426
6738.36918459 0.73174832
6743.37168584 0.73166242
6748.37418709 0.73157657
6753.37668834 0.73149075
6758.37918959 0.73140498
6763.38169085 0.73131924
6768.38419210 0.73123355
6773.38669335 0.73114790
6778.38919460 0.73106229
6783.39169585 0.73097672
6788.39419710 0.73089119
6793.39669835 0.73080570
6798.39919960 0.73072025
6803.40170085 0.73063484
6808.40420210 0.73054947
6813.40670335 0.73046414
6818.40920460 0.73037886
6823.41170585 0.73029361
6828.41420710 0.73020841
6833.41670835 0.73012324
6838.41920960 0.73003812
6843.42171086 0.72995303
6848.42421211 0.72986798
6853.42671336 0.72978298
6858.42921461 0.72969802
6863.43171586 0.72961309
6868.43421711 0.72952821
6873.43671836 0.72944336
6878.43921961 0.72935856
6883.44172086 0.72927379
6888.44422211 0.72918906
6893.44672336 0.72910438
6898.44922461 0.72901973
6903.45172586 0.72893513
6908.45422711 0.72885056
6913.45672836 0.72876603
6918.45922961 0.72868155
6923.46173087 0.72859710
6928.46423212 0.72851269
6933.46673337 0.72842832
6938.46923462 0.72834399
6943.47173587 0.72825970
6948.47423712 0.72817545
6953.47673837 0.72809124
6958.47923962 0.72800706
6963.48174087 0.72792293
6968.48424212 0.72783884
6973.48674337 0.72775478
6978.48924462 0.72767076
6983.49174587 0.72758679
6988.49424712 0.72750285
6993.49674837 0.72741895
6998.49924962 0.72733509
7003.50175088 0.72725127
7008.50425213 0.72716748
7013.50675338 0.72708374
7018.50925463 0.72700003
7023.51175588 0.72691637
7028.51425713 0.72683274
7033.51675838 0.72674915
7038.51925963 0.72666560
7043.52176088 0.72658208
7048.52426213 0.72649861
7053.52676338 0.72641517
7058.52926463 0.72633177
7063.53176588 0.72624841
7068.53426713 0.72616509
7073.53676838 0.72608181
7078.53926963 0.72599856
7083.54177089 0.72591536
7088.54427214 0.72583219
7093.54677339 0.72574906
7098.54927464 0.72566597
7103.55177589 0.72558291
7108.55427714 0.72549989
7113.55677839 0.72541692
7118.55927964 0.72533397
7123.56178089 0.72525107
7128.56428214 0.72516821
7133.56678339 0.72508538
7138.56928464 0.72500259
7143.57178589 0.72491984
7148.57428714 0.72483712
7153.57678839 0.72475444
7158.57928964 0.72467180
7163.58179090 0.72458920
7168.58429215 0.72450664
7173.58679340 0.72442411
7178.58929465 0.72434162
7183.59179590 0.72425917
7188.59429715 0.72417675
7193.59679840 0.72409437
7198.59929965 0.72401203
7203.60180090 0.72392973
7208.60430215 0.72384746
7213.60680340 0.72376523
7218.60930465 0.72368304
7223.61180590 0.72360088
7228.61430715 0.72351877
7233.61680840 0.72343668
7238.61930965 0.72335464
7243.62181091 0.72327263
7248.62431216 0.72319066
7253.62681341 0.72310873
7258.62931466 0.72302683
7263.63181591 0.72294497
7268.63431716 0.72286314
7273.63681841 0.72278136
7278.63931966 0.72269960
7283.64182091 0.72261789
7288.64432216 0.72253621
7293.64682341 0.72245457
7298.64932466 0.72237297
7303.65182591 0.72229140
7308.65432716 0.72220986
7313.65682841 0.72212837
7318.65932966 0.72204691
7323.66183092 0.72196548
7328.66433217 0.72188410
7333.66683342 0.72180275
7338.66933467 0.72172143
7343.67183592 0.72164015
7348.67433717 0.72155891
7353.67683842 0.72147770
7358.67933967 0.72139653
7363.68184092 0.72131540
7368.68434217 0.72123430
7373.68684342 0.72115323
7378.68934467 0.72107221
7383.69184592 0.72099121
7388.69434717 0.72091026
7393.69684842 0.72082934
7398.69934967 0.72074845
7403.70185093 0.72066760
7408.70435218 0.72058679
7413.70685343 0.72050601
7418.70935468 0.72042527
7423.71185593 0.72034456
7428.71435718 0.72026389
7433.71685843 0.72018326
7438.71935968 0.72010266
7443.72186093 0.72002209
7448.72436218 0.71994156
7453.72686343 0.71986107
7458.72936468 0.71978061
7463.73186593 0.71970018
7468.73436718 0.71961979
7473.73686843 0.71953944
7478.73936968 0.71945912
7483.74187094 0.71937884
7488.74437219 0.71929859
7493.74687344 0.71921837
7498.74937469 0.71913820
7503.75187594 0.71905805
7508.75437719 0.71897794
7513.75687844 0.71889787
7518.75937969 0.71881783
7523.76188094 0.71873782
7528.76438219 0.71865785
7533.76688344 0.71857792
7538.76938469 0.71849802
7543.77188594 0.71841815
7548.77438719 0.71833832
7553.77688844 0.71825852
7558.77938969 0.71817876
7563.78189095 0.71809903
7568.78439220 0.71801934
7573.78689345 0.71793968
7578.78939470 0.71786006
7583.79189595 0.71778047
7588.79439720 0.71770091
7593.79689845 0.71762139
7598.79939970 0.71754190
7603.80190095 0.71746245
7608.80440220 0.71738303
7613.80690345 0.71730365
7618.80940470 0.71722429
7623.81190595 0.71714498
7628.81440720 0.71706570
7633.81690845 0.71698645
7638.81940970 0.71690723
7643.82191096 0.71682805
7648.82441221 0.71674890
7653.82691346 0.71666979
7658.82941471 0.71659071
7663.83191596 0.71651167
7668.83441721 0.71643265
7673.83691846 0.71635368
7678.83941971 0.71627473
7683.84192096 0.71619582
7688.84442221 0.71611694
7693.84692346 0.71603810
7698.84942471 0.71595929
7703.85192596 0.71588052
7708.85442721 0.71580177
7713.85692846 0.71572306
7718.85942971 0.71564439
7723.86193097 0.71556574
7728.86443222 0.71548714
7733.86693347 0.71540856
7738.86943472 0.71533002
7743.87193597 0.71525151
7748.87443722 0.71517303
7753.87693847 0.71509459
7758.87943972 0.71501618
7763.88194097 0.71493780
7768.88444222 0.71485946
7773.88694347 0.71478115
7778.88944472 0.71470287
7783.89194597 0.71462463
7788.89444722 0.71454642
7793.89694847 0.71446824
7798.89944972 0.71439009
7803.90195098 0.71431198
7808.90445223 0.71423390
7813.90695348 0.71415585
7818.90945473 0.71407784
7823.91195598 0.71399986
7828.91445723 0.71392191
7833.91695848 0.71384399
7838.91945973 0.71376611
7843.92196098 0.71368826
7848.92446223 0.71361044
7853.92696348 0.71353265
7858.92946473 0.71345490
7863.93196598 0.71337718
7868.93446723 0.71329949
7873.93696848 0.71322183
7878.93946973 0.71314421
7883.94197099 0.71306662
7888.94447224 0.71298906
7893.94697349 0.71291153
7898.94947474 0.71283404
7903.95197599 0.71275658
7908.95447724 0.71267915
7913.95697849 0.71260175
7918.95947974 0.71252438
7923.96198099 0.71244705
7928.96448224 0.71236975
7933.96698349 0.71229248
7938.96948474 0.71221524
7943.97198599 0.71213804
7948.97448724 0.71206086
7953.97698849 0.71198372
7958.97948974 0.71190661
7963.98199100 0.71182953
7968.98449225 0.71175249
7973.98699350 0.71167547
7978.98949475 0.71159849
7983.99199600 0.71152154
7988.99449725 0.71144462
7993.99699850 0.71136773
7998.99949975 0.71129088
8004.00200100 0.71121405
8009.00450225 0.71113726
8014.00700350 0.71106050
8019.00950475 0.71098377
8024.01200600 0.71090707
8029.01450725 0.71083041
8034.01700850 0.71075377
8039.01950975 0.71067717
8044.02201101 0.71060060
8049.02451226 0.71052406
8054.02701351 0.71044755
8059.02951476 0.71037107
8064.03201601 0.71029462
8069.03451726 0.71021821
8074.03701851 0.71014182
8079.03951976 0.71006547
8084.04202101 0.70998914
8089.04452226 0.70991285
8094.04702351 0.70983659
8099.04952476 0.70976036
8104.05202601 0.70968417
8109.05452726 0.70960800
8114.05702851 0.70953186
8119.05952976 0.70945576
8124.06203102 0.70937968
8129.06453227 0.70930364
8134.06703352 0.70922763
8139.06953477 0.70915165
8144.07203602 0.70907569
8149.07453727 0.70899977
8154.07703852 0.70892388
8159.07953977 0.70884803
8164.08204102 0.70877220
8169.08454227 0.70869640
8174.08704352 0.70862063
8179.08954477 0.70854490
8184.09204602 0.70846919
8189.09454727 0.70839352
8194.09704852 0.70831787
8199.09954977 0.70824226
8204.10205103 0.70816667
8209.10455228 0.70809112
8214.10705353 0.70801560
8219.10955478 0.70794010
8224.11205603 0.70786464
8229.11455728 0.70778921
8234.11705853 0.70771381
8239.11955978 0.70763844
8244.12206103 0.70756309
8249.12456228 0.70748778
8254.12706353 0.70741250
8259.12956478 0.70733725
8264.13206603 0.70726203
8269.13456728 0.70718684
8274.13706853 0.70711168
8279.13956978 0.70703655
8284.14207104 0.70696145
8289.14457229 0.70688638
8294.14707354 0.70681133
8299.14957479 0.70673632
8304.15207604 0.70666134
8309.15457729 0.70658639
8314.15707854 0.70651147
8319.15957979 0.70643658
8324.16208104 0.70636172
8329.16458229 0.70628688
8334.16708354 0.70621208
8339.16958479 0.70613731
8344.17208604 0.70606257
8349.17458729 0.70598785
8354.17708854 0.70591317
8359.17958979 0.70583851
8364.18209105 0.70576389
8369.18459230 0.70568929
8374.18709355 0.70561473
8379.18959480 0.70554019
8384.19209605 0.70546568
8389.19459730 0.70539121
8394.19709855 0.70531676
8399.19959980 0.70524234
8404.20210105 0.70516795
8409.20460230 0.70509359
8414.20710355 0.70501926
8419.20960480 0.70494496
8424.21210605 0.70487069
8429.21460730 0.70479644
8434.21710855 0.70472223
8439.21960980 0.70464804
8444.22211106 0.70457389
8449.22461231 0.70449976
8454.22711356 0.70442566
8459.22961481 0.70435160
8464.23211606 0.70427756
8469.23461731 0.70420355
8474.23711856 0.70412956
8479.23961981 0.70405561
8484.24212106 0.70398169
8489.24462231 0.70390779
8494.24712356 0.70383393
8499.24962481 0.70376009
8504.25212606 0.70368628
8509.25462731 0.70361250
8514.25712856 0.70353875
8519.25962981 0.70346503
8524.26213107 0.70339133
8529.26463232 0.70331767
8534.26713357 0.70324403
8539.26963482 0.70317043
8544.27213607 0.70309685
8549.27463732 0.70302330
8554.27713857 0.70294977
8559.27963982 0.70287628
8564.28214107 0.70280282
8569.28464232 0.70272938
8574.28714357 0.70265597
8579.28964482 0.70258259
8584.29214607 0.70250924
8589.29464732 0.70243592
8594.29714857 0.70236262
8599.29964982 0.70228936
8604.30215108 0.70221612
8609.30465233 0.70214291
8614.30715358 0.70206973
8619.30965483 0.70199658
8624.31215608 0.70192345
8629.31465733 0.70185035
8634.31715858 0.70177729
8639.31965983 0.70170424
8644.32216108 0.70163123
8649.32466233 0.70155825
8654.32716358 0.70148529
8659.32966483 0.70141236
8664.33216608 0.70133946
8669.33466733 0.70126659
8674.33716858 0.70119375
8679.33966983 0.70112093
8684.34217109 0.70104814
8689.34467234 0.70097538
8694.34717359 0.70090265
8699.34967484 0.70082994
8704.35217609 0.70075726
8709.35467734 0.70068461
8714.35717859 0.70061199
8719.35967984 0.70053940
8724.36218109 0.70046683
8729.36468234 0.70039429
8734.36718359 0.70032178
8739.36968484 0.70024930
8744.37218609 0.70017684
8749.37468734 0.70010441
8754.37718859 0.70003201
8759.37968984 0.69995964
8764.38219110 0.69988729
8769.38469235 0.69981497
8774.38719360 0.69974268
8779.38969485 0.69967042
8784.39219610 0.69959818
8789.39469735 0.69952597
8794.39719860 0.69945379
8799.39969985 0.69938164
8804.40220110 0.69930951
8809.40470235 0.69923741
8814.40720360 0.69916534
8819.40970485 0.69909329
8824.41220610 0.69902128
8829.41470735 0.69894929
8834.41720860 0.69887732
8839.41970985 0.69880539
8844.42221111 0.69873348
8849.42471236 0.69866159
8854.42721361 0.69858974
8859.42971486 0.69851791
8864.43221611 0.69844611
8869.43471736 0.69837434
8874.43721861 0.69830259
8879.43971986 0.69823087
8884.44222111 0.69815918
8889.44472236 0.69808751
8894.44722361 0.69801587
8899.44972486 0.69794426
8904.45222611 0.69787267
8909.45472736 0.69780111
8914.45722861 0.69772958
8919.45972986 0.69765807
8924.46223112 0.69758660
8929.46473237 0.69751514
8934.46723362 0.69744372
8939.46973487 0.69737232
8944.47223612 0.69730095
8949.47473737 0.69722960
8954.47723862 0.69715828
8959.47973987 0.69708699
8964.48224112 0.69701573
8969.48474237 0.69694449
8974.48724362 0.69687327
8979.48974487 0.69680209
8984.49224612 0.69673093
8989.49474737 0.69665980
8994.49724862 0.69658869
8999.49974987 0.69651761
9004.50225113 0.69644655
9009.50475238 0.69637553
9014.50725363 0.69630453
9019.50975488 0.69623355
9024.51225613 0.69616260
9029.51475738 0.69609168
9034.51725863 0.69602078
9039.51975988 0.69594991
9044.52226113 0.69587907
9049.52476238 0.69580825
9054.52726363 0.69573746
9059.52976488 0.69566669
9064.53226613 0.69559595
9069.53476738 0.69552524
9074.53726863 0.69545455
9079.53976988 0.69538389
9084.54227114 0.69531326
9089.54477239 0.69524265
9094.54727364 0.69517207
9099.54977489 0.69510151
9104.55227614 0.69503098
9109.55477739 0.69496047
9114.55727864 0.69488999
9119.55977989 0.69481954
9124.56228114 0.69474911
9129.56478239 0.69467871
9134.56728364 0.69460833
9139.56978489 0.69453798
9144.57228614 0.69446766
9149.57478739 0.69439736
9154.57728864 0.69432709
9159.57978989 0.69425684
9164.58229115 0.69418662
9169.58479240 0.69411642
9174.58729365 0.69404625
9179.58979490 0.69397610
9184.59229615 0.69390598
9189.59479740 0.69383589
9194.59729865 0.69376582
9199.59979990 0.69369578
9204.60230115 0.69362576
9209.60480240 0.69355577
9214.60730365 0.69348580
9219.60980490 0.69341586
9224.61230615 0.69334595
9229.61480740 0.69327606
9234.61730865 0.69320619
9239.61980990 0.69313635
9244.62231116 0.69306654
9249.62481241 0.69299675
9254.62731366 0.69292699
9259.62981491 0.69285725
9264.63231616 0.69278754
9269.63481741 0.69271785
9274.63731866 0.69264819
9279.63981991 0.69257855
9284.64232116 0.69250894
9289.64482241 0.69243935
9294.64732366 0.69236979
9299.64982491 0.69230025
9304.65232616 0.69223074
9309.65482741 0.69216125
9314.65732866 0.69209179
9319.65982991 0.69202235
9324.66233117 0.69195294
9329.66483242 0.69188355
9334.66733367 0.69181419
9339.66983492 0.69174485
9344.67233617 0.69167554
9349.67483742 0.69160626
9354.67733867 0.69153699
9359.67983992 0.69146776
9364.68234117 0.69139854
9369.68484242 0.69132936
9374.68734367 0.69126019
9379.68984492 0.69119105
9384.69234617 0.69112194
9389.69484742 0.69105285
9394.69734867 0.69098379
9399.69984992 0.69091475
9404.70235118 0.69084573
9409.70485243 0.69077674
9414.70735368 0.69070778
9419.70985493 0.69063884
9424.71235618 0.69056992
9429.71485743 0.69050103
9434.71735868 0.69043216
9439.71985993 0.69036332
9444.72236118 0.69029450
9449.72486243 0.69022571
9454.72736368 0.69015694
9459.72986493 0.69008819
9464.73236618 0.69001947
9469.73486743 0.68995078
9474.73736868 0.68988210
9479.73986993 0.68981346
9484.74237119 0.68974483
9489.74487244 0.68967624
9494.74737369 0.68960766
9499.74987494 0.68953911
9504.75237619 0.68947059
9509.75487744 0.68940208
9514.75737869 0.68933361
9519.75987994 0.68926515
9524.76238119 0.68919673
9529.76488244 0.68912832
9534.76738369 0.68905994
9539.76988494 0.68899158
9544.77238619 0.68892325
9549.77488744 0.68885494
9554.77738869 0.68878666
9559.77988994 0.68871840
9564.78239120 0.68865016
9569.78489245 0.68858195
9574.78739370 0.68851376
9579.78989495 0.68844560
9584.79239620 0.68837746
9589.79489745 0.68830934
9594.79739870 0.68824125
9599.79989995 0.68817318
9604.80240120 0.68810514
9609.80490245 0.68803712
9614.80740370 0.68796912
9619.80990495 0.68790115
9624.81240620 0.68783320
9629.81490745 0.68776527
9634.81740870 0.68769737
9639.81990995 0.68762949
9644.82241121 0.68756164
9649.82491246 0.68749381
9654.82741371 0.68742600
9659.82991496 0.68735822
9664.83241621 0.68729046
9669.83491746 0.68722272
9674.83741871 0.68715501
9679.83991996 0.68708732
9684.84242121 0.68701965
9689.84492246 0.68695201
9694.84742371 0.68688439
9699.84992496 0.68681680
9704.85242621 0.68674923
9709.85492746 0.68668168
9714.85742871 0.68661416
9719.85992996 0.68654666
9724.86243122 0.68647918
9729.86493247 0.68641173
9734.86743372 0.68634429
9739.86993497 0.68627689
9744.87243622 0.68620950
9749.87493747 0.68614214
9754.87743872 0.68607481
9759.87993997 0.68600749
9764.88244122 0.68594020
9769.88494247 0.68587293
9774.88744372 0.68580569
9779.88994497 0.68573847
9784.89244622 0.68567127
9789.89494747 0.68560410
9794.89744872 0.68553695
9799.89994997 0.68546982
9804.90245123 0.68540271
9809.90495248 0.68533563
9814.90745373 0.68526857
9819.90995498 0.68520154
9824.91245623 0.68513452
9829.91495748 0.68506753
9834.91745873 0.68500057
9839.91995998 0.68493362
9844.92246123 0.68486670
9849.92496248 0.68479980
9854.92746373 0.68473293
9859.92996498 0.68466608
9864.93246623 0.68459925
9869.93496748 0.68453244
9874.93746873 0.68446566
9879.93996998 0.68439890
9884.94247124 0.68433216
9889.94497249 0.68426545
9894.94747374 0.68419876
9899.94997499 0.68413209
9904.95247624 0.68406544
9909.95497749 0.68399882
9914.95747874 0.68393222
9919.95997999 0.68386564
9924.96248124 0.68379908
9929.96498249 0.68373255
9934.96748374 0.68366604
9939.96998499 0.68359955
9944.97248624 0.68353309
9949.97498749 0.68346664
9954.97748874 0.68340022
9959.97998999 0.68333383
9964.98249125 0.68326745
9969.98499250 0.68320110
9974.98749375 0.68313477
9979.98999500 0.68306846
9984.99249625 0.68300218
9989.99499750 0.68293592
9994.99749875 0.68286968
10000.00000000 0.68280346
