0.00000000 1.00000000
5.00250125 0.99505073
10.00500250 0.99136138
15.00750375 0.98824557
20.01000500 0.98547954
25.01250625 0.98295698
30.01500750 0.98061767
35.01750875 0.97842369
40.02001001 0.97634931
45.02251126 0.97437597
50.02501251 0.97248972
55.02751376 0.97067971
60.03001501 0.96893722
65.03251626 0.96725516
70.03501751 0.96562760
75.03751876 0.96404957
80.04002001 0.96251679
85.04252126 0.96102561
90.04502251 0.95957284
95.04752376 0.95815568
100.05002501 0.95677166
105.05252626 0.95541860
110.05502751 0.95409455
115.05752876 0.95279775
120.06003002 0.95152663
125.06253127 0.95027975
130.06503252 0.94905582
135.06753377 0.94785365
140.07003502 0.94667216
145.07253627 0.94551035
150.07503752 0.94436730
155.07753877 0.94324218
160.08004002 0.94213419
165.08254127 0.94104260
170.08504252 0.93996675
175.08754377 0.93890600
180.09004502 0.93785976
185.09254627 0.93682749
190.09504752 0.93580866
195.09754877 0.93480280
200.10005003 0.93380944
205.10255128 0.93282816
210.10505253 0.93185855
215.10755378 0.93090023
220.11005503 0.92995284
225.11255628 0.92901603
230.11505753 0.92808949
235.11755878 0.92717290
240.12006003 0.92626597
245.12256128 0.92536842
250.12506253 0.92447999
255.12756378 0.92360042
260.13006503 0.92272948
265.13256628 0.92186693
270.13506753 0.92101255
275.13756878 0.92016613
280.14007004 0.91932747
285.14257129 0.91849638
290.14507254 0.91767268
295.14757379 0.91685618
300.15007504 0.91604671
305.15257629 0.91524411
310.15507754 0.91444823
315.15757879 0.91365891
320.16008004 0.91287600
325.16258129 0.91209937
330.16508254 0.91132888
335.16758379 0.91056440
340.17008504 0.90980580
345.17258629 0.90905296
350.17508754 0.90830577
355.17758879 0.90756411
360.18009005 0.90682787
365.18259130 0.90609694
370.18509255 0.90537123
375.18759380 0.90465063
380.19009505 0.90393505
385.19259630 0.90322440
390.19509755 0.90251857
395.19759880 0.90181750
400.20010005 0.90112108
405.20260130 0.90042924
410.20510255 0.89974190
415.20760380 0.89905898
420.21010505 0.89838041
425.21260630 0.89770610
430.21510755 0.89703600
435.21760880 0.89637003
440.22011006 0.89570812
445.22261131 0.89505021
450.22511256 0.89439624
455.22761381 0.89374613
460.23011506 0.89309984
465.23261631 0.89245730
470.23511756 0.89181845
475.23761881 0.89118324
480.24012006 0.89055161
485.24262131 0.88992352
490.24512256 0.88929890
495.24762381 0.88867771
500.25012506 0.88805990
505.25262631 0.88744541
510.25512756 0.88683421
515.25762881 0.88622625
520.26013007 0.88562147
525.26263132 0.88501984
530.26513257 0.88442132
535.26763382 0.88382585
540.27013507 0.88323341
545.27263632 0.88264395
550.27513757 0.88205743
555.27763882 0.88147381
560.28014007 0.88089305
565.28264132 0.88031512
570.28514257 0.87973999
575.28764382 0.87916761
580.29014507 0.87859795
585.29264632 0.87803098
590.29514757 0.87746666
595.29764882 0.87690497
600.30015008 0.87634586
605.30265133 0.87578931
610.30515258 0.87523529
615.30765383 0.87468377
620.31015508 0.87413472
625.31265633 0.87358810
630.31515758 0.87304390
635.31765883 0.87250208
640.32016008 0.87196262
645.32266133 0.87142548
650.32516258 0.87089065
655.32766383 0.87035809
660.33016508 0.86982778
665.33266633 0.86929970
670.33516758 0.86877383
675.33766883 0.86825013
680.34017009 0.86772858
685.34267134 0.86720917
690.34517259 0.86669186
695.34767384 0.86617664
700.35017509 0.86566349
705.35267634 0.86515238
710.35517759 0.86464328
715.35767884 0.86413619
720.36018009 0.86363108
725.36268134 0.86312792
730.36518259 0.86262671
735.36768384 0.86212742
740.37018509 0.86163002
745.37268634 0.86113451
750.37518759 0.86064086
755.37768884 0.86014906
760.38019010 0.85965908
765.38269135 0.85917091
770.38519260 0.85868453
775.38769385 0.85819993
780.39019510 0.85771708
785.39269635 0.85723597
790.39519760 0.85675659
795.39769885 0.85627892
800.40020010 0.85580294
805.40270135 0.85532863
810.40520260 0.85485598
815.40770385 0.85438498
820.41020510 0.85391561
825.41270635 0.85344786
830.41520760 0.85298171
835.41770885 0.85251714
840.42021011 0.85205415
845.42271136 0.85159271
850.42521261 0.85113282
855.42771386 0.85067447
860.43021511 0.85021763
865.43271636 0.84976229
870.43521761 0.84930844
875.43771886 0.84885608
880.44022011 0.84840518
885.44272136 0.84795573
890.44522261 0.84750773
895.44772386 0.84706115
900.45022511 0.84661600
905.45272636 0.84617224
910.45522761 0.84572989
915.45772886 0.84528891
920.46023012 0.84484930
925.46273137 0.84441106
930.46523262 0.84397416
935.46773387 0.84353860
940.47023512 0.84310437
945.47273637 0.84267145
950.47523762 0.84223984
955.47773887 0.84180953
960.48024012 0.84138050
965.48274137 0.84095274
970.48524262 0.84052625
975.48774387 0.84010102
980.49024512 0.83967703
985.49274637 0.83925428
990.49524762 0.83883275
995.49774887 0.83841244
1000.50025013 0.83799334
1005.50275138 0.83757544
1010.50525263 0.83715872
1015.50775388 0.83674319
1020.51025513 0.83632883
1025.51275638 0.83591563
1030.51525763 0.83550359
1035.51775888 0.83509269
1040.52026013 0.83468293
1045.52276138 0.83427430
1050.52526263 0.83386679
1055.52776388 0.83346040
1060.53026513 0.83305511
1065.53276638 0.83265091
1070.53526763 0.83224781
1075.53776888 0.83184578
1080.54027014 0.83144483
1085.54277139 0.83104495
1090.54527264 0.83064612
1095.54777389 0.83024835
1100.55027514 0.82985162
1105.55277639 0.82945592
1110.55527764 0.82906126
1115.55777889 0.82866762
1120.56028014 0.82827499
1125.56278139 0.82788337
1130.56528264 0.82749276
1135.56778389 0.82710313
1140.57028514 0.82671450
1145.57278639 0.82632685
1150.57528764 0.82594017
1155.57778889 0.82555446
1160.58029015 0.82516972
1165.58279140 0.82478593
1170.58529265 0.82440309
1175.58779390 0.82402119
1180.59029515 0.82364023
1185.59279640 0.82326020
1190.59529765 0.82288109
1195.59779890 0.82250290
1200.60030015 0.82212563
1205.60280140 0.82174926
1210.60530265 0.82137380
1215.60780390 0.82099923
1220.61030515 0.82062555
1225.61280640 0.82025276
1230.61530765 0.81988084
1235.61780890 0.81950980
1240.62031016 0.81913962
1245.62281141 0.81877031
1250.62531266 0.81840186
1255.62781391 0.81803426
1260.63031516 0.81766750
1265.63281641 0.81730158
1270.63531766 0.81693651
1275.63781891 0.81657226
1280.64032016 0.81620884
1285.64282141 0.81584624
1290.64532266 0.81548446
1295.64782391 0.81512349
1300.65032516 0.81476332
1305.65282641 0.81440396
1310.65532766 0.81404540
1315.65782891 0.81368762
1320.66033017 0.81333064
1325.66283142 0.81297444
1330.66533267 0.81261901
1335.66783392 0.81226437
1340.67033517 0.81191049
1345.67283642 0.81155737
1350.67533767 0.81120502
1355.67783892 0.81085342
1360.68034017 0.81050258
1365.68284142 0.81015249
1370.68534267 0.80980313
1375.68784392 0.80945452
1380.69034517 0.80910664
1385.69284642 0.80875950
1390.69534767 0.80841308
1395.69784892 0.80806738
1400.70035018 0.80772241
1405.70285143 0.80737814
1410.70535268 0.80703459
1415.70785393 0.80669175
1420.71035518 0.80634961
1425.71285643 0.80600817
1430.71535768 0.80566743
1435.71785893 0.80532738
1440.72036018 0.80498801
1445.72286143 0.80464933
1450.72536268 0.80431134
1455.72786393 0.80397402
1460.73036518 0.80363737
1465.73286643 0.80330139
1470.73536768 0.80296608
1475.73786893 0.80263144
1480.74037019 0.80229745
1485.74287144 0.80196412
1490.74537269 0.80163144
1495.74787394 0.80129941
1500.75037519 0.80096803
1505.75287644 0.80063729
1510.75537769 0.80030719
1515.75787894 0.79997772
1520.76038019 0.79964889
1525.76288144 0.79932069
1530.76538269 0.79899312
1535.76788394 0.79866616
1540.77038519 0.79833983
1545.77288644 0.79801412
1550.77538769 0.79768901
1555.77788894 0.79736452
1560.78039020 0.79704064
1565.78289145 0.79671736
1570.78539270 0.79639469
1575.78789395 0.79607261
1580.79039520 0.79575113
1585.79289645 0.79543024
1590.79539770 0.79510994
1595.79789895 0.79479023
1600.80040020 0.79447111
1605.80290145 0.79415256
1610.80540270 0.79383460
1615.80790395 0.79351721
1620.81040520 0.79320039
1625.81290645 0.79288414
1630.81540770 0.79256846
1635.81790895 0.79225335
1640.82041021 0.79193880
1645.82291146 0.79162481
1650.82541271 0.79131137
1655.82791396 0.79099849
1660.83041521 0.79068616
1665.83291646 0.79037439
1670.83541771 0.79006315
1675.83791896 0.78975247
1680.84042021 0.78944232
1685.84292146 0.78913271
1690.84542271 0.78882364
1695.84792396 0.78851511
1700.85042521 0.78820710
1705.85292646 0.78789963
1710.85542771 0.78759268
1715.85792896 0.78728626
1720.86043022 0.78698036
1725.86293147 0.78667497
1730.86543272 0.78637011
1735.86793397 0.78606576
1740.87043522 0.78576193
1745.87293647 0.78545860
1750.87543772 0.78515579
1755.87793897 0.78485348
1760.88044022 0.78455167
1765.88294147 0.78425037
1770.88544272 0.78394956
1775.88794397 0.78364925
1780.89044522 0.78334944
1785.89294647 0.78305012
1790.89544772 0.78275130
1795.89794897 0.78245296
1800.90045023 0.78215510
1805.90295148 0.78185773
1810.90545273 0.78156085
1815.90795398 0.78126444
1820.91045523 0.78096852
1825.91295648 0.78067307
1830.91545773 0.78037809
1835.91795898 0.78008359
1840.92046023 0.77978955
1845.92296148 0.77949599
1850.92546273 0.77920289
1855.92796398 0.77891026
1860.93046523 0.77861809
1865.93296648 0.77832637
1870.93546773 0.77803512
1875.93796898 0.77774433
1880.94047024 0.77745399
1885.94297149 0.77716410
1890.94547274 0.77687466
1895.94797399 0.77658568
1900.95047524 0.77629714
1905.95297649 0.77600905
1910.95547774 0.77572140
1915.95797899 0.77543419
1920.96048024 0.77514742
1925.96298149 0.77486110
1930.96548274 0.77457520
1935.96798399 0.77428975
1940.97048524 0.77400473
1945.97298649 0.77372013
1950.97548774 0.77343597
1955.97798899 0.77315224
1960.98049025 0.77286893
1965.98299150 0.77258605
1970.98549275 0.77230360
1975.98799400 0.77202156
1980.99049525 0.77173994
1985.99299650 0.77145874
1990.99549775 0.77117796
1995.99799900 0.77089760
2001.00050025 0.77061764
2006.00300150 0.77033810
2011.00550275 0.77005897
2016.00800400 0.76978025
2021.01050525 0.76950193
2026.01300650 0.76922402
2031.01550775 0.76894652
2036.01800900 0.76866941
2041.02051026 0.76839271
2046.02301151 0.76811641
2051.02551276 0.76784050
2056.02801401 0.76756500
2061.03051526 0.76728988
2066.03301651 0.76701516
2071.03551776 0.76674084
2076.03801901 0.76646690
2081.04052026 0.76619335
2086.04302151 0.76592019
2091.04552276 0.76564742
2096.04802401 0.76537503
2101.05052526 0.76510302
2106.05302651 0.76483140
2111.05552776 0.76456016
2116.05802901 0.76428929
2121.06053027 0.76401881
2126.06303152 0.76374870
2131.06553277 0.76347897
2136.06803402 0.76320961
2141.07053527 0.76294062
2146.07303652 0.76267200
2151.07553777 0.76240376
2156.07803902 0.76213588
2161.08054027 0.76186837
2166.08304152 0.76160122
2171.08554277 0.76133444
2176.08804402 0.76106803
2181.09054527 0.76080197
2186.09304652 0.76053628
2191.09554777 0.76027095
2196.09804902 0.76000597
2201.10055028 0.75974135
2206.10305153 0.75947709
2211.10555278 0.75921318
2216.10805403 0.75894962
2221.11055528 0.75868642
2226.11305653 0.75842357
2231.11555778 0.75816106
2236.11805903 0.75789891
2241.12056028 0.75763710
2246.12306153 0.75737564
2251.12556278 0.75711452
2256.12806403 0.75685375
2261.13056528 0.75659332
2266.13306653 0.75633323
2271.13556778 0.75607349
2276.13806903 0.75581408
2281.14057029 0.75555500
2286.14307154 0.75529627
2291.14557279 0.75503787
2296.14807404 0.75477981
2301.15057529 0.75452208
2306.15307654 0.75426468
2311.15557779 0.75400761
2316.15807904 0.75375087
2321.16058029 0.75349447
2326.16308154 0.75323839
2331.16558279 0.75298263
2336.16808404 0.75272721
2341.17058529 0.75247210
2346.17308654 0.75221733
2351.17558779 0.75196287
2356.17808904 0.75170874
2361.18059030 0.75145492
2366.18309155 0.75120143
2371.18559280 0.75094825
2376.18809405 0.75069539
2381.19059530 0.75044285
2386.19309655 0.75019063
2391.19559780 0.74993871
2396.19809905 0.74968712
2401.20060030 0.74943583
2406.20310155 0.74918486
2411.20560280 0.74893419
2416.20810405 0.74868384
2421.21060530 0.74843379
2426.21310655 0.74818405
2431.21560780 0.74793462
2436.21810905 0.74768550
2441.22061031 0.74743668
2446.22311156 0.74718816
2451.22561281 0.74693994
2456.22811406 0.74669203
2461.23061531 0.74644442
2466.23311656 0.74619711
2471.23561781 0.74595009
2476.23811906 0.74570338
2481.24062031 0.74545696
2486.24312156 0.74521084
2491.24562281 0.74496501
2496.24812406 0.74471948
2501.25062531 0.74447424
2506.25312656 0.74422930
2511.25562781 0.74398464
2516.25812906 0.74374028
2521.26063032 0.74349621
2526.26313157 0.74325243
2531.26563282 0.74300893
2536.26813407 0.74276572
2541.27063532 0.74252280
2546.27313657 0.74228017
2551.27563782 0.74203782
2556.27813907 0.74179575
2561.28064032 0.74155397
2566.28314157 0.74131247
2571.28564282 0.74107125
2576.28814407 0.74083031
2581.29064532 0.74058965
2586.29314657 0.74034927
2591.29564782 0.74010917
2596.29814907 0.73986935
2601.30065033 0.73962980
2606.30315158 0.73939053
2611.30565283 0.73915153
2616.30815408 0.73891281
2621.31065533 0.73867436
2626.31315658 0.73843618
2631.31565783 0.73819828
2636.31815908 0.73796065
2641.32066033 0.73772328
2646.32316158 0.73748619
2651.32566283 0.73724937
2656.32816408 0.73701281
2661.33066533 0.73677652
2666.33316658 0.73654050
2671.33566783 0.73630474
2676.33816908 0.73606925
2681.34067034 0.73583402
2686.34317159 0.73559905
2691.34567284 0.73536435
2696.34817409 0.73512991
2701.35067534 0.73489573
2706.35317659 0.73466181
2711.35567784 0.73442815
2716.35817909 0.73419475
2721.36068034 0.73396161
2726.36318159 0.73372873
2731.36568284 0.73349610
2736.36818409 0.73326373
2741.37068534 0.73303161
2746.37318659 0.73279975
2751.37568784 0.73256815
2756.37818909 0.73233679
2761.38069035 0.73210569
2766.38319160 0.73187484
2771.38569285 0.73164425
2776.38819410 0.73141390
2781.39069535 0.73118380
2786.39319660 0.73095396
2791.39569785 0.73072436
2796.39819910 0.73049501
2801.40070035 0.73026590
2806.40320160 0.73003705
2811.40570285 0.72980844
2816.40820410 0.72958007
2821.41070535 0.72935195
2826.41320660 0.72912407
2831.41570785 0.72889644
2836.41820910 0.72866905
2841.42071036 0.72844190
2846.42321161 0.72821499
2851.42571286 0.72798832
2856.42821411 0.72776189
2861.43071536 0.72753571
2866.43321661 0.72730976
2871.43571786 0.72708405
2876.43821911 0.72685857
2881.44072036 0.72663334
2886.44322161 0.72640834
2891.44572286 0.72618357
2896.44822411 0.72595904
2901.45072536 0.72573475
2906.45322661 0.72551069
2911.45572786 0.72528686
2916.45822911 0.72506327
2921.46073037 0.72483990
2926.46323162 0.72461677
2931.46573287 0.72439387
2936.46823412 0.72417120
2941.47073537 0.72394876
2946.47323662 0.72372655
2951.47573787 0.72350457
2956.47823912 0.72328282
2961.48074037 0.72306129
2966.48324162 0.72283999
2971.48574287 0.72261891
2976.48824412 0.72239807
2981.49074537 0.72217744
2986.49324662 0.72195704
2991.49574787 0.72173687
2996.49824912 0.72151692
3001.50075038 0.72129719
3006.50325163 0.72107768
3011.50575288 0.72085840
3016.50825413 0.72063933
3021.51075538 0.72042049
3026.51325663 0.72020187
3031.51575788 0.71998347
3036.51825913 0.71976528
3041.52076038 0.71954732
3046.52326163 0.71932957
3051.52576288 0.71911204
3056.52826413 0.71889472
3061.53076538 0.71867763
3066.53326663 0.71846075
3071.53576788 0.71824408
3076.53826913 0.71802763
3081.54077039 0.71781139
3086.54327164 0.71759537
3091.54577289 0.71737956
3096.54827414 0.71716396
3101.55077539 0.71694857
3106.55327664 0.71673340
3111.55577789 0.71651844
3116.55827914 0.71630368
3121.56078039 0.71608914
3126.56328164 0.71587481
3131.56578289 0.71566069
3136.56828414 0.71544677
3141.57078539 0.71523306
3146.57328664 0.71501957
3151.57578789 0.71480627
3156.57828914 0.71459319
3161.58079040 0.71438031
3166.58329165 0.71416764
3171.58579290 0.71395517
3176.58829415 0.71374290
3181.59079540 0.71353084
3186.59329665 0.71331899
3191.59579790 0.71310733
3196.59829915 0.71289589
3201.60080040 0.71268464
3206.60330165 0.71247359
3211.60580290 0.71226275
3216.60830415 0.71205210
3221.61080540 0.71184166
3226.61330665 0.71163142
3231.61580790 0.71142137
3236.61830915 0.71121153
3241.62081041 0.71100188
3246.62331166 0.71079243
3251.62581291 0.71058318
3256.62831416 0.71037413
3261.63081541 0.71016527
3266.63331666 0.70995661
3271.63581791 0.70974815
3276.63831916 0.70953988
3281.64082041 0.70933181
3286.64332166 0.70912393
3291.64582291 0.70891624
3296.64832416 0.70870875
3301.65082541 0.70850145
3306.65332666 0.70829435
3311.65582791 0.70808743
3316.65832916 0.70788071
3321.66083042 0.70767418
3326.66333167 0.70746784
3331.66583292 0.70726169
3336.66833417 0.70705574
3341.67083542 0.70684997
3346.67333667 0.70664439
3351.67583792 0.70643900
3356.67833917 0.70623380
3361.68084042 0.70602878
3366.68334167 0.70582396
3371.68584292 0.70561932
3376.68834417 0.70541486
3381.69084542 0.70521060
3386.69334667 0.70500652
3391.69584792 0.70480263
3396.69834917 0.70459892
3401.70085043 0.70439539
3406.70335168 0.70419205
3411.70585293 0.70398890
3416.70835418 0.70378592
3421.71085543 0.70358314
3426.71335668 0.70338053
3431.71585793 0.70317811
3436.71835918 0.70297586
3441.72086043 0.70277380
3446.72336168 0.70257192
3451.72586293 0.70237023
3456.72836418 0.70216871
3461.73086543 0.70196737
3466.73336668 0.70176621
3471.73586793 0.70156523
3476.73836918 0.70136443
3481.74087044 0.70116381
3486.74337169 0.70096337
3491.74587294 0.70076310
3496.74837419 0.70056301
3501.75087544 0.70036310
3506.75337669 0.70016337
3511.75587794 0.69996381
3516.75837919 0.69976442
3521.76088044 0.69956522
3526.76338169 0.69936618
3531.76588294 0.69916733
3536.76838419 0.69896864
3541.77088544 0.69877013
3546.77338669 0.69857180
3551.77588794 0.69837364
3556.77838919 0.69817565
3561.78089045 0.69797783
3566.78339170 0.69778019
3571.78589295 0.69758271
3576.78839420 0.69738541
3581.79089545 0.69718828
3586.79339670 0.69699132
3591.79589795 0.69679453
3596.79839920 0.69659791
3601.80090045 0.69640146
3606.80340170 0.69620518
3611.80590295 0.69600907
3616.80840420 0.69581313
3621.81090545 0.69561736
3626.81340670 0.69542175
3631.81590795 0.69522631
3636.81840920 0.69503104
3641.82091046 0.69483594
3646.82341171 0.69464100
3651.82591296 0.69444623
3656.82841421 0.69425162
3661.83091546 0.69405718
3666.83341671 0.69386291
3671.83591796 0.69366880
3676.83841921 0.69347485
3681.84092046 0.69328107
3686.84342171 0.69308745
3691.84592296 0.69289400
3696.84842421 0.69270071
3701.85092546 0.69250758
3706.85342671 0.69231462
3711.85592796 0.69212182
3716.85842921 0.69192918
3721.86093047 0.69173670
3726.86343172 0.69154438
3731.86593297 0.69135222
3736.86843422 0.69116023
3741.87093547 0.69096839
3746.87343672 0.69077672
3751.87593797 0.69058520
3756.87843922 0.69039385
3761.88094047 0.69020265
3766.88344172 0.69001161
3771.88594297 0.68982073
3776.88844422 0.68963001
3781.89094547 0.68943945
3786.89344672 0.68924904
3791.89594797 0.68905879
3796.89844922 0.68886870
3801.90095048 0.68867876
3806.90345173 0.68848898
3811.90595298 0.68829936
3816.90845423 0.68810989
3821.91095548 0.68792058
3826.91345673 0.68773142
3831.91595798 0.68754242
3836.91845923 0.68735357
3841.92096048 0.68716488
3846.92346173 0.68697634
3851.92596298 0.68678795
3856.92846423 0.68659972
3861.93096548 0.68641164
3866.93346673 0.68622371
3871.93596798 0.68603594
3876.93846923 0.68584832
3881.94097049 0.68566085
3886.94347174 0.68547353
3891.94597299 0.68528636
3896.94847424 0.68509934
3901.95097549 0.68491248
3906.95347674 0.68472576
3911.95597799 0.68453920
3916.95847924 0.68435278
3921.96098049 0.68416651
3926.96348174 0.68398040
3931.96598299 0.68379443
3936.96848424 0.68360861
3941.97098549 0.68342294
3946.97348674 0.68323742
3951.97598799 0.68305204
3956.97848924 0.68286681
3961.98099050 0.68268173
3966.98349175 0.68249680
3971.98599300 0.68231202
3976.98849425 0.68212738
3981.99099550 0.68194288
3986.99349675 0.68175853
3991.99599800 0.68157433
3996.99849925 0.68139028
4002.00100050 0.68120637
4007.00350175 0.68102260
4012.00600300 0.68083898
4017.00850425 0.68065550
4022.01100550 0.68047217
4027.01350675 0.68028898
4032.01600800 0.68010593
4037.01850925 0.67992303
4042.02101051 0.67974027
4047.02351176 0.67955765
4052.02601301 0.67937518
4057.02851426 0.67919285
4062.03101551 0.67901066
4067.03351676 0.67882861
4072.03601801 0.67864670
4077.03851926 0.67846494
4082.04102051 0.67828331
4087.04352176 0.67810183
4092.04602301 0.67792048
4097.04852426 0.67773928
4102.05102551 0.67755822
4107.05352676 0.67737729
4112.05602801 0.67719651
4117.05852926 0.67701587
4122.06103052 0.67683536
4127.06353177 0.67665499
4132.06603302 0.67647476
4137.06853427 0.67629467
4142.07103552 0.67611472
4147.07353677 0.67593490
4152.07603802 0.67575523
4157.07853927 0.67557569
4162.08104052 0.67539628
4167.08354177 0.67521701
4172.08604302 0.67503788
4177.08854427 0.67485889
4182.09104552 0.67468003
4187.09354677 0.67450131
4192.09604802 0.67432272
4197.09854927 0.67414427
4202.10105053 0.67396595
4207.10355178 0.67378777
4212.10605303 0.67360973
4217.10855428 0.67343181
4222.11105553 0.67325403
4227.11355678 0.67307639
4232.11605803 0.67289888
4237.11855928 0.67272150
4242.12106053 0.67254425
4247.12356178 0.67236714
4252.12606303 0.67219016
4257.12856428 0.67201332
4262.13106553 0.67183660
4267.13356678 0.67166002
4272.13606803 0.67148357
4277.13856928 0.67130725
4282.14107054 0.67113106
4287.14357179 0.67095501
4292.14607304 0.67077908
4297.14857429 0.67060328
4302.15107554 0.67042762
4307.15357679 0.67025209
4312.15607804 0.67007668
4317.15857929 0.66990141
4322.16108054 0.66972626
4327.16358179 0.66955124
4332.16608304 0.66937636
4337.16858429 0.66920160
4342.17108554 0.66902697
4347.17358679 0.66885247
4352.17608804 0.66867810
4357.17858929 0.66850385
4362.18109055 0.66832973
4367.18359180 0.66815574
4372.18609305 0.66798188
4377.18859430 0.66780815
4382.19109555 0.66763454
4387.19359680 0.66746106
4392.19609805 0.66728770
4397.19859930 0.66711447
4402.20110055 0.66694137
4407.20360180 0.66676839
4412.20610305 0.66659554
4417.20860430 0.66642282
4422.21110555 0.66625022
4427.21360680 0.66607774
4432.21610805 0.66590539
4437.21860930 0.66573316
4442.22111056 0.66556106
4447.22361181 0.66538908
4452.22611306 0.66521723
4457.22861431 0.66504550
4462.23111556 0.66487389
4467.23361681 0.66470241
4472.23611806 0.66453105
4477.23861931 0.66435981
4482.24112056 0.66418870
4487.24362181 0.66401771
4492.24612306 0.66384684
4497.24862431 0.66367609
4502.25112556 0.66350547
4507.25362681 0.66333496
4512.25612806 0.66316458
4517.25862931 0.66299432
4522.26113057 0.66282418
4527.26363182 0.66265416
4532.26613307 0.66248427
4537.26863432 0.66231449
4542.27113557 0.66214483
4547.27363682 0.66197530
4552.27613807 0.66180588
4557.27863932 0.66163658
4562.28114057 0.66146741
4567.28364182 0.66129835
4572.28614307 0.66112941
4577.28864432 0.66096059
4582.29114557 0.66079189
4587.29364682 0.66062331
4592.29614807 0.66045484
4597.29864932 0.66028650
4602.30115058 0.66011827
4607.30365183 0.65995016
4612.30615308 0.65978217
4617.30865433 0.65961429
4622.31115558 0.65944653
4627.31365683 0.65927889
4632.31615808 0.65911137
4637.31865933 0.65894396
4642.32116058 0.65877667
4647.32366183 0.65860950
4652.32616308 0.65844244
4657.32866433 0.65827550
4662.33116558 0.65810868
4667.33366683 0.65794197
4672.33616808 0.65777537
4677.33866933 0.65760889
4682.34117059 0.65744253
4687.34367184 0.65727628
4692.34617309 0.65711014
4697.34867434 0.65694412
4702.35117559 0.65677822
4707.35367684 0.65661242
4712.35617809 0.65644675
4717.35867934 0.65628118
4722.36118059 0.65611573
4727.36368184 0.65595040
4732.36618309 0.65578517
4737.36868434 0.65562006
4742.37118559 0.65545506
4747.37368684 0.65529018
4752.37618809 0.65512541
4757.37868934 0.65496075
4762.38119060 0.65479620
4767.38369185 0.65463176
4772.38619310 0.65446744
4777.38869435 0.65430323
4782.39119560 0.65413913
4787.39369685 0.65397514
4792.39619810 0.65381126
4797.39869935 0.65364749
4802.40120060 0.65348384
4807.40370185 0.65332029
4812.40620310 0.65315686
4817.40870435 0.65299353
4822.41120560 0.65283032
4827.41370685 0.65266721
4832.41620810 0.65250422
4837.41870935 0.65234134
4842.42121061 0.65217856
4847.42371186 0.65201589
4852.42621311 0.65185334
4857.42871436 0.65169089
4862.43121561 0.65152855
4867.43371686 0.65136632
4872.43621811 0.65120420
4877.43871936 0.65104218
4882.44122061 0.65088028
4887.44372186 0.65071848
4892.44622311 0.65055679
4897.44872436 0.65039521
4902.45122561 0.65023373
4907.45372686 0.65007237
4912.45622811 0.64991111
4917.45872936 0.64974996
4922.46123062 0.64958891
4927.46373187 0.64942797
4932.46623312 0.64926714
4937.46873437 0.64910641
4942.47123562 0.64894579
4947.47373687 0.64878528
4952.47623812 0.64862487
4957.47873937 0.64846457
4962.48124062 0.64830437
4967.48374187 0.64814428
4972.48624312 0.64798429
4977.48874437 0.64782441
4982.49124562 0.64766464
4987.49374687 0.64750496
4992.49624812 0.64734540
4997.49874937 0.64718594
5002.50125063 0.64702658
5007.50375188 0.64686733
5012.50625313 0.64670818
5017.50875438 0.64654913
5022.51125563 0.64639019
5027.51375688 0.64623135
5032.51625813 0.64607262
5037.51875938 0.64591398
5042.52126063 0.64575546
5047.52376188 0.64559703
5052.52626313 0.64543871
5057.52876438 0.64528049
5062.53126563 0.64512237
5067.53376688 0.64496436
5072.53626813 0.64480644
5077.53876938 0.64464863
5082.54127064 0.64449092
5087.54377189 0.64433332
5092.54627314 0.64417581
5097.54877439 0.64401841
5102.55127564 0.64386111
5107.55377689 0.64370390
5112.55627814 0.64354680
5117.55877939 0.64338980
5122.56128064 0.64323291
5127.56378189 0.64307611
5132.56628314 0.64291941
5137.56878439 0.64276281
5142.57128564 0.64260632
5147.57378689 0.64244992
5152.57628814 0.64229362
5157.57878939 0.64213743
5162.58129065 0.64198133
5167.58379190 0.64182533
5172.58629315 0.64166943
5177.58879440 0.64151363
5182.59129565 0.64135793
5187.59379690 0.64120233
5192.59629815 0.64104682
5197.59879940 0.64089142
5202.60130065 0.64073611
5207.60380190 0.64058091
5212.60630315 0.64042580
5217.60880440 0.64027079
5222.61130565 0.64011587
5227.61380690 0.63996106
5232.61630815 0.63980634
5237.61880940 0.63965172
5242.62131066 0.63949719
5247.62381191 0.63934277
5252.62631316 0.63918844
5257.62881441 0.63903421
5262.63131566 0.63888007
5267.63381691 0.63872603
5272.63631816 0.63857209
5277.63881941 0.63841824
5282.64132066 0.63826450
5287.64382191 0.63811084
5292.64632316 0.63795728
5297.64882441 0.63780382
5302.65132566 0.63765046
5307.65382691 0.63749719
5312.65632816 0.63734401
5317.65882941 0.63719093
5322.66133067 0.63703795
5327.66383192 0.63688506
5332.66633317 0.63673227
5337.66883442 0.63657957
5342.67133567 0.63642696
5347.67383692 0.63627445
5352.67633817 0.63612204
5357.67883942 0.63596972
5362.68134067 0.63581749
5367.68384192 0.63566535
5372.68634317 0.63551332
5377.68884442 0.63536137
5382.69134567 0.63520952
5387.69384692 0.63505776
5392.69634817 0.63490609
5397.69884942 0.63475452
5402.70135068 0.63460304
5407.70385193 0.63445166
5412.70635318 0.63430037
5417.70885443 0.63414916
5422.71135568 0.63399806
5427.71385693 0.63384704
5432.71635818 0.63369612
5437.71885943 0.63354529
5442.72136068 0.63339455
5447.72386193 0.63324390
5452.72636318 0.63309335
5457.72886443 0.63294289
5462.73136568 0.63279252
5467.73386693 0.63264224
5472.73636818 0.63249205
5477.73886943 0.63234195
5482.74137069 0.63219194
5487.74387194 0.63204203
5492.74637319 0.63189220
5497.74887444 0.63174247
5502.75137569 0.63159283
5507.75387694 0.63144328
5512.75637819 0.63129381
5517.75887944 0.63114444
5522.76138069 0.63099516
5527.76388194 0.63084597
5532.76638319 0.63069687
5537.76888444 0.63054786
5542.77138569 0.63039893
5547.77388694 0.63025010
5552.77638819 0.63010136
5557.77888944 0.62995270
5562.78139070 0.62980414
5567.78389195 0.62965566
5572.78639320 0.62950727
5577.78889445 0.62935898
5582.79139570 0.62921077
5587.79389695 0.62906265
5592.79639820 0.62891461
5597.79889945 0.62876667
5602.80140070 0.62861881
5607.80390195 0.62847105
5612.80640320 0.62832337
5617.80890445 0.62817578
5622.81140570 0.62802827
5627.81390695 0.62788085
5632.81640820 0.62773353
5637.81890945 0.62758628
5642.82141071 0.62743913
5647.82391196 0.62729206
5652.82641321 0.62714508
5657.82891446 0.62699819
5662.83141571 0.62685138
5667.83391696 0.62670466
5672.83641821 0.62655803
5677.83891946 0.62641149
5682.84142071 0.62626503
5687.84392196 0.62611865
5692.84642321 0.62597236
5697.84892446 0.62582616
5702.85142571 0.62568005
5707.85392696 0.62553402
5712.85642821 0.62538807
5717.85892946 0.62524222
5722.86143072 0.62509644
5727.86393197 0.62495076
5732.86643322 0.62480515
5737.86893447 0.62465964
5742.87143572 0.62451421
5747.87393697 0.62436886
5752.87643822 0.62422360
5757.87893947 0.62407842
5762.88144072 0.62393333
5767.88394197 0.62378832
5772.88644322 0.62364339
5777.88894447 0.62349855
5782.89144572 0.62335380
5787.89394697 0.62320913
5792.89644822 0.62306454
5797.89894947 0.62292004
5802.90145073 0.62277562
5807.90395198 0.62263128
5812.90645323 0.62248703
5817.90895448 0.62234286
5822.91145573 0.62219877
5827.91395698 0.62205477
5832.91645823 0.62191085
5837.91895948 0.62176701
5842.92146073 0.62162326
5847.92396198 0.62147959
5852.92646323 0.62133600
5857.92896448 0.62119250
5862.93146573 0.62104907
5867.93396698 0.62090573
5872.93646823 0.62076247
5877.93896948 0.62061930
5882.94147074 0.62047620
5887.94397199 0.62033319
5892.94647324 0.62019026
5897.94897449 0.62004741
5902.95147574 0.61990465
5907.95397699 0.61976196
5912.95647824 0.61961936
5917.95897949 0.61947683
5922.96148074 0.61933439
5927.96398199 0.61919203
5932.96648324 0.61904975
5937.96898449 0.61890755
5942.97148574 0.61876544
5947.97398699 0.61862340
5952.97648824 0.61848144
5957.97898949 0.61833957
5962.98149075 0.61819777
5967.98399200 0.61805606
5972.98649325 0.61791442
5977.98899450 0.61777287
5982.99149575 0.61763139
5987.99399700 0.61749000
5992.99649825 0.61734869
5997.99899950 0.61720745
6003.00150075 0.61706630
6008.00400200 0.61692522
6013.00650325 0.61678422
6018.00900450 0.61664331
6023.01150575 0.61650247
6028.01400700 0.61636171
6033.01650825 0.61622103
6038.01900950 0.61608043
6043.02151076 0.61593991
6048.02401201 0.61579947
6053.02651326 0.61565910
6058.02901451 0.61551882
6063.03151576 0.61537861
6068.03401701 0.61523848
6073.03651826 0.61509843
6078.03901951 0.61495846
6083.04152076 0.61481856
6088.04402201 0.61467875
6093.04652326 0.61453901
6098.04902451 0.61439935
6103.05152576 0.61425976
6108.05402701 0.61412026
6113.05652826 0.61398083
6118.05902951 0.61384148
6123.06153077 0.61370221
6128.06403202 0.61356301
6133.06653327 0.61342389
6138.06903452 0.61328485
6143.07153577 0.61314589
6148.07403702 0.61300700
6153.07653827 0.61286819
6158.07903952 0.61272945
6163.08154077 0.61259079
6168.08404202 0.61245221
6173.08654327 0.61231371
6178.08904452 0.61217528
6183.09154577 0.61203693
6188.09404702 0.61189865
6193.09654827 0.61176045
6198.09904952 0.61162232
6203.10155078 0.61148428
6208.10405203 0.61134630
6213.10655328 0.61120841
6218.10905453 0.61107058
6223.11155578 0.61093284
6228.11405703 0.61079517
6233.11655828 0.61065757
6238.11905953 0.61052005
6243.12156078 0.61038261
6248.12406203 0.61024524
6253.12656328 0.61010794
6258.12906453 0.60997072
6263.13156578 0.60983358
6268.13406703 0.60969650
6273.13656828 0.60955951
6278.13906953 0.60942259
6283.14157079 0.60928574
6288.14407204 0.60914897
6293.14657329 0.60901227
6298.14907454 0.60887564
6303.15157579 0.60873909
6308.15407704 0.60860262
6313.15657829 0.60846621
6318.15907954 0.60832988
6323.16158079 0.60819363
6328.16408204 0.60805745
6333.16658329 0.60792134
6338.16908454 0.60778530
6343.17158579 0.60764934
6348.17408704 0.60751345
6353.17658829 0.60737764
6358.17908954 0.60724190
6363.18159080 0.60710623
6368.18409205 0.60697063
6373.18659330 0.60683511
6378.18909455 0.60669966
6383.19159580 0.60656428
6388.19409705 0.60642898
6393.19659830 0.60629375
6398.19909955 0.60615859
6403.20160080 0.60602350
6408.20410205 0.60588848
6413.20660330 0.60575354
6418.20910455 0.60561867
6423.21160580 0.60548387
6428.21410705 0.60534914
6433.21660830 0.60521449
6438.21910955 0.60507990
6443.22161081 0.60494539
6448.22411206 0.60481095
6453.22661331 0.60467658
6458.22911456 0.60454228
6463.23161581 0.60440806
6468.23411706 0.60427390
6473.23661831 0.60413982
6478.23911956 0.60400581
6483.24162081 0.60387187
6488.24412206 0.60373799
6493.24662331 0.60360419
6498.24912456 0.60347047
6503.25162581 0.60333681
6508.25412706 0.60320322
6513.25662831 0.60306970
6518.25912956 0.60293626
6523.26163082 0.60280288
6528.26413207 0.60266957
6533.26663332 0.60253634
6538.26913457 0.60240317
6543.27163582 0.60227008
6548.27413707 0.60213705
6553.27663832 0.60200409
6558.27913957 0.60187121
6563.28164082 0.60173839
6568.28414207 0.60160564
6573.28664332 0.60147297
6578.28914457 0.60134036
6583.29164582 0.60120782
6588.29414707 0.60107535
6593.29664832 0.60094295
6598.29914957 0.60081062
6603.30165083 0.60067836
6608.30415208 0.60054617
6613.30665333 0.60041404
6618.30915458 0.60028199
6623.31165583 0.60015000
6628.31415708 0.60001809
6633.31665833 0.59988624
6638.31915958 0.59975446
6643.32166083 0.59962275
6648.32416208 0.59949110
6653.32666333 0.59935953
6658.32916458 0.59922802
6663.33166583 0.59909658
6668.33416708 0.59896521
6673.33666833 0.59883391
6678.33916958 0.59870268
6683.34167084 0.59857151
6688.34417209 0.59844041
6693.34667334 0.59830938
6698.34917459 0.59817842
6703.35167584 0.59804752
6708.35417709 0.59791669
6713.35667834 0.59778593
6718.35917959 0.59765524
6723.36168084 0.59752461
6728.36418209 0.59739405
6733.36668334 0.59726356
6738.36918459 0.59713314
6743.37168584 0.59700278
6748.37418709 0.59687249
6753.37668834 0.59674226
6758.37918959 0.59661210
6763.38169085 0.59648201
6768.38419210 0.59635199
6773.38669335 0.59622203
6778.38919460 0.59609214
6783.39169585 0.59596231
6788.39419710 0.59583256
6793.39669835 0.59570286
6798.39919960 0.59557324
6803.40170085 0.59544368
6808.40420210 0.59531418
6813.40670335 0.59518475
6818.40920460 0.59505539
6823.41170585 0.59492609
6828.41420710 0.59479686
6833.41670835 0.59466770
6838.41920960 0.59453860
6843.42171086 0.59440956
6848.42421211 0.59428059
6853.42671336 0.59415169
6858.42921461 0.59402285
6863.43171586 0.59389408
6868.43421711 0.59376537
6873.43671836 0.59363673
6878.43921961 0.59350815
6883.44172086 0.59337964
6888.44422211 0.59325119
6893.44672336 0.59312281
6898.44922461 0.59299449
6903.45172586 0.59286623
6908.45422711 0.59273805
6913.45672836 0.59260992
6918.45922961 0.59248186
6923.46173087 0.59235386
6928.46423212 0.59222593
6933.46673337 0.59209807
6938.46923462 0.59197026
6943.47173587 0.59184252
6948.47423712 0.59171485
6953.47673837 0.59158724
6958.47923962 0.59145969
6963.48174087 0.59133221
6968.48424212 0.59120479
6973.48674337 0.59107743
6978.48924462 0.59095014
6983.49174587 0.59082291
6988.49424712 0.59069574
6993.49674837 0.59056864
6998.49924962 0.59044160
7003.50175088 0.59031463
7008.50425213 0.59018771
7013.50675338 0.59006087
7018.50925463 0.58993408
7023.51175588 0.58980736
7028.51425713 0.58968070
7033.51675838 0.58955410
7038.51925963 0.58942757
7043.52176088 0.58930109
7048.52426213 0.58917468
7053.52676338 0.58904834
7058.52926463 0.58892205
7063.53176588 0.58879583
7068.53426713 0.58866967
7073.53676838 0.58854358
7078.53926963 0.58841754
7083.54177089 0.58829157
7088.54427214 0.58816566
7093.54677339 0.58803981
7098.54927464 0.58791403
7103.55177589 0.58778830
7108.55427714 0.58766264
7113.55677839 0.58753704
7118.55927964 0.58741150
7123.56178089 0.58728603
7128.56428214 0.58716061
7133.56678339 0.58703526
7138.56928464 0.58690996
7143.57178589 0.58678473
7148.57428714 0.58665956
7153.57678839 0.58653446
7158.57928964 0.58640941
7163.58179090 0.58628442
7168.58429215 0.58615950
7173.58679340 0.58603463
7178.58929465 0.58590983
7183.59179590 0.58578509
7188.59429715 0.58566041
7193.59679840 0.58553579
7198.59929965 0.58541123
7203.60180090 0.58528673
7208.60430215 0.58516229
7213.60680340 0.58503792
7218.60930465 0.58491360
7223.61180590 0.58478934
7228.61430715 0.58466515
7233.61680840 0.58454101
7238.61930965 0.58441693
7243.62181091 0.58429292
7248.62431216 0.58416896
7253.62681341 0.58404507
7258.62931466 0.58392123
7263.63181591 0.58379746
7268.63431716 0.58367374
7273.63681841 0.58355008
7278.63931966 0.58342649
7283.64182091 0.58330295
7288.64432216 0.58317947
7293.64682341 0.58305606
7298.64932466 0.58293270
7303.65182591 0.58280940
7308.65432716 0.58268616
7313.65682841 0.58256298
7318.65932966 0.58243986
7323.66183092 0.58231680
7328.66433217 0.58219379
7333.66683342 0.58207085
7338.66933467 0.58194797
7343.67183592 0.58182514
7348.67433717 0.58170237
7353.67683842 0.58157967
7358.67933967 0.58145702
7363.68184092 0.58133443
7368.68434217 0.58121190
7373.68684342 0.58108942
7378.68934467 0.58096701
7383.69184592 0.58084465
7388.69434717 0.58072235
7393.69684842 0.58060011
7398.69934967 0.58047793
7403.70185093 0.58035581
7408.70435218 0.58023374
7413.70685343 0.58011174
7418.70935468 0.57998979
7423.71185593 0.57986790
7428.71435718 0.57974607
7433.71685843 0.57962429
7438.71935968 0.57950257
7443.72186093 0.57938091
7448.72436218 0.57925931
7453.72686343 0.57913777
7458.72936468 0.57901628
7463.73186593 0.57889485
7468.73436718 0.57877348
7473.73686843 0.57865217
7478.73936968 0.57853091
7483.74187094 0.57840971
7488.74437219 0.57828857
7493.74687344 0.57816748
7498.74937469 0.57804645
7503.75187594 0.57792548
7508.75437719 0.57780457
7513.75687844 0.57768371
7518.75937969 0.57756291
7523.76188094 0.57744217
7528.76438219 0.57732148
7533.76688344 0.57720085
7538.76938469 0.57708028
7543.77188594 0.57695976
7548.77438719 0.57683930
7553.77688844 0.57671890
7558.77938969 0.57659855
7563.78189095 0.57647826
7568.78439220 0.57635803
7573.78689345 0.57623785
7578.78939470 0.57611773
7583.79189595 0.57599766
7588.79439720 0.57587765
7593.79689845 0.57575770
7598.79939970 0.57563780
7603.80190095 0.57551796
7608.80440220 0.57539817
7613.80690345 0.57527844
7618.80940470 0.57515877
7623.81190595 0.57503915
7628.81440720 0.57491958
7633.81690845 0.57480008
7638.81940970 0.57468063
7643.82191096 0.57456123
7648.82441221 0.57444189
7653.82691346 0.57432260
7658.82941471 0.57420337
7663.83191596 0.57408420
7668.83441721 0.57396508
7673.83691846 0.57384601
7678.83941971 0.57372700
7683.84192096 0.57360805
7688.84442221 0.57348915
7693.84692346 0.57337030
7698.84942471 0.57325152
7703.85192596 0.57313278
7708.85442721 0.57301410
7713.85692846 0.57289548
7718.85942971 0.57277690
7723.86193097 0.57265839
7728.86443222 0.57253993
7733.86693347 0.57242152
7738.86943472 0.57230317
7743.87193597 0.57218487
7748.87443722 0.57206663
7753.87693847 0.57194844
7758.87943972 0.57183030
7763.88194097 0.57171222
7768.88444222 0.57159419
7773.88694347 0.57147622
7778.88944472 0.57135830
7783.89194597 0.57124044
7788.89444722 0.57112263
7793.89694847 0.57100487
7798.89944972 0.57088717
7803.90195098 0.57076952
7808.90445223 0.57065192
7813.90695348 0.57053438
7818.90945473 0.57041689
7823.91195598 0.57029946
7828.91445723 0.57018208
7833.91695848 0.57006475
7838.91945973 0.56994748
7843.92196098 0.56983026
7848.92446223 0.56971309
7853.92696348 0.56959598
7858.92946473 0.56947891
7863.93196598 0.56936191
7868.93446723 0.56924495
7873.93696848 0.56912805
7878.93946973 0.56901120
7883.94197099 0.56889441
7888.94447224 0.56877766
7893.94697349 0.56866097
7898.94947474 0.56854434
7903.95197599 0.56842775
7908.95447724 0.56831122
7913.95697849 0.56819474
7918.95947974 0.56807832
7923.96198099 0.56796194
7928.96448224 0.56784562
7933.96698349 0.56772935
7938.96948474 0.56761314
7943.97198599 0.56749697
7948.97448724 0.56738086
7953.97698849 0.56726480
7958.97948974 0.56714880
7963.98199100 0.56703284
7968.98449225 0.56691694
7973.98699350 0.56680109
7978.98949475 0.56668529
7983.99199600 0.56656954
7988.99449725 0.56645385
7993.99699850 0.56633820
7998.99949975 0.56622261
8004.00200100 0.56610707
8009.00450225 0.56599159
8014.00700350 0.56587615
8019.00950475 0.56576077
8024.01200600 0.56564543
8029.01450725 0.56553015
8034.01700850 0.56541492
8039.01950975 0.56529974
8044.02201101 0.56518462
8049.02451226 0.56506954
8054.02701351 0.56495452
8059.02951476 0.56483954
8064.03201601 0.56472462
8069.03451726 0.56460975
8074.03701851 0.56449493
8079.03951976 0.56438016
8084.04202101 0.56426545
8089.04452226 0.56415078
8094.04702351 0.56403616
8099.04952476 0.56392160
8104.05202601 0.56380708
8109.05452726 0.56369262
8114.05702851 0.56357821
8119.05952976 0.56346385
8124.06203102 0.56334954
8129.06453227 0.56323527
8134.06703352 0.56312106
8139.06953477 0.56300690
8144.07203602 0.56289280
8149.07453727 0.56277874
8154.07703852 0.56266473
8159.07953977 0.56255077
8164.08204102 0.56243686
8169.08454227 0.56232300
8174.08704352 0.56220920
8179.08954477 0.56209544
8184.09204602 0.56198173
8189.09454727 0.56186807
8194.09704852 0.56175447
8199.09954977 0.56164091
8204.10205103 0.56152740
8209.10455228 0.56141394
8214.10705353 0.56130054
8219.10955478 0.56118718
8224.11205603 0.56107387
8229.11455728 0.56096061
8234.11705853 0.56084740
8239.11955978 0.56073424
8244.12206103 0.56062113
8249.12456228 0.56050807
8254.12706353 0.56039506
8259.12956478 0.56028210
8264.13206603 0.56016918
8269.13456728 0.56005632
8274.13706853 0.55994351
8279.13956978 0.55983074
8284.14207104 0.55971803
8289.14457229 0.55960536
8294.14707354 0.55949274
8299.14957479 0.55938017
8304.15207604 0.55926765
8309.15457729 0.55915518
8314.15707854 0.55904276
8319.15957979 0.55893039
8324.16208104 0.55881807
8329.16458229 0.55870579
8334.16708354 0.55859356
8339.16958479 0.55848139
8344.17208604 0.55836926
8349.17458729 0.55825718
8354.17708854 0.55814514
8359.17958979 0.55803316
8364.18209105 0.55792122
8369.18459230 0.55780934
8374.18709355 0.55769750
8379.18959480 0.55758571
8384.19209605 0.55747397
8389.19459730 0.55736227
8394.19709855 0.55725063
8399.19959980 0.55713903
8404.20210105 0.55702748
8409.20460230 0.55691598
8414.20710355 0.55680453
8419.20960480 0.55669312
8424.21210605 0.55658176
8429.21460730 0.55647046
8434.21710855 0.55635919
8439.21960980 0.55624798
8444.22211106 0.55613681
8449.22461231 0.55602570
8454.22711356 0.55591463
8459.22961481 0.55580360
8464.23211606 0.55569263
8469.23461731 0.55558170
8474.23711856 0.55547082
8479.23961981 0.55535999
8484.24212106 0.55524920
8489.24462231 0.55513846
8494.24712356 0.55502777
8499.24962481 0.55491713
8504.25212606 0.55480653
8509.25462731 0.55469598
8514.25712856 0.55458548
8519.25962981 0.55447503
8524.26213107 0.55436462
8529.26463232 0.55425426
8534.26713357 0.55414394
8539.26963482 0.55403368
8544.27213607 0.55392346
8549.27463732 0.55381329
8554.27713857 0.55370316
8559.27963982 0.55359308
8564.28214107 0.55348305
8569.28464232 0.55337306
8574.28714357 0.55326312
8579.28964482 0.55315323
8584.29214607 0.55304338
8589.29464732 0.55293358
8594.29714857 0.55282383
8599.29964982 0.55271413
8604.30215108 0.55260447
8609.30465233 0.55249485
8614.30715358 0.55238528
8619.30965483 0.55227576
8624.31215608 0.55216629
8629.31465733 0.55205686
8634.31715858 0.55194748
8639.31965983 0.55183814
8644.32216108 0.55172885
8649.32466233 0.55161961
8654.32716358 0.55151041
8659.32966483 0.55140126
8664.33216608 0.55129215
8669.33466733 0.55118309
8674.33716858 0.55107408
8679.33966983 0.55096511
8684.34217109 0.55085619
8689.34467234 0.55074731
8694.34717359 0.55063848
8699.34967484 0.55052969
8704.35217609 0.55042095
8709.35467734 0.55031226
8714.35717859 0.55020361
8719.35967984 0.55009500
8724.36218109 0.54998645
8729.36468234 0.54987793
8734.36718359 0.54976947
8739.36968484 0.54966104
8744.37218609 0.54955267
8749.37468734 0.54944434
8754.37718859 0.54933605
8759.37968984 0.54922781
8764.38219110 0.54911961
8769.38469235 0.54901146
8774.38719360 0.54890336
8779.38969485 0.54879530
8784.39219610 0.54868728
8789.39469735 0.54857931
8794.39719860 0.54847138
8799.39969985 0.54836350
8804.40220110 0.54825567
8809.40470235 0.54814788
8814.40720360 0.54804013
8819.40970485 0.54793243
8824.41220610 0.54782477
8829.41470735 0.54771716
8834.41720860 0.54760959
8839.41970985 0.54750207
8844.42221111 0.54739459
8849.42471236 0.54728716
8854.42721361 0.54717977
8859.42971486 0.54707242
8864.43221611 0.54696512
8869.43471736 0.54685786
8874.43721861 0.54675065
8879.43971986 0.54664348
8884.44222111 0.54653636
8889.44472236 0.54642928
8894.44722361 0.54632224
8899.44972486 0.54621525
8904.45222611 0.54610830
8909.45472736 0.54600140
8914.45722861 0.54589454
8919.45972986 0.54578773
8924.46223112 0.54568095
8929.46473237 0.54557423
8934.46723362 0.54546754
8939.46973487 0.54536090
8944.47223612 0.54525431
8949.47473737 0.54514775
8954.47723862 0.54504125
8959.47973987 0.54493478
8964.48224112 0.54482836
8969.48474237 0.54472198
8974.48724362 0.54461565
8979.48974487 0.54450936
8984.49224612 0.54440311
8989.49474737 0.54429691
8994.49724862 0.54419075
8999.49974987 0.54408463
9004.50225113 0.54397855
9009.50475238 0.54387252
9014.50725363 0.54376654
9019.50975488 0.54366059
9024.51225613 0.54355469
9029.51475738 0.54344884
9034.51725863 0.54334302
9039.51975988 0.54323725
9044.52226113 0.54313152
9049.52476238 0.54302584
9054.52726363 0.54292019
9059.52976488 0.54281459
9064.53226613 0.54270904
9069.53476738 0.54260352
9074.53726863 0.54249805
9079.53976988 0.54239263
9084.54227114 0.54228724
9089.54477239 0.54218190
9094.54727364 0.54207660
9099.54977489 0.54197134
9104.55227614 0.54186613
9109.55477739 0.54176095
9114.55727864 0.54165582
9119.55977989 0.54155074
9124.56228114 0.54144569
9129.56478239 0.54134069
9134.56728364 0.54123573
9139.56978489 0.54113081
9144.57228614 0.54102594
9149.57478739 0.54092111
9154.57728864 0.54081632
9159.57978989 0.54071157
9164.58229115 0.54060686
9169.58479240 0.54050220
9174.58729365 0.54039758
9179.58979490 0.54029300
9184.59229615 0.54018846
9189.59479740 0.54008396
9194.59729865 0.53997951
9199.59979990 0.53987510
9204.60230115 0.53977073
9209.60480240 0.53966640
9214.60730365 0.53956212
9219.60980490 0.53945787
9224.61230615 0.53935367
9229.61480740 0.53924951
9234.61730865 0.53914539
9239.61980990 0.53904131
9244.62231116 0.53893728
9249.62481241 0.53883328
9254.62731366 0.53872933
9259.62981491 0.53862542
9264.63231616 0.53852155
9269.63481741 0.53841772
9274.63731866 0.53831394
9279.63981991 0.53821019
9284.64232116 0.53810649
9289.64482241 0.53800283
9294.64732366 0.53789920
9299.64982491 0.53779562
9304.65232616 0.53769209
9309.65482741 0.53758859
9314.65732866 0.53748513
9319.65982991 0.53738172
9324.66233117 0.53727834
9329.66483242 0.53717501
9334.66733367 0.53707172
9339.66983492 0.53696847
9344.67233617 0.53686526
9349.67483742 0.53676209
9354.67733867 0.53665896
9359.67983992 0.53655587
9364.68234117 0.53645283
9369.68484242 0.53634982
9374.68734367 0.53624686
9379.68984492 0.53614393
9384.69234617 0.53604105
9389.69484742 0.53593821
9394.69734867 0.53583541
9399.69984992 0.53573264
9404.70235118 0.53562992
9409.70485243 0.53552724
9414.70735368 0.53542460
9419.70985493 0.53532200
9424.71235618 0.53521945
9429.71485743 0.53511693
9434.71735868 0.53501445
9439.71985993 0.53491201
9444.72236118 0.53480961
9449.72486243 0.53470726
9454.72736368 0.53460494
9459.72986493 0.53450266
9464.73236618 0.53440043
9469.73486743 0.53429823
9474.73736868 0.53419607
9479.73986993 0.53409396
9484.74237119 0.53399188
9489.74487244 0.53388985
9494.74737369 0.53378785
9499.74987494 0.53368589
9504.75237619 0.53358398
9509.75487744 0.53348210
9514.75737869 0.53338026
9519.75987994 0.53327847
9524.76238119 0.53317671
9529.76488244 0.53307499
9534.76738369 0.53297332
9539.76988494 0.53287168
9544.77238619 0.53277008
9549.77488744 0.53266852
9554.77738869 0.53256700
9559.77988994 0.53246553
9564.78239120 0.53236409
9569.78489245 0.53226269
9574.78739370 0.53216133
9579.78989495 0.53206000
9584.79239620 0.53195872
9589.79489745 0.53185748
9594.79739870 0.53175628
9599.79989995 0.53165511
9604.80240120 0.53155399
9609.80490245 0.53145290
9614.80740370 0.53135186
9619.80990495 0.53125085
9624.81240620 0.53114988
9629.81490745 0.53104896
9634.81740870 0.53094807
9639.81990995 0.53084722
9644.82241121 0.53074641
9649.82491246 0.53064563
9654.82741371 0.53054490
9659.82991496 0.53044421
9664.83241621 0.53034355
9669.83491746 0.53024293
9674.83741871 0.53014236
9679.83991996 0.53004182
9684.84242121 0.52994132
9689.84492246 0.52984086
9694.84742371 0.52974044
9699.84992496 0.52964005
9704.85242621 0.52953971
9709.85492746 0.52943940
9714.85742871 0.52933913
9719.85992996 0.52923890
9724.86243122 0.52913871
9729.86493247 0.52903856
9734.86743372 0.52893845
9739.86993497 0.52883837
9744.87243622 0.52873834
9749.87493747 0.52863834
9754.87743872 0.52853838
9759.87993997 0.52843846
9764.88244122 0.52833857
9769.88494247 0.52823873
9774.88744372 0.52813892
9779.88994497 0.52803916
9784.89244622 0.52793943
9789.89494747 0.52783973
9794.89744872 0.52774008
9799.89994997 0.52764046
9804.90245123 0.52754089
9809.90495248 0.52744135
9814.90745373 0.52734185
9819.90995498 0.52724238
9824.91245623 0.52714296
9829.91495748 0.52704357
9834.91745873 0.52694422
9839.91995998 0.52684491
9844.92246123 0.52674563
9849.92496248 0.52664640
9854.92746373 0.52654720
9859.92996498 0.52644804
9864.93246623 0.52634892
9869.93496748 0.52624983
9874.93746873 0.52615078
9879.93996998 0.52605177
9884.94247124 0.52595280
9889.94497249 0.52585387
9894.94747374 0.52575497
9899.94997499 0.52565611
9904.95247624 0.52555729
9909.95497749 0.52545850
9914.95747874 0.52535976
9919.95997999 0.52526105
9924.96248124 0.52516238
9929.96498249 0.52506374
9934.96748374 0.52496514
9939.96998499 0.52486658
9944.97248624 0.52476806
9949.97498749 0.52466957
9954.97748874 0.52457113
9959.97998999 0.52447271
9964.98249125 0.52437434
9969.98499250 0.52427600
9974.98749375 0.52417770
9979.98999500 0.52407944
9984.99249625 0.52398121
9989.99499750 0.52388302
9994.99749875 0.52378487
10000.00000000 0.52368676
