0.00000000 1.00000000
5.00250125 0.99859165
10.00500250 0.99734125
15.00750375 0.99620236
20.01000500 0.99514669
25.01250625 0.99415598
30.01500750 0.99321779
35.01750875 0.99232325
40.02001001 0.99146580
45.02251126 0.99064037
50.02501251 0.98984298
55.02751376 0.98907044
60.03001501 0.98832010
65.03251626 0.98758979
70.03501751 0.98687766
75.03751876 0.98618216
80.04002001 0.98550193
85.04252126 0.98483582
90.04502251 0.98418279
95.04752376 0.98354196
100.05002501 0.98291254
105.05252626 0.98229383
110.05502751 0.98168519
115.05752876 0.98108607
120.06003002 0.98049594
125.06253127 0.97991436
130.06503252 0.97934090
135.06753377 0.97877517
140.07003502 0.97821683
145.07253627 0.97766554
150.07503752 0.97712102
155.07753877 0.97658297
160.08004002 0.97605116
165.08254127 0.97552533
170.08504252 0.97500527
175.08754377 0.97449077
180.09004502 0.97398162
185.09254627 0.97347766
190.09504752 0.97297869
195.09754877 0.97248458
200.10005003 0.97199515
205.10255128 0.97151026
210.10505253 0.97102979
215.10755378 0.97055359
220.11005503 0.97008154
225.11255628 0.96961353
230.11505753 0.96914945
235.11755878 0.96868918
240.12006003 0.96823263
245.12256128 0.96777970
250.12506253 0.96733029
255.12756378 0.96688433
260.13006503 0.96644172
265.13256628 0.96600238
270.13506753 0.96556623
275.13756878 0.96513321
280.14007004 0.96470323
285.14257129 0.96427623
290.14507254 0.96385215
295.14757379 0.96343091
300.15007504 0.96301246
305.15257629 0.96259674
310.15507754 0.96218369
315.15757879 0.96177326
320.16008004 0.96136539
325.16258129 0.96096003
330.16508254 0.96055713
335.16758379 0.96015665
340.17008504 0.95975854
345.17258629 0.95936275
350.17508754 0.95896923
355.17758879 0.95857796
360.18009005 0.95818889
365.18259130 0.95780197
370.18509255 0.95741717
375.18759380 0.95703445
380.19009505 0.95665378
385.19259630 0.95627513
390.19509755 0.95589845
395.19759880 0.95552371
400.20010005 0.95515089
405.20260130 0.95477995
410.20510255 0.95441086
415.20760380 0.95404360
420.21010505 0.95367813
425.21260630 0.95331442
430.21510755 0.95295245
435.21760880 0.95259220
440.22011006 0.95223363
445.22261131 0.95187672
450.22511256 0.95152145
455.22761381 0.95116780
460.23011506 0.95081573
465.23261631 0.95046524
470.23511756 0.95011628
475.23761881 0.94976885
480.24012006 0.94942293
485.24262131 0.94907849
490.24512256 0.94873550
495.24762381 0.94839397
500.25012506 0.94805385
505.25262631 0.94771514
510.25512756 0.94737782
515.25762881 0.94704186
520.26013007 0.94670726
525.26263132 0.94637399
530.26513257 0.94604204
535.26763382 0.94571139
540.27013507 0.94538202
545.27263632 0.94505393
550.27513757 0.94472708
555.27763882 0.94440148
560.28014007 0.94407710
565.28264132 0.94375393
570.28514257 0.94343195
575.28764382 0.94311116
580.29014507 0.94279154
585.29264632 0.94247307
590.29514757 0.94215574
595.29764882 0.94183954
600.30015008 0.94152445
605.30265133 0.94121047
610.30515258 0.94089759
615.30765383 0.94058578
620.31015508 0.94027504
625.31265633 0.93996536
630.31515758 0.93965672
635.31765883 0.93934912
640.32016008 0.93904254
645.32266133 0.93873698
650.32516258 0.93843241
655.32766383 0.93812885
660.33016508 0.93782626
665.33266633 0.93752465
670.33516758 0.93722399
675.33766883 0.93692430
680.34017009 0.93662554
685.34267134 0.93632772
690.34517259 0.93603083
695.34767384 0.93573485
700.35017509 0.93543979
705.35267634 0.93514562
710.35517759 0.93485234
715.35767884 0.93455994
720.36018009 0.93426842
725.36268134 0.93397776
730.36518259 0.93368797
735.36768384 0.93339902
740.37018509 0.93311092
745.37268634 0.93282365
750.37518759 0.93253721
755.37768884 0.93225158
760.38019010 0.93196678
765.38269135 0.93168277
770.38519260 0.93139957
775.38769385 0.93111716
780.39019510 0.93083553
785.39269635 0.93055468
790.39519760 0.93027460
795.39769885 0.92999529
800.40020010 0.92971674
805.40270135 0.92943894
810.40520260 0.92916188
815.40770385 0.92888557
820.41020510 0.92860999
825.41270635 0.92833513
830.41520760 0.92806100
835.41770885 0.92778759
840.42021011 0.92751489
845.42271136 0.92724289
850.42521261 0.92697159
855.42771386 0.92670098
860.43021511 0.92643106
865.43271636 0.92616183
870.43521761 0.92589327
875.43771886 0.92562538
880.44022011 0.92535817
885.44272136 0.92509161
890.44522261 0.92482571
895.44772386 0.92456047
900.45022511 0.92429587
905.45272636 0.92403191
910.45522761 0.92376859
915.45772886 0.92350591
920.46023012 0.92324385
925.46273137 0.92298242
930.46523262 0.92272160
935.46773387 0.92246140
940.47023512 0.92220182
945.47273637 0.92194283
950.47523762 0.92168445
955.47773887 0.92142667
960.48024012 0.92116948
965.48274137 0.92091288
970.48524262 0.92065686
975.48774387 0.92040143
980.49024512 0.92014657
985.49274637 0.91989229
990.49524762 0.91963857
995.49774887 0.91938542
1000.50025013 0.91913284
1005.50275138 0.91888081
1010.50525263 0.91862933
1015.50775388 0.91837840
1020.51025513 0.91812802
1025.51275638 0.91787819
1030.51525763 0.91762889
1035.51775888 0.91738013
1040.52026013 0.91713190
1045.52276138 0.91688420
1050.52526263 0.91663703
1055.52776388 0.91639038
1060.53026513 0.91614425
1065.53276638 0.91589863
1070.53526763 0.91565353
1075.53776888 0.91540893
1080.54027014 0.91516484
1085.54277139 0.91492126
1090.54527264 0.91467817
1095.54777389 0.91443558
1100.55027514 0.91419348
1105.55277639 0.91395188
1110.55527764 0.91371076
1115.55777889 0.91347013
1120.56028014 0.91322998
1125.56278139 0.91299031
1130.56528264 0.91275111
1135.56778389 0.91251239
1140.57028514 0.91227413
1145.57278639 0.91203635
1150.57528764 0.91179903
1155.57778889 0.91156217
1160.58029015 0.91132577
1165.58279140 0.91108983
1170.58529265 0.91085434
1175.58779390 0.91061930
1180.59029515 0.91038471
1185.59279640 0.91015057
1190.59529765 0.90991688
1195.59779890 0.90968362
1200.60030015 0.90945080
1205.60280140 0.90921842
1210.60530265 0.90898647
1215.60780390 0.90875496
1220.61030515 0.90852387
1225.61280640 0.90829321
1230.61530765 0.90806297
1235.61780890 0.90783316
1240.62031016 0.90760377
1245.62281141 0.90737479
1250.62531266 0.90714623
1255.62781391 0.90691808
1260.63031516 0.90669034
1265.63281641 0.90646301
1270.63531766 0.90623609
1275.63781891 0.90600957
1280.64032016 0.90578345
1285.64282141 0.90555774
1290.64532266 0.90533242
1295.64782391 0.90510750
1300.65032516 0.90488297
1305.65282641 0.90465883
1310.65532766 0.90443508
1315.65782891 0.90421172
1320.66033017 0.90398874
1325.66283142 0.90376615
1330.66533267 0.90354394
1335.66783392 0.90332211
1340.67033517 0.90310066
1345.67283642 0.90287959
1350.67533767 0.90265888
1355.67783892 0.90243856
1360.68034017 0.90221860
1365.68284142 0.90199901
1370.68534267 0.90177978
1375.68784392 0.90156092
1380.69034517 0.90134243
1385.69284642 0.90112429
1390.69534767 0.90090652
1395.69784892 0.90068910
1400.70035018 0.90047204
1405.70285143 0.90025533
1410.70535268 0.90003897
1415.70785393 0.89982297
1420.71035518 0.89960732
1425.71285643 0.89939201
1430.71535768 0.89917705
1435.71785893 0.89896243
1440.72036018 0.89874816
1445.72286143 0.89853423
1450.72536268 0.89832063
1455.72786393 0.89810738
1460.73036518 0.89789446
1465.73286643 0.89768188
1470.73536768 0.89746963
1475.73786893 0.89725771
1480.74037019 0.89704612
1485.74287144 0.89683486
1490.74537269 0.89662392
1495.74787394 0.89641332
1500.75037519 0.89620303
1505.75287644 0.89599307
1510.75537769 0.89578344
1515.75787894 0.89557412
1520.76038019 0.89536512
1525.76288144 0.89515643
1530.76538269 0.89494806
1535.76788394 0.89474001
1540.77038519 0.89453227
1545.77288644 0.89432484
1550.77538769 0.89411772
1555.77788894 0.89391091
1560.78039020 0.89370441
1565.78289145 0.89349821
1570.78539270 0.89329232
1575.78789395 0.89308673
1580.79039520 0.89288145
1585.79289645 0.89267646
1590.79539770 0.89247177
1595.79789895 0.89226739
1600.80040020 0.89206330
1605.80290145 0.89185950
1610.80540270 0.89165600
1615.80790395 0.89145279
1620.81040520 0.89124988
1625.81290645 0.89104725
1630.81540770 0.89084492
1635.81790895 0.89064287
1640.82041021 0.89044111
1645.82291146 0.89023964
1650.82541271 0.89003845
1655.82791396 0.88983755
1660.83041521 0.88963693
1665.83291646 0.88943659
1670.83541771 0.88923653
1675.83791896 0.88903675
1680.84042021 0.88883724
1685.84292146 0.88863802
1690.84542271 0.88843907
1695.84792396 0.88824039
1700.85042521 0.88804199
1705.85292646 0.88784386
1710.85542771 0.88764600
1715.85792896 0.88744841
1720.86043022 0.88725109
1725.86293147 0.88705404
1730.86543272 0.88685726
1735.86793397 0.88666074
1740.87043522 0.88646449
1745.87293647 0.88626850
1750.87543772 0.88607277
1755.87793897 0.88587731
1760.88044022 0.88568211
1765.88294147 0.88548716
1770.88544272 0.88529248
1775.88794397 0.88509805
1780.89044522 0.88490388
1785.89294647 0.88470997
1790.89544772 0.88451631
1795.89794897 0.88432291
1800.90045023 0.88412976
1805.90295148 0.88393686
1810.90545273 0.88374421
1815.90795398 0.88355181
1820.91045523 0.88335967
1825.91295648 0.88316777
1830.91545773 0.88297611
1835.91795898 0.88278471
1840.92046023 0.88259355
1845.92296148 0.88240263
1850.92546273 0.88221196
1855.92796398 0.88202153
1860.93046523 0.88183135
1865.93296648 0.88164140
1870.93546773 0.88145169
1875.93796898 0.88126223
1880.94047024 0.88107300
1885.94297149 0.88088401
1890.94547274 0.88069526
1895.94797399 0.88050674
1900.95047524 0.88031846
1905.95297649 0.88013041
1910.95547774 0.87994260
1915.95797899 0.87975502
1920.96048024 0.87956767
1925.96298149 0.87938055
1930.96548274 0.87919366
1935.96798399 0.87900700
1940.97048524 0.87882057
1945.97298649 0.87863437
1950.97548774 0.87844839
1955.97798899 0.87826264
1960.98049025 0.87807712
1965.98299150 0.87789182
1970.98549275 0.87770674
1975.98799400 0.87752189
1980.99049525 0.87733726
1985.99299650 0.87715285
1990.99549775 0.87696866
1995.99799900 0.87678469
2001.00050025 0.87660094
2006.00300150 0.87641741
2011.00550275 0.87623410
2016.00800400 0.87605100
2021.01050525 0.87586812
2026.01300650 0.87568546
2031.01550775 0.87550301
2036.01800900 0.87532077
2041.02051026 0.87513875
2046.02301151 0.87495694
2051.02551276 0.87477534
2056.02801401 0.87459396
2061.03051526 0.87441278
2066.03301651 0.87423182
2071.03551776 0.87405106
2076.03801901 0.87387051
2081.04052026 0.87369017
2086.04302151 0.87351004
2091.04552276 0.87333011
2096.04802401 0.87315039
2101.05052526 0.87297088
2106.05302651 0.87279156
2111.05552776 0.87261246
2116.05802901 0.87243355
2121.06053027 0.87225485
2126.06303152 0.87207635
2131.06553277 0.87189805
2136.06803402 0.87171995
2141.07053527 0.87154206
2146.07303652 0.87136436
2151.07553777 0.87118686
2156.07803902 0.87100955
2161.08054027 0.87083245
2166.08304152 0.87065554
2171.08554277 0.87047883
2176.08804402 0.87030231
2181.09054527 0.87012599
2186.09304652 0.86994986
2191.09554777 0.86977393
2196.09804902 0.86959819
2201.10055028 0.86942264
2206.10305153 0.86924729
2211.10555278 0.86907212
2216.10805403 0.86889715
2221.11055528 0.86872236
2226.11305653 0.86854777
2231.11555778 0.86837336
2236.11805903 0.86819915
2241.12056028 0.86802512
2246.12306153 0.86785128
2251.12556278 0.86767762
2256.12806403 0.86750415
2261.13056528 0.86733087
2266.13306653 0.86715777
2271.13556778 0.86698485
2276.13806903 0.86681212
2281.14057029 0.86663958
2286.14307154 0.86646721
2291.14557279 0.86629503
2296.14807404 0.86612303
2301.15057529 0.86595121
2306.15307654 0.86577957
2311.15557779 0.86560811
2316.15807904 0.86543683
2321.16058029 0.86526573
2326.16308154 0.86509481
2331.16558279 0.86492407
2336.16808404 0.86475350
2341.17058529 0.86458311
2346.17308654 0.86441290
2351.17558779 0.86424286
2356.17808904 0.86407300
2361.18059030 0.86390332
2366.18309155 0.86373380
2371.18559280 0.86356446
2376.18809405 0.86339530
2381.19059530 0.86322631
2386.19309655 0.86305749
2391.19559780 0.86288884
2396.19809905 0.86272036
2401.20060030 0.86255206
2406.20310155 0.86238392
2411.20560280 0.86221596
2416.20810405 0.86204816
2421.21060530 0.86188053
2426.21310655 0.86171307
2431.21560780 0.86154578
2436.21810905 0.86137866
2441.22061031 0.86121170
2446.22311156 0.86104492
2451.22561281 0.86087829
2456.22811406 0.86071183
2461.23061531 0.86054554
2466.23311656 0.86037941
2471.23561781 0.86021345
2476.23811906 0.86004765
2481.24062031 0.85988202
2486.24312156 0.85971654
2491.24562281 0.85955123
2496.24812406 0.85938608
2501.25062531 0.85922110
2506.25312656 0.85905627
2511.25562781 0.85889160
2516.25812906 0.85872710
2521.26063032 0.85856275
2526.26313157 0.85839857
2531.26563282 0.85823454
2536.26813407 0.85807067
2541.27063532 0.85790696
2546.27313657 0.85774341
2551.27563782 0.85758001
2556.27813907 0.85741678
2561.28064032 0.85725369
2566.28314157 0.85709077
2571.28564282 0.85692800
2576.28814407 0.85676538
2581.29064532 0.85660292
2586.29314657 0.85644062
2591.29564782 0.85627846
2596.29814907 0.85611646
2601.30065033 0.85595462
2606.30315158 0.85579293
2611.30565283 0.85563139
2616.30815408 0.85547000
2621.31065533 0.85530876
2626.31315658 0.85514767
2631.31565783 0.85498674
2636.31815908 0.85482595
2641.32066033 0.85466532
2646.32316158 0.85450483
2651.32566283 0.85434450
2656.32816408 0.85418431
2661.33066533 0.85402427
2666.33316658 0.85386438
2671.33566783 0.85370463
2676.33816908 0.85354504
2681.34067034 0.85338559
2686.34317159 0.85322629
2691.34567284 0.85306713
2696.34817409 0.85290812
2701.35067534 0.85274925
2706.35317659 0.85259053
2711.35567784 0.85243196
2716.35817909 0.85227352
2721.36068034 0.85211524
2726.36318159 0.85195709
2731.36568284 0.85179909
2736.36818409 0.85164123
2741.37068534 0.85148352
2746.37318659 0.85132594
2751.37568784 0.85116851
2756.37818909 0.85101122
2761.38069035 0.85085407
2766.38319160 0.85069706
2771.38569285 0.85054019
2776.38819410 0.85038346
2781.39069535 0.85022687
2786.39319660 0.85007042
2791.39569785 0.84991411
2796.39819910 0.84975794
2801.40070035 0.84960191
2806.40320160 0.84944601
2811.40570285 0.84929025
2816.40820410 0.84913463
2821.41070535 0.84897915
2826.41320660 0.84882380
2831.41570785 0.84866859
2836.41820910 0.84851352
2841.42071036 0.84835858
2846.42321161 0.84820377
2851.42571286 0.84804910
2856.42821411 0.84789457
2861.43071536 0.84774017
2866.43321661 0.84758590
2871.43571786 0.84743177
2876.43821911 0.84727777
2881.44072036 0.84712390
2886.44322161 0.84697017
2891.44572286 0.84681656
2896.44822411 0.84666309
2901.45072536 0.84650976
2906.45322661 0.84635655
2911.45572786 0.84620348
2916.45822911 0.84605053
2921.46073037 0.84589772
2926.46323162 0.84574503
2931.46573287 0.84559248
2936.46823412 0.84544006
2941.47073537 0.84528776
2946.47323662 0.84513559
2951.47573787 0.84498356
2956.47823912 0.84483165
2961.48074037 0.84467987
2966.48324162 0.84452821
2971.48574287 0.84437669
2976.48824412 0.84422529
2981.49074537 0.84407402
2986.49324662 0.84392287
2991.49574787 0.84377185
2996.49824912 0.84362096
3001.50075038 0.84347019
3006.50325163 0.84331955
3011.50575288 0.84316904
3016.50825413 0.84301865
3021.51075538 0.84286838
3026.51325663 0.84271824
3031.51575788 0.84256822
3036.51825913 0.84241832
3041.52076038 0.84226855
3046.52326163 0.84211890
3051.52576288 0.84196938
3056.52826413 0.84181997
3061.53076538 0.84167069
3066.53326663 0.84152153
3071.53576788 0.84137250
3076.53826913 0.84122358
3081.54077039 0.84107479
3086.54327164 0.84092611
3091.54577289 0.84077756
3096.54827414 0.84062913
3101.55077539 0.84048082
3106.55327664 0.84033263
3111.55577789 0.84018455
3116.55827914 0.84003660
3121.56078039 0.83988877
3126.56328164 0.83974105
3131.56578289 0.83959345
3136.56828414 0.83944598
3141.57078539 0.83929862
3146.57328664 0.83915137
3151.57578789 0.83900425
3156.57828914 0.83885724
3161.58079040 0.83871035
3166.58329165 0.83856358
3171.58579290 0.83841692
3176.58829415 0.83827038
3181.59079540 0.83812395
3186.59329665 0.83797764
3191.59579790 0.83783145
3196.59829915 0.83768537
3201.60080040 0.83753940
3206.60330165 0.83739356
3211.60580290 0.83724782
3216.60830415 0.83710220
3221.61080540 0.83695669
3226.61330665 0.83681130
3231.61580790 0.83666602
3236.61830915 0.83652086
3241.62081041 0.83637580
3246.62331166 0.83623086
3251.62581291 0.83608603
3256.62831416 0.83594132
3261.63081541 0.83579671
3266.63331666 0.83565222
3271.63581791 0.83550784
3276.63831916 0.83536357
3281.64082041 0.83521942
3286.64332166 0.83507537
3291.64582291 0.83493143
3296.64832416 0.83478761
3301.65082541 0.83464389
3306.65332666 0.83450029
3311.65582791 0.83435679
3316.65832916 0.83421340
3321.66083042 0.83407013
3326.66333167 0.83392696
3331.66583292 0.83378390
3336.66833417 0.83364095
3341.67083542 0.83349811
3346.67333667 0.83335537
3351.67583792 0.83321275
3356.67833917 0.83307023
3361.68084042 0.83292782
3366.68334167 0.83278551
3371.68584292 0.83264331
3376.68834417 0.83250122
3381.69084542 0.83235924
3386.69334667 0.83221736
3391.69584792 0.83207559
3396.69834917 0.83193393
3401.70085043 0.83179237
3406.70335168 0.83165091
3411.70585293 0.83150956
3416.70835418 0.83136832
3421.71085543 0.83122718
3426.71335668 0.83108615
3431.71585793 0.83094522
3436.71835918 0.83080439
3441.72086043 0.83066367
3446.72336168 0.83052305
3451.72586293 0.83038253
3456.72836418 0.83024212
3461.73086543 0.83010182
3466.73336668 0.82996161
3471.73586793 0.82982151
3476.73836918 0.82968151
3481.74087044 0.82954161
3486.74337169 0.82940182
3491.74587294 0.82926212
3496.74837419 0.82912253
3501.75087544 0.82898304
3506.75337669 0.82884365
3511.75587794 0.82870436
3516.75837919 0.82856518
3521.76088044 0.82842609
3526.76338169 0.82828710
3531.76588294 0.82814822
3536.76838419 0.82800943
3541.77088544 0.82787075
3546.77338669 0.82773216
3551.77588794 0.82759368
3556.77838919 0.82745529
3561.78089045 0.82731700
3566.78339170 0.82717881
3571.78589295 0.82704072
3576.78839420 0.82690273
3581.79089545 0.82676484
3586.79339670 0.82662704
3591.79589795 0.82648935
3596.79839920 0.82635175
3601.80090045 0.82621425
3606.80340170 0.82607684
3611.80590295 0.82593954
3616.80840420 0.82580233
3621.81090545 0.82566521
3626.81340670 0.82552820
3631.81590795 0.82539128
3636.81840920 0.82525446
3641.82091046 0.82511773
3646.82341171 0.82498110
3651.82591296 0.82484456
3656.82841421 0.82470812
3661.83091546 0.82457178
3666.83341671 0.82443553
3671.83591796 0.82429937
3676.83841921 0.82416331
3681.84092046 0.82402735
3686.84342171 0.82389148
3691.84592296 0.82375570
3696.84842421 0.82362002
3701.85092546 0.82348443
3706.85342671 0.82334894
3711.85592796 0.82321354
3716.85842921 0.82307823
3721.86093047 0.82294301
3726.86343172 0.82280789
3731.86593297 0.82267287
3736.86843422 0.82253793
3741.87093547 0.82240309
3746.87343672 0.82226834
3751.87593797 0.82213368
3756.87843922 0.82199911
3761.88094047 0.82186464
3766.88344172 0.82173026
3771.88594297 0.82159596
3776.88844422 0.82146176
3781.89094547 0.82132766
3786.89344672 0.82119364
3791.89594797 0.82105971
3796.89844922 0.82092588
3801.90095048 0.82079213
3806.90345173 0.82065847
3811.90595298 0.82052491
3816.90845423 0.82039143
3821.91095548 0.82025805
3826.91345673 0.82012475
3831.91595798 0.81999155
3836.91845923 0.81985843
3841.92096048 0.81972540
3846.92346173 0.81959246
3851.92596298 0.81945962
3856.92846423 0.81932685
3861.93096548 0.81919418
3866.93346673 0.81906160
3871.93596798 0.81892910
3876.93846923 0.81879670
3881.94097049 0.81866438
3886.94347174 0.81853214
3891.94597299 0.81840000
3896.94847424 0.81826794
3901.95097549 0.81813597
3906.95347674 0.81800409
3911.95597799 0.81787230
3916.95847924 0.81774059
3921.96098049 0.81760896
3926.96348174 0.81747743
3931.96598299 0.81734598
3936.96848424 0.81721462
3941.97098549 0.81708334
3946.97348674 0.81695215
3951.97598799 0.81682104
3956.97848924 0.81669002
3961.98099050 0.81655909
3966.98349175 0.81642824
3971.98599300 0.81629748
3976.98849425 0.81616680
3981.99099550 0.81603620
3986.99349675 0.81590569
3991.99599800 0.81577527
3996.99849925 0.81564493
4002.00100050 0.81551467
4007.00350175 0.81538450
4012.00600300 0.81525441
4017.00850425 0.81512441
4022.01100550 0.81499449
4027.01350675 0.81486465
4032.01600800 0.81473490
4037.01850925 0.81460523
4042.02101051 0.81447564
4047.02351176 0.81434613
4052.02601301 0.81421671
4057.02851426 0.81408737
4062.03101551 0.81395812
4067.03351676 0.81382894
4072.03601801 0.81369985
4077.03851926 0.81357084
4082.04102051 0.81344191
4087.04352176 0.81331307
4092.04602301 0.81318430
4097.04852426 0.81305562
4102.05102551 0.81292702
4107.05352676 0.81279850
4112.05602801 0.81267006
4117.05852926 0.81254170
4122.06103052 0.81241342
4127.06353177 0.81228523
4132.06603302 0.81215711
4137.06853427 0.81202907
4142.07103552 0.81190112
4147.07353677 0.81177324
4152.07603802 0.81164545
4157.07853927 0.81151773
4162.08104052 0.81139010
4167.08354177 0.81126254
4172.08604302 0.81113506
4177.08854427 0.81100766
4182.09104552 0.81088035
4187.09354677 0.81075311
4192.09604802 0.81062595
4197.09854927 0.81049887
4202.10105053 0.81037186
4207.10355178 0.81024494
4212.10605303 0.81011809
4217.10855428 0.80999133
4222.11105553 0.80986464
4227.11355678 0.80973803
4232.11605803 0.80961149
4237.11855928 0.80948504
4242.12106053 0.80935866
4247.12356178 0.80923236
4252.12606303 0.80910613
4257.12856428 0.80897999
4262.13106553 0.80885392
4267.13356678 0.80872793
4272.13606803 0.80860201
4277.13856928 0.80847617
4282.14107054 0.80835041
4287.14357179 0.80822473
4292.14607304 0.80809912
4297.14857429 0.80797359
4302.15107554 0.80784813
4307.15357679 0.80772275
4312.15607804 0.80759745
4317.15857929 0.80747222
4322.16108054 0.80734706
4327.16358179 0.80722199
4332.16608304 0.80709698
4337.16858429 0.80697206
4342.17108554 0.80684721
4347.17358679 0.80672243
4352.17608804 0.80659773
4357.17858929 0.80647310
4362.18109055 0.80634855
4367.18359180 0.80622407
4372.18609305 0.80609967
4377.18859430 0.80597534
4382.19109555 0.80585108
4387.19359680 0.80572690
4392.19609805 0.80560279
4397.19859930 0.80547876
4402.20110055 0.80535480
4407.20360180 0.80523091
4412.20610305 0.80510710
4417.20860430 0.80498336
4422.21110555 0.80485970
4427.21360680 0.80473610
4432.21610805 0.80461258
4437.21860930 0.80448914
4442.22111056 0.80436576
4447.22361181 0.80424246
4452.22611306 0.80411923
4457.22861431 0.80399607
4462.23111556 0.80387299
4467.23361681 0.80374998
4472.23611806 0.80362704
4477.23861931 0.80350417
4482.24112056 0.80338137
4487.24362181 0.80325865
4492.24612306 0.80313600
4497.24862431 0.80301341
4502.25112556 0.80289090
4507.25362681 0.80276847
4512.25612806 0.80264610
4517.25862931 0.80252380
4522.26113057 0.80240158
4527.26363182 0.80227942
4532.26613307 0.80215734
4537.26863432 0.80203533
4542.27113557 0.80191338
4547.27363682 0.80179151
4552.27613807 0.80166971
4557.27863932 0.80154798
4562.28114057 0.80142631
4567.28364182 0.80130472
4572.28614307 0.80118320
4577.28864432 0.80106175
4582.29114557 0.80094037
4587.29364682 0.80081905
4592.29614807 0.80069781
4597.29864932 0.80057664
4602.30115058 0.80045553
4607.30365183 0.80033450
4612.30615308 0.80021353
4617.30865433 0.80009263
4622.31115558 0.79997180
4627.31365683 0.79985104
4632.31615808 0.79973035
4637.31865933 0.79960973
4642.32116058 0.79948917
4647.32366183 0.79936869
4652.32616308 0.79924827
4657.32866433 0.79912792
4662.33116558 0.79900764
4667.33366683 0.79888742
4672.33616808 0.79876727
4677.33866933 0.79864720
4682.34117059 0.79852718
4687.34367184 0.79840724
4692.34617309 0.79828736
4697.34867434 0.79816755
4702.35117559 0.79804781
4707.35367684 0.79792814
4712.35617809 0.79780853
4717.35867934 0.79768899
4722.36118059 0.79756951
4727.36368184 0.79745011
4732.36618309 0.79733076
4737.36868434 0.79721149
4742.37118559 0.79709228
4747.37368684 0.79697314
4752.37618809 0.79685406
4757.37868934 0.79673505
4762.38119060 0.79661611
4767.38369185 0.79649723
4772.38619310 0.79637842
4777.38869435 0.79625967
4782.39119560 0.79614099
4787.39369685 0.79602238
4792.39619810 0.79590383
4797.39869935 0.79578534
4802.40120060 0.79566692
4807.40370185 0.79554857
4812.40620310 0.79543028
4817.40870435 0.79531205
4822.41120560 0.79519390
4827.41370685 0.79507580
4832.41620810 0.79495777
4837.41870935 0.79483980
4842.42121061 0.79472190
4847.42371186 0.79460407
4852.42621311 0.79448629
4857.42871436 0.79436858
4862.43121561 0.79425094
4867.43371686 0.79413336
4872.43621811 0.79401584
4877.43871936 0.79389839
4882.44122061 0.79378100
4887.44372186 0.79366368
4892.44622311 0.79354641
4897.44872436 0.79342922
4902.45122561 0.79331208
4907.45372686 0.79319501
4912.45622811 0.79307800
4917.45872936 0.79296105
4922.46123062 0.79284417
4927.46373187 0.79272735
4932.46623312 0.79261059
4937.46873437 0.79249390
4942.47123562 0.79237727
4947.47373687 0.79226070
4952.47623812 0.79214419
4957.47873937 0.79202775
4962.48124062 0.79191137
4967.48374187 0.79179505
4972.48624312 0.79167879
4977.48874437 0.79156259
4982.49124562 0.79144646
4987.49374687 0.79133039
4992.49624812 0.79121438
4997.49874937 0.79109843
5002.50125063 0.79098254
5007.50375188 0.79086671
5012.50625313 0.79075095
5017.50875438 0.79063525
5022.51125563 0.79051960
5027.51375688 0.79040402
5032.51625813 0.79028850
5037.51875938 0.79017305
5042.52126063 0.79005765
5047.52376188 0.78994231
5052.52626313 0.78982703
5057.52876438 0.78971182
5062.53126563 0.78959666
5067.53376688 0.78948157
5072.53626813 0.78936653
5077.53876938 0.78925156
5082.54127064 0.78913665
5087.54377189 0.78902179
5092.54627314 0.78890700
5097.54877439 0.78879227
5102.55127564 0.78867759
5107.55377689 0.78856298
5112.55627814 0.78844842
5117.55877939 0.78833393
5122.56128064 0.78821949
5127.56378189 0.78810512
5132.56628314 0.78799080
5137.56878439 0.78787654
5142.57128564 0.78776235
5147.57378689 0.78764821
5152.57628814 0.78753413
5157.57878939 0.78742011
5162.58129065 0.78730614
5167.58379190 0.78719224
5172.58629315 0.78707840
5177.58879440 0.78696461
5182.59129565 0.78685088
5187.59379690 0.78673721
5192.59629815 0.78662360
5197.59879940 0.78651005
5202.60130065 0.78639656
5207.60380190 0.78628312
5212.60630315 0.78616975
5217.60880440 0.78605643
5222.61130565 0.78594316
5227.61380690 0.78582996
5232.61630815 0.78571682
5237.61880940 0.78560373
5242.62131066 0.78549070
5247.62381191 0.78537772
5252.62631316 0.78526481
5257.62881441 0.78515195
5262.63131566 0.78503915
5267.63381691 0.78492641
5272.63631816 0.78481372
5277.63881941 0.78470109
5282.64132066 0.78458852
5287.64382191 0.78447600
5292.64632316 0.78436354
5297.64882441 0.78425114
5302.65132566 0.78413880
5307.65382691 0.78402651
5312.65632816 0.78391428
5317.65882941 0.78380210
5322.66133067 0.78368998
5327.66383192 0.78357792
5332.66633317 0.78346591
5337.66883442 0.78335396
5342.67133567 0.78324207
5347.67383692 0.78313023
5352.67633817 0.78301845
5357.67883942 0.78290672
5362.68134067 0.78279505
5367.68384192 0.78268344
5372.68634317 0.78257188
5377.68884442 0.78246037
5382.69134567 0.78234893
5387.69384692 0.78223753
5392.69634817 0.78212620
5397.69884942 0.78201492
5402.70135068 0.78190369
5407.70385193 0.78179252
5412.70635318 0.78168140
5417.70885443 0.78157034
5422.71135568 0.78145933
5427.71385693 0.78134838
5432.71635818 0.78123749
5437.71885943 0.78112664
5442.72136068 0.78101586
5447.72386193 0.78090512
5452.72636318 0.78079444
5457.72886443 0.78068382
5462.73136568 0.78057325
5467.73386693 0.78046274
5472.73636818 0.78035228
5477.73886943 0.78024187
5482.74137069 0.78013152
5487.74387194 0.78002122
5492.74637319 0.77991097
5497.74887444 0.77980078
5502.75137569 0.77969065
5507.75387694 0.77958056
5512.75637819 0.77947053
5517.75887944 0.77936056
5522.76138069 0.77925064
5527.76388194 0.77914077
5532.76638319 0.77903095
5537.76888444 0.77892119
5542.77138569 0.77881148
5547.77388694 0.77870182
5552.77638819 0.77859222
5557.77888944 0.77848267
5562.78139070 0.77837318
5567.78389195 0.77826373
5572.78639320 0.77815434
5577.78889445 0.77804500
5582.79139570 0.77793572
5587.79389695 0.77782649
5592.79639820 0.77771731
5597.79889945 0.77760818
5602.80140070 0.77749911
5607.80390195 0.77739008
5612.80640320 0.77728111
5617.80890445 0.77717220
5622.81140570 0.77706333
5627.81390695 0.77695452
5632.81640820 0.77684576
5637.81890945 0.77673705
5642.82141071 0.77662839
5647.82391196 0.77651978
5652.82641321 0.77641123
5657.82891446 0.77630273
5662.83141571 0.77619428
5667.83391696 0.77608588
5672.83641821 0.77597753
5677.83891946 0.77586924
5682.84142071 0.77576099
5687.84392196 0.77565280
5692.84642321 0.77554466
5697.84892446 0.77543657
5702.85142571 0.77532853
5707.85392696 0.77522054
5712.85642821 0.77511260
5717.85892946 0.77500472
5722.86143072 0.77489688
5727.86393197 0.77478910
5732.86643322 0.77468137
5737.86893447 0.77457368
5742.87143572 0.77446605
5747.87393697 0.77435847
5752.87643822 0.77425094
5757.87893947 0.77414346
5762.88144072 0.77403603
5767.88394197 0.77392865
5772.88644322 0.77382132
5777.88894447 0.77371404
5782.89144572 0.77360681
5787.89394697 0.77349963
5792.89644822 0.77339251
5797.89894947 0.77328543
5802.90145073 0.77317840
5807.90395198 0.77307142
5812.90645323 0.77296449
5817.90895448 0.77285761
5822.91145573 0.77275078
5827.91395698 0.77264400
5832.91645823 0.77253727
5837.91895948 0.77243059
5842.92146073 0.77232396
5847.92396198 0.77221738
5852.92646323 0.77211085
5857.92896448 0.77200436
5862.93146573 0.77189793
5867.93396698 0.77179154
5872.93646823 0.77168521
5877.93896948 0.77157892
5882.94147074 0.77147268
5887.94397199 0.77136649
5892.94647324 0.77126035
5897.94897449 0.77115426
5902.95147574 0.77104822
5907.95397699 0.77094223
5912.95647824 0.77083628
5917.95897949 0.77073039
5922.96148074 0.77062454
5927.96398199 0.77051874
5932.96648324 0.77041299
5937.96898449 0.77030728
5942.97148574 0.77020163
5947.97398699 0.77009602
5952.97648824 0.76999047
5957.97898949 0.76988496
5962.98149075 0.76977949
5967.98399200 0.76967408
5972.98649325 0.76956871
5977.98899450 0.76946340
5982.99149575 0.76935812
5987.99399700 0.76925290
5992.99649825 0.76914773
5997.99899950 0.76904260
6003.00150075 0.76893752
6008.00400200 0.76883249
6013.00650325 0.76872750
6018.00900450 0.76862257
6023.01150575 0.76851768
6028.01400700 0.76841284
6033.01650825 0.76830804
6038.01900950 0.76820329
6043.02151076 0.76809859
6048.02401201 0.76799394
6053.02651326 0.76788933
6058.02901451 0.76778477
6063.03151576 0.76768026
6068.03401701 0.76757579
6073.03651826 0.76747138
6078.03901951 0.76736700
6083.04152076 0.76726268
6088.04402201 0.76715840
6093.04652326 0.76705417
6098.04902451 0.76694998
6103.05152576 0.76684584
6108.05402701 0.76674175
6113.05652826 0.76663770
6118.05902951 0.76653370
6123.06153077 0.76642975
6128.06403202 0.76632584
6133.06653327 0.76622198
6138.06903452 0.76611817
6143.07153577 0.76601440
6148.07403702 0.76591068
6153.07653827 0.76580700
6158.07903952 0.76570337
6163.08154077 0.76559978
6168.08404202 0.76549625
6173.08654327 0.76539275
6178.08904452 0.76528930
6183.09154577 0.76518590
6188.09404702 0.76508255
6193.09654827 0.76497924
6198.09904952 0.76487597
6203.10155078 0.76477275
6208.10405203 0.76466958
6213.10655328 0.76456645
6218.10905453 0.76446336
6223.11155578 0.76436032
6228.11405703 0.76425733
6233.11655828 0.76415438
6238.11905953 0.76405148
6243.12156078 0.76394862
6248.12406203 0.76384581
6253.12656328 0.76374304
6258.12906453 0.76364032
6263.13156578 0.76353764
6268.13406703 0.76343501
6273.13656828 0.76333242
6278.13906953 0.76322987
6283.14157079 0.76312737
6288.14407204 0.76302492
6293.14657329 0.76292251
6298.14907454 0.76282014
6303.15157579 0.76271782
6308.15407704 0.76261554
6313.15657829 0.76251331
6318.15907954 0.76241112
6323.16158079 0.76230898
6328.16408204 0.76220688
6333.16658329 0.76210482
6338.16908454 0.76200281
6343.17158579 0.76190085
6348.17408704 0.76179892
6353.17658829 0.76169704
6358.17908954 0.76159521
6363.18159080 0.76149341
6368.18409205 0.76139167
6373.18659330 0.76128996
6378.18909455 0.76118830
6383.19159580 0.76108668
6388.19409705 0.76098511
6393.19659830 0.76088358
6398.19909955 0.76078210
6403.20160080 0.76068065
6408.20410205 0.76057925
6413.20660330 0.76047790
6418.20910455 0.76037659
6423.21160580 0.76027532
6428.21410705 0.76017409
6433.21660830 0.76007291
6438.21910955 0.75997177
6443.22161081 0.75987067
6448.22411206 0.75976962
6453.22661331 0.75966861
6458.22911456 0.75956764
6463.23161581 0.75946671
6468.23411706 0.75936583
6473.23661831 0.75926499
6478.23911956 0.75916420
6483.24162081 0.75906344
6488.24412206 0.75896273
6493.24662331 0.75886206
6498.24912456 0.75876144
6503.25162581 0.75866086
6508.25412706 0.75856032
6513.25662831 0.75845982
6518.25912956 0.75835936
6523.26163082 0.75825895
6528.26413207 0.75815858
6533.26663332 0.75805825
6538.26913457 0.75795796
6543.27163582 0.75785772
6548.27413707 0.75775751
6553.27663832 0.75765735
6558.27913957 0.75755724
6563.28164082 0.75745716
6568.28414207 0.75735713
6573.28664332 0.75725713
6578.28914457 0.75715718
6583.29164582 0.75705727
6588.29414707 0.75695741
6593.29664832 0.75685758
6598.29914957 0.75675780
6603.30165083 0.75665806
6608.30415208 0.75655836
6613.30665333 0.75645870
6618.30915458 0.75635908
6623.31165583 0.75625950
6628.31415708 0.75615997
6633.31665833 0.75606048
6638.31915958 0.75596102
6643.32166083 0.75586161
6648.32416208 0.75576224
6653.32666333 0.75566292
6658.32916458 0.75556363
6663.33166583 0.75546438
6668.33416708 0.75536518
6673.33666833 0.75526602
6678.33916958 0.75516689
6683.34167084 0.75506781
6688.34417209 0.75496877
6693.34667334 0.75486977
6698.34917459 0.75477081
6703.35167584 0.75467189
6708.35417709 0.75457301
6713.35667834 0.75447418
6718.35917959 0.75437538
6723.36168084 0.75427662
6728.36418209 0.75417791
6733.36668334 0.75407923
6738.36918459 0.75398060
6743.37168584 0.75388201
6748.37418709 0.75378345
6753.37668834 0.75368494
6758.37918959 0.75358647
6763.38169085 0.75348803
6768.38419210 0.75338964
6773.38669335 0.75329129
6778.38919460 0.75319298
6783.39169585 0.75309471
6788.39419710 0.75299647
6793.39669835 0.75289828
6798.39919960 0.75280013
6803.40170085 0.75270202
6808.40420210 0.75260394
6813.40670335 0.75250591
6818.40920460 0.75240792
6823.41170585 0.75230997
6828.41420710 0.75221205
6833.41670835 0.75211418
6838.41920960 0.75201635
6843.42171086 0.75191855
6848.42421211 0.75182080
6853.42671336 0.75172308
6858.42921461 0.75162541
6863.43171586 0.75152777
6868.43421711 0.75143017
6873.43671836 0.75133262
6878.43921961 0.75123510
6883.44172086 0.75113762
6888.44422211 0.75104018
6893.44672336 0.75094278
6898.44922461 0.75084542
6903.45172586 0.75074810
6908.45422711 0.75065081
6913.45672836 0.75055357
6918.45922961 0.75045636
6923.46173087 0.75035920
6928.46423212 0.75026207
6933.46673337 0.75016498
6938.46923462 0.75006793
6943.47173587 0.74997092
6948.47423712 0.74987395
6953.47673837 0.74977702
6958.47923962 0.74968012
6963.48174087 0.74958327
6968.48424212 0.74948645
6973.48674337 0.74938967
6978.48924462 0.74929293
6983.49174587 0.74919623
6988.49424712 0.74909956
6993.49674837 0.74900294
6998.49924962 0.74890635
7003.50175088 0.74880980
7008.50425213 0.74871329
7013.50675338 0.74861682
7018.50925463 0.74852039
7023.51175588 0.74842399
7028.51425713 0.74832764
7033.51675838 0.74823132
7038.51925963 0.74813504
7043.52176088 0.74803879
7048.52426213 0.74794259
7053.52676338 0.74784642
7058.52926463 0.74775029
7063.53176588 0.74765420
7068.53426713 0.74755815
7073.53676838 0.74746213
7078.53926963 0.74736615
7083.54177089 0.74727021
7088.54427214 0.74717431
7093.54677339 0.74707845
7098.54927464 0.74698262
7103.55177589 0.74688683
7108.55427714 0.74679108
7113.55677839 0.74669536
7118.55927964 0.74659969
7123.56178089 0.74650405
7128.56428214 0.74640845
7133.56678339 0.74631288
7138.56928464 0.74621735
7143.57178589 0.74612186
7148.57428714 0.74602641
7153.57678839 0.74593099
7158.57928964 0.74583562
7163.58179090 0.74574027
7168.58429215 0.74564497
7173.58679340 0.74554970
7178.58929465 0.74545447
7183.59179590 0.74535928
7188.59429715 0.74526412
7193.59679840 0.74516900
7198.59929965 0.74507392
7203.60180090 0.74497887
7208.60430215 0.74488387
7213.60680340 0.74478889
7218.60930465 0.74469396
7223.61180590 0.74459906
7228.61430715 0.74450420
7233.61680840 0.74440937
7238.61930965 0.74431458
7243.62181091 0.74421983
7248.62431216 0.74412512
7253.62681341 0.74403044
7258.62931466 0.74393579
7263.63181591 0.74384119
7268.63431716 0.74374662
7273.63681841 0.74365208
7278.63931966 0.74355759
7283.64182091 0.74346313
7288.64432216 0.74336870
7293.64682341 0.74327431
7298.64932466 0.74317996
7303.65182591 0.74308564
7308.65432716 0.74299136
7313.65682841 0.74289712
7318.65932966 0.74280291
7323.66183092 0.74270874
7328.66433217 0.74261460
7333.66683342 0.74252050
7338.66933467 0.74242644
7343.67183592 0.74233241
7348.67433717 0.74223842
7353.67683842 0.74214446
7358.67933967 0.74205054
7363.68184092 0.74195666
7368.68434217 0.74186281
7373.68684342 0.74176899
7378.68934467 0.74167521
7383.69184592 0.74158147
7388.69434717 0.74148776
7393.69684842 0.74139409
7398.69934967 0.74130046
7403.70185093 0.74120686
7408.70435218 0.74111329
7413.70685343 0.74101976
7418.70935468 0.74092627
7423.71185593 0.74083281
7428.71435718 0.74073938
7433.71685843 0.74064600
7438.71935968 0.74055264
7443.72186093 0.74045932
7448.72436218 0.74036604
7453.72686343 0.74027279
7458.72936468 0.74017958
7463.73186593 0.74008640
7468.73436718 0.73999326
7473.73686843 0.73990015
7478.73936968 0.73980708
7483.74187094 0.73971404
7488.74437219 0.73962104
7493.74687344 0.73952807
7498.74937469 0.73943514
7503.75187594 0.73934224
7508.75437719 0.73924938
7513.75687844 0.73915655
7518.75937969 0.73906375
7523.76188094 0.73897099
7528.76438219 0.73887827
7533.76688344 0.73878558
7538.76938469 0.73869292
7543.77188594 0.73860030
7548.77438719 0.73850772
7553.77688844 0.73841516
7558.77938969 0.73832265
7563.78189095 0.73823016
7568.78439220 0.73813772
7573.78689345 0.73804530
7578.78939470 0.73795292
7583.79189595 0.73786057
7588.79439720 0.73776826
7593.79689845 0.73767599
7598.79939970 0.73758374
7603.80190095 0.73749153
7608.80440220 0.73739936
7613.80690345 0.73730722
7618.80940470 0.73721511
7623.81190595 0.73712304
7628.81440720 0.73703100
7633.81690845 0.73693900
7638.81940970 0.73684702
7643.82191096 0.73675509
7648.82441221 0.73666318
7653.82691346 0.73657132
7658.82941471 0.73647948
7663.83191596 0.73638768
7668.83441721 0.73629591
7673.83691846 0.73620418
7678.83941971 0.73611248
7683.84192096 0.73602081
7688.84442221 0.73592918
7693.84692346 0.73583758
7698.84942471 0.73574601
7703.85192596 0.73565448
7708.85442721 0.73556298
7713.85692846 0.73547152
7718.85942971 0.73538008
7723.86193097 0.73528869
7728.86443222 0.73519732
7733.86693347 0.73510599
7738.86943472 0.73501469
7743.87193597 0.73492343
7748.87443722 0.73483219
7753.87693847 0.73474100
7758.87943972 0.73464983
7763.88194097 0.73455870
7768.88444222 0.73446760
7773.88694347 0.73437653
7778.88944472 0.73428550
7783.89194597 0.73419450
7788.89444722 0.73410353
7793.89694847 0.73401260
7798.89944972 0.73392170
7803.90195098 0.73383083
7808.90445223 0.73374000
7813.90695348 0.73364920
7818.90945473 0.73355843
7823.91195598 0.73346769
7828.91445723 0.73337699
7833.91695848 0.73328632
7838.91945973 0.73319568
7843.92196098 0.73310507
7848.92446223 0.73301450
7853.92696348 0.73292396
7858.92946473 0.73283345
7863.93196598 0.73274298
7868.93446723 0.73265254
7873.93696848 0.73256213
7878.93946973 0.73247175
7883.94197099 0.73238141
7888.94447224 0.73229109
7893.94697349 0.73220081
7898.94947474 0.73211057
7903.95197599 0.73202035
7908.95447724 0.73193017
7913.95697849 0.73184002
7918.95947974 0.73174990
7923.96198099 0.73165982
7928.96448224 0.73156976
7933.96698349 0.73147974
7938.96948474 0.73138975
7943.97198599 0.73129979
7948.97448724 0.73120987
7953.97698849 0.73111998
7958.97948974 0.73103012
7963.98199100 0.73094029
7968.98449225 0.73085049
7973.98699350 0.73076073
7978.98949475 0.73067099
7983.99199600 0.73058129
7988.99449725 0.73049162
7993.99699850 0.73040199
7998.99949975 0.73031238
8004.00200100 0.73022281
8009.00450225 0.73013327
8014.00700350 0.73004376
8019.00950475 0.72995428
8024.01200600 0.72986483
8029.01450725 0.72977542
8034.01700850 0.72968603
8039.01950975 0.72959668
8044.02201101 0.72950736
8049.02451226 0.72941807
8054.02701351 0.72932882
8059.02951476 0.72923959
8064.03201601 0.72915040
8069.03451726 0.72906123
8074.03701851 0.72897210
8079.03951976 0.72888300
8084.04202101 0.72879393
8089.04452226 0.72870490
8094.04702351 0.72861589
8099.04952476 0.72852692
8104.05202601 0.72843797
8109.05452726 0.72834906
8114.05702851 0.72826018
8119.05952976 0.72817133
8124.06203102 0.72808251
8129.06453227 0.72799373
8134.06703352 0.72790497
8139.06953477 0.72781624
8144.07203602 0.72772755
8149.07453727 0.72763889
8154.07703852 0.72755025
8159.07953977 0.72746165
8164.08204102 0.72737308
8169.08454227 0.72728454
8174.08704352 0.72719604
8179.08954477 0.72710756
8184.09204602 0.72701911
8189.09454727 0.72693069
8194.09704852 0.72684231
8199.09954977 0.72675396
8204.10205103 0.72666563
8209.10455228 0.72657734
8214.10705353 0.72648908
8219.10955478 0.72640084
8224.11205603 0.72631264
8229.11455728 0.72622447
8234.11705853 0.72613633
8239.11955978 0.72604822
8244.12206103 0.72596015
8249.12456228 0.72587210
8254.12706353 0.72578408
8259.12956478 0.72569609
8264.13206603 0.72560814
8269.13456728 0.72552021
8274.13706853 0.72543231
8279.13956978 0.72534445
8284.14207104 0.72525661
8289.14457229 0.72516881
8294.14707354 0.72508103
8299.14957479 0.72499329
8304.15207604 0.72490557
8309.15457729 0.72481789
8314.15707854 0.72473023
8319.15957979 0.72464261
8324.16208104 0.72455501
8329.16458229 0.72446745
8334.16708354 0.72437992
8339.16958479 0.72429241
8344.17208604 0.72420494
8349.17458729 0.72411750
8354.17708854 0.72403008
8359.17958979 0.72394270
8364.18209105 0.72385534
8369.18459230 0.72376802
8374.18709355 0.72368073
8379.18959480 0.72359346
8384.19209605 0.72350623
8389.19459730 0.72341902
8394.19709855 0.72333185
8399.19959980 0.72324470
8404.20210105 0.72315759
8409.20460230 0.72307050
8414.20710355 0.72298344
8419.20960480 0.72289642
8424.21210605 0.72280942
8429.21460730 0.72272245
8434.21710855 0.72263552
8439.21960980 0.72254861
8444.22211106 0.72246173
8449.22461231 0.72237488
8454.22711356 0.72228806
8459.22961481 0.72220127
8464.23211606 0.72211451
8469.23461731 0.72202778
8474.23711856 0.72194108
8479.23961981 0.72185440
8484.24212106 0.72176776
8489.24462231 0.72168115
8494.24712356 0.72159456
8499.24962481 0.72150801
8504.25212606 0.72142148
8509.25462731 0.72133498
8514.25712856 0.72124851
8519.25962981 0.72116207
8524.26213107 0.72107567
8529.26463232 0.72098928
8534.26713357 0.72090293
8539.26963482 0.72081661
8544.27213607 0.72073032
8549.27463732 0.72064405
8554.27713857 0.72055782
8559.27963982 0.72047161
8564.28214107 0.72038543
8569.28464232 0.72029929
8574.28714357 0.72021317
8579.28964482 0.72012707
8584.29214607 0.72004101
8589.29464732 0.71995498
8594.29714857 0.71986898
8599.29964982 0.71978300
8604.30215108 0.71969705
8609.30465233 0.71961114
8614.30715358 0.71952525
8619.30965483 0.71943939
8624.31215608 0.71935355
8629.31465733 0.71926775
8634.31715858 0.71918198
8639.31965983 0.71909623
8644.32216108 0.71901051
8649.32466233 0.71892482
8654.32716358 0.71883916
8659.32966483 0.71875353
8664.33216608 0.71866793
8669.33466733 0.71858235
8674.33716858 0.71849681
8679.33966983 0.71841129
8684.34217109 0.71832580
8689.34467234 0.71824034
8694.34717359 0.71815490
8699.34967484 0.71806950
8704.35217609 0.71798412
8709.35467734 0.71789877
8714.35717859 0.71781345
8719.35967984 0.71772816
8724.36218109 0.71764290
8729.36468234 0.71755766
8734.36718359 0.71747246
8739.36968484 0.71738728
8744.37218609 0.71730213
8749.37468734 0.71721700
8754.37718859 0.71713191
8759.37968984 0.71704684
8764.38219110 0.71696181
8769.38469235 0.71687679
8774.38719360 0.71679181
8779.38969485 0.71670686
8784.39219610 0.71662193
8789.39469735 0.71653703
8794.39719860 0.71645216
8799.39969985 0.71636732
8804.40220110 0.71628250
8809.40470235 0.71619772
8814.40720360 0.71611296
8819.40970485 0.71602823
8824.41220610 0.71594352
8829.41470735 0.71585885
8834.41720860 0.71577420
8839.41970985 0.71568958
8844.42221111 0.71560498
8849.42471236 0.71552042
8854.42721361 0.71543588
8859.42971486 0.71535137
8864.43221611 0.71526689
8869.43471736 0.71518243
8874.43721861 0.71509801
8879.43971986 0.71501361
8884.44222111 0.71492923
8889.44472236 0.71484489
8894.44722361 0.71476057
8899.44972486 0.71467628
8904.45222611 0.71459202
8909.45472736 0.71450778
8914.45722861 0.71442358
8919.45972986 0.71433940
8924.46223112 0.71425524
8929.46473237 0.71417112
8934.46723362 0.71408702
8939.46973487 0.71400295
8944.47223612 0.71391890
8949.47473737 0.71383489
8954.47723862 0.71375090
8959.47973987 0.71366693
8964.48224112 0.71358300
8969.48474237 0.71349909
8974.48724362 0.71341521
8979.48974487 0.71333136
8984.49224612 0.71324753
8989.49474737 0.71316373
8994.49724862 0.71307996
8999.49974987 0.71299621
9004.50225113 0.71291249
9009.50475238 0.71282880
9014.50725363 0.71274514
9019.50975488 0.71266150
9024.51225613 0.71257789
9029.51475738 0.71249431
9034.51725863 0.71241075
9039.51975988 0.71232722
9044.52226113 0.71224372
9049.52476238 0.71216024
9054.52726363 0.71207679
9059.52976488 0.71199337
9064.53226613 0.71190997
9069.53476738 0.71182660
9074.53726863 0.71174326
9079.53976988 0.71165994
9084.54227114 0.71157665
9089.54477239 0.71149339
9094.54727364 0.71141015
9099.54977489 0.71132694
9104.55227614 0.71124376
9109.55477739 0.71116061
9114.55727864 0.71107748
9119.55977989 0.71099437
9124.56228114 0.71091130
9129.56478239 0.71082825
9134.56728364 0.71074522
9139.56978489 0.71066222
9144.57228614 0.71057925
9149.57478739 0.71049631
9154.57728864 0.71041339
9159.57978989 0.71033050
9164.58229115 0.71024763
9169.58479240 0.71016480
9174.58729365 0.71008198
9179.58979490 0.70999920
9184.59229615 0.70991644
9189.59479740 0.70983370
9194.59729865 0.70975100
9199.59979990 0.70966831
9204.60230115 0.70958566
9209.60480240 0.70950303
9214.60730365 0.70942043
9219.60980490 0.70933785
9224.61230615 0.70925530
9229.61480740 0.70917277
9234.61730865 0.70909028
9239.61980990 0.70900780
9244.62231116 0.70892536
9249.62481241 0.70884294
9254.62731366 0.70876054
9259.62981491 0.70867817
9264.63231616 0.70859583
9269.63481741 0.70851352
9274.63731866 0.70843122
9279.63981991 0.70834896
9284.64232116 0.70826672
9289.64482241 0.70818451
9294.64732366 0.70810232
9299.64982491 0.70802016
9304.65232616 0.70793802
9309.65482741 0.70785591
9314.65732866 0.70777383
9319.65982991 0.70769177
9324.66233117 0.70760974
9329.66483242 0.70752773
9334.66733367 0.70744575
9339.66983492 0.70736380
9344.67233617 0.70728187
9349.67483742 0.70719996
9354.67733867 0.70711808
9359.67983992 0.70703623
9364.68234117 0.70695440
9369.68484242 0.70687260
9374.68734367 0.70679083
9379.68984492 0.70670908
9384.69234617 0.70662735
9389.69484742 0.70654565
9394.69734867 0.70646398
9399.69984992 0.70638233
9404.70235118 0.70630070
9409.70485243 0.70621911
9414.70735368 0.70613753
9419.70985493 0.70605599
9424.71235618 0.70597446
9429.71485743 0.70589297
9434.71735868 0.70581150
9439.71985993 0.70573005
9444.72236118 0.70564863
9449.72486243 0.70556723
9454.72736368 0.70548586
9459.72986493 0.70540452
9464.73236618 0.70532320
9469.73486743 0.70524190
9474.73736868 0.70516064
9479.73986993 0.70507939
9484.74237119 0.70499817
9489.74487244 0.70491698
9494.74737369 0.70483581
9499.74987494 0.70475466
9504.75237619 0.70467355
9509.75487744 0.70459245
9514.75737869 0.70451138
9519.75987994 0.70443034
9524.76238119 0.70434932
9529.76488244 0.70426833
9534.76738369 0.70418736
9539.76988494 0.70410641
9544.77238619 0.70402549
9549.77488744 0.70394460
9554.77738869 0.70386373
9559.77988994 0.70378289
9564.78239120 0.70370207
9569.78489245 0.70362127
9574.78739370 0.70354050
9579.78989495 0.70345976
9584.79239620 0.70337904
9589.79489745 0.70329834
9594.79739870 0.70321767
9599.79989995 0.70313702
9604.80240120 0.70305640
9609.80490245 0.70297581
9614.80740370 0.70289523
9619.80990495 0.70281469
9624.81240620 0.70273416
9629.81490745 0.70265366
9634.81740870 0.70257319
9639.81990995 0.70249274
9644.82241121 0.70241232
9649.82491246 0.70233192
9654.82741371 0.70225154
9659.82991496 0.70217119
9664.83241621 0.70209086
9669.83491746 0.70201056
9674.83741871 0.70193028
9679.83991996 0.70185003
9684.84242121 0.70176980
9689.84492246 0.70168960
9694.84742371 0.70160942
9699.84992496 0.70152926
9704.85242621 0.70144913
9709.85492746 0.70136902
9714.85742871 0.70128894
9719.85992996 0.70120888
9724.86243122 0.70112885
9729.86493247 0.70104884
9734.86743372 0.70096885
9739.86993497 0.70088889
9744.87243622 0.70080895
9749.87493747 0.70072904
9754.87743872 0.70064915
9759.87993997 0.70056929
9764.88244122 0.70048945
9769.88494247 0.70040963
9774.88744372 0.70032984
9779.88994497 0.70025007
9784.89244622 0.70017033
9789.89494747 0.70009061
9794.89744872 0.70001091
9799.89994997 0.69993124
9804.90245123 0.69985159
9809.90495248 0.69977197
9814.90745373 0.69969237
9819.90995498 0.69961279
9824.91245623 0.69953324
9829.91495748 0.69945371
9834.91745873 0.69937420
9839.91995998 0.69929472
9844.92246123 0.69921527
9849.92496248 0.69913583
9854.92746373 0.69905643
9859.92996498 0.69897704
9864.93246623 0.69889768
9869.93496748 0.69881834
9874.93746873 0.69873903
9879.93996998 0.69865974
9884.94247124 0.69858047
9889.94497249 0.69850123
9894.94747374 0.69842201
9899.94997499 0.69834281
9904.95247624 0.69826364
9909.95497749 0.69818450
9914.95747874 0.69810537
9919.95997999 0.69802627
9924.96248124 0.69794719
9929.96498249 0.69786814
9934.96748374 0.69778911
9939.96998499 0.69771010
9944.97248624 0.69763112
9949.97498749 0.69755216
9954.97748874 0.69747323
9959.97998999 0.69739431
9964.98249125 0.69731542
9969.98499250 0.69723656
9974.98749375 0.69715772
9979.98999500 0.69707890
9984.99249625 0.69700010
9989.99499750 0.69692133
9994.99749875 0.69684258
10000.00000000 0.69676386
