0.00000000 1.00000000
5.00250125 0.98729938
10.00500250 0.97946594
15.00750375 0.97328120
20.01000500 0.96804186
25.01250625 0.96344330
30.01500750 0.95931735
35.01750875 0.95555822
40.02001001 0.95209385
45.02251126 0.94887245
50.02501251 0.94585535
55.02751376 0.94301279
60.03001501 0.94032138
65.03251626 0.93776232
70.03501751 0.93532027
75.03751876 0.93298254
80.04002001 0.93073848
85.04252126 0.92857909
90.04502251 0.92649664
95.04752376 0.92448449
100.05002501 0.92253685
105.05252626 0.92064865
110.05502751 0.91881542
115.05752876 0.91703320
120.06003002 0.91529848
125.06253127 0.91360809
130.06503252 0.91195921
135.06753377 0.91034926
140.07003502 0.90877594
145.07253627 0.90723713
150.07503752 0.90573092
155.07753877 0.90425556
160.08004002 0.90280942
165.08254127 0.90139104
170.08504252 0.89999905
175.08754377 0.89863218
180.09004502 0.89728928
185.09254627 0.89596926
190.09504752 0.89467112
195.09754877 0.89339392
200.10005003 0.89213679
205.10255128 0.89089891
210.10505253 0.88967953
215.10755378 0.88847792
220.11005503 0.88729341
225.11255628 0.88612538
230.11505753 0.88497323
235.11755878 0.88383639
240.12006003 0.88271435
245.12256128 0.88160659
250.12506253 0.88051266
255.12756378 0.87943209
260.13006503 0.87836447
265.13256628 0.87730940
270.13506753 0.87626648
275.13756878 0.87523536
280.14007004 0.87421569
285.14257129 0.87320714
290.14507254 0.87220939
295.14757379 0.87122215
300.15007504 0.87024513
305.15257629 0.86927805
310.15507754 0.86832064
315.15757879 0.86737267
320.16008004 0.86643388
325.16258129 0.86550405
330.16508254 0.86458296
335.16758379 0.86367038
340.17008504 0.86276612
345.17258629 0.86186999
350.17508754 0.86098178
355.17758879 0.86010133
360.18009005 0.85922845
365.18259130 0.85836297
370.18509255 0.85750474
375.18759380 0.85665359
380.19009505 0.85580937
385.19259630 0.85497195
390.19509755 0.85414117
395.19759880 0.85331689
400.20010005 0.85249900
405.20260130 0.85168736
410.20510255 0.85088184
415.20760380 0.85008232
420.21010505 0.84928870
425.21260630 0.84850086
430.21510755 0.84771868
435.21760880 0.84694207
440.22011006 0.84617092
445.22261131 0.84540513
450.22511256 0.84464460
455.22761381 0.84388925
460.23011506 0.84313897
465.23261631 0.84239369
470.23511756 0.84165332
475.23761881 0.84091777
480.24012006 0.84018696
485.24262131 0.83946081
490.24512256 0.83873924
495.24762381 0.83802219
500.25012506 0.83730957
505.25262631 0.83660132
510.25512756 0.83589737
515.25762881 0.83519765
520.26013007 0.83450209
525.26263132 0.83381063
530.26513257 0.83312321
535.26763382 0.83243977
540.27013507 0.83176024
545.27263632 0.83108458
550.27513757 0.83041271
555.27763882 0.82974459
560.28014007 0.82908017
565.28264132 0.82841938
570.28514257 0.82776218
575.28764382 0.82710853
580.29014507 0.82645836
585.29264632 0.82581163
590.29514757 0.82516830
595.29764882 0.82452831
600.30015008 0.82389162
605.30265133 0.82325820
610.30515258 0.82262799
615.30765383 0.82200095
620.31015508 0.82137705
625.31265633 0.82075624
630.31515758 0.82013848
635.31765883 0.81952373
640.32016008 0.81891196
645.32266133 0.81830312
650.32516258 0.81769719
655.32766383 0.81709412
660.33016508 0.81649388
665.33266633 0.81589644
670.33516758 0.81530177
675.33766883 0.81470982
680.34017009 0.81412057
685.34267134 0.81353398
690.34517259 0.81295003
695.34767384 0.81236868
700.35017509 0.81178991
705.35267634 0.81121368
710.35517759 0.81063997
715.35767884 0.81006874
720.36018009 0.80949997
725.36268134 0.80893363
730.36518259 0.80836970
735.36768384 0.80780815
740.37018509 0.80724895
745.37268634 0.80669208
750.37518759 0.80613750
755.37768884 0.80558521
760.38019010 0.80503517
765.38269135 0.80448736
770.38519260 0.80394175
775.38769385 0.80339833
780.39019510 0.80285707
785.39269635 0.80231794
790.39519760 0.80178094
795.39769885 0.80124602
800.40020010 0.80071318
805.40270135 0.80018240
810.40520260 0.79965365
815.40770385 0.79912691
820.41020510 0.79860216
825.41270635 0.79807939
830.41520760 0.79755857
835.41770885 0.79703968
840.42021011 0.79652271
845.42271136 0.79600764
850.42521261 0.79549445
855.42771386 0.79498313
860.43021511 0.79447365
865.43271636 0.79396599
870.43521761 0.79346015
875.43771886 0.79295610
880.44022011 0.79245383
885.44272136 0.79195332
890.44522261 0.79145456
895.44772386 0.79095753
900.45022511 0.79046221
905.45272636 0.78996859
910.45522761 0.78947665
915.45772886 0.78898639
920.46023012 0.78849778
925.46273137 0.78801081
930.46523262 0.78752546
935.46773387 0.78704173
940.47023512 0.78655960
945.47273637 0.78607905
950.47523762 0.78560007
955.47773887 0.78512265
960.48024012 0.78464678
965.48274137 0.78417243
970.48524262 0.78369961
975.48774387 0.78322829
980.49024512 0.78275847
985.49274637 0.78229013
990.49524762 0.78182326
995.49774887 0.78135785
1000.50025013 0.78089389
1005.50275138 0.78043136
1010.50525263 0.77997025
1015.50775388 0.77951056
1020.51025513 0.77905226
1025.51275638 0.77859536
1030.51525763 0.77813984
1035.51775888 0.77768568
1040.52026013 0.77723288
1045.52276138 0.77678143
1050.52526263 0.77633132
1055.52776388 0.77588253
1060.53026513 0.77543507
1065.53276638 0.77498890
1070.53526763 0.77454404
1075.53776888 0.77410046
1080.54027014 0.77365816
1085.54277139 0.77321713
1090.54527264 0.77277736
1095.54777389 0.77233884
1100.55027514 0.77190156
1105.55277639 0.77146551
1110.55527764 0.77103069
1115.55777889 0.77059707
1120.56028014 0.77016467
1125.56278139 0.76973346
1130.56528264 0.76930344
1135.56778389 0.76887459
1140.57028514 0.76844692
1145.57278639 0.76802042
1150.57528764 0.76759507
1155.57778889 0.76717086
1160.58029015 0.76674780
1165.58279140 0.76632586
1170.58529265 0.76590505
1175.58779390 0.76548536
1180.59029515 0.76506677
1185.59279640 0.76464929
1190.59529765 0.76423290
1195.59779890 0.76381759
1200.60030015 0.76340337
1205.60280140 0.76299021
1210.60530265 0.76257813
1215.60780390 0.76216709
1220.61030515 0.76175711
1225.61280640 0.76134818
1230.61530765 0.76094028
1235.61780890 0.76053341
1240.62031016 0.76012756
1245.62281141 0.75972273
1250.62531266 0.75931892
1255.62781391 0.75891610
1260.63031516 0.75851429
1265.63281641 0.75811346
1270.63531766 0.75771363
1275.63781891 0.75731477
1280.64032016 0.75691688
1285.64282141 0.75651996
1290.64532266 0.75612400
1295.64782391 0.75572900
1300.65032516 0.75533495
1305.65282641 0.75494184
1310.65532766 0.75454966
1315.65782891 0.75415842
1320.66033017 0.75376811
1325.66283142 0.75337871
1330.66533267 0.75299023
1335.66783392 0.75260267
1340.67033517 0.75221600
1345.67283642 0.75183024
1350.67533767 0.75144536
1355.67783892 0.75106138
1360.68034017 0.75067828
1365.68284142 0.75029606
1370.68534267 0.74991471
1375.68784392 0.74953423
1380.69034517 0.74915461
1385.69284642 0.74877585
1390.69534767 0.74839794
1395.69784892 0.74802088
1400.70035018 0.74764467
1405.70285143 0.74726929
1410.70535268 0.74689475
1415.70785393 0.74652103
1420.71035518 0.74614814
1425.71285643 0.74577607
1430.71535768 0.74540482
1435.71785893 0.74503437
1440.72036018 0.74466474
1445.72286143 0.74429590
1450.72536268 0.74392786
1455.72786393 0.74356062
1460.73036518 0.74319416
1465.73286643 0.74282849
1470.73536768 0.74246360
1475.73786893 0.74209949
1480.74037019 0.74173614
1485.74287144 0.74137357
1490.74537269 0.74101176
1495.74787394 0.74065070
1500.75037519 0.74029041
1505.75287644 0.73993086
1510.75537769 0.73957207
1515.75787894 0.73921402
1520.76038019 0.73885670
1525.76288144 0.73850013
1530.76538269 0.73814428
1535.76788394 0.73778917
1540.77038519 0.73743478
1545.77288644 0.73708111
1550.77538769 0.73672815
1555.77788894 0.73637591
1560.78039020 0.73602439
1565.78289145 0.73567356
1570.78539270 0.73532344
1575.78789395 0.73497403
1580.79039520 0.73462530
1585.79289645 0.73427727
1590.79539770 0.73392993
1595.79789895 0.73358327
1600.80040020 0.73323730
1605.80290145 0.73289200
1610.80540270 0.73254738
1615.80790395 0.73220343
1620.81040520 0.73186015
1625.81290645 0.73151754
1630.81540770 0.73117559
1635.81790895 0.73083430
1640.82041021 0.73049366
1645.82291146 0.73015368
1650.82541271 0.72981434
1655.82791396 0.72947566
1660.83041521 0.72913761
1665.83291646 0.72880021
1670.83541771 0.72846345
1675.83791896 0.72812732
1680.84042021 0.72779182
1685.84292146 0.72745695
1690.84542271 0.72712270
1695.84792396 0.72678908
1700.85042521 0.72645608
1705.85292646 0.72612369
1710.85542771 0.72579192
1715.85792896 0.72546076
1720.86043022 0.72513021
1725.86293147 0.72480027
1730.86543272 0.72447093
1735.86793397 0.72414218
1740.87043522 0.72381404
1745.87293647 0.72348649
1750.87543772 0.72315953
1755.87793897 0.72283316
1760.88044022 0.72250738
1765.88294147 0.72218219
1770.88544272 0.72185757
1775.88794397 0.72153353
1780.89044522 0.72121007
1785.89294647 0.72088719
1790.89544772 0.72056487
1795.89794897 0.72024313
1800.90045023 0.71992195
1805.90295148 0.71960134
1810.90545273 0.71928128
1815.90795398 0.71896179
1820.91045523 0.71864285
1825.91295648 0.71832447
1830.91545773 0.71800664
1835.91795898 0.71768935
1840.92046023 0.71737262
1845.92296148 0.71705643
1850.92546273 0.71674078
1855.92796398 0.71642568
1860.93046523 0.71611111
1865.93296648 0.71579707
1870.93546773 0.71548357
1875.93796898 0.71517061
1880.94047024 0.71485817
1885.94297149 0.71454625
1890.94547274 0.71423487
1895.94797399 0.71392400
1900.95047524 0.71361366
1905.95297649 0.71330383
1910.95547774 0.71299452
1915.95797899 0.71268572
1920.96048024 0.71237744
1925.96298149 0.71206966
1930.96548274 0.71176239
1935.96798399 0.71145563
1940.97048524 0.71114937
1945.97298649 0.71084362
1950.97548774 0.71053836
1955.97798899 0.71023360
1960.98049025 0.70992933
1965.98299150 0.70962556
1970.98549275 0.70932228
1975.98799400 0.70901949
1980.99049525 0.70871719
1985.99299650 0.70841538
1990.99549775 0.70811404
1995.99799900 0.70781319
2001.00050025 0.70751282
2006.00300150 0.70721293
2011.00550275 0.70691352
2016.00800400 0.70661458
2021.01050525 0.70631611
2026.01300650 0.70601811
2031.01550775 0.70572058
2036.01800900 0.70542352
2041.02051026 0.70512693
2046.02301151 0.70483080
2051.02551276 0.70453513
2056.02801401 0.70423992
2061.03051526 0.70394516
2066.03301651 0.70365087
2071.03551776 0.70335703
2076.03801901 0.70306364
2081.04052026 0.70277071
2086.04302151 0.70247822
2091.04552276 0.70218619
2096.04802401 0.70189460
2101.05052526 0.70160345
2106.05302651 0.70131275
2111.05552776 0.70102249
2116.05802901 0.70073267
2121.06053027 0.70044328
2126.06303152 0.70015434
2131.06553277 0.69986583
2136.06803402 0.69957775
2141.07053527 0.69929010
2146.07303652 0.69900289
2151.07553777 0.69871610
2156.07803902 0.69842974
2161.08054027 0.69814381
2166.08304152 0.69785830
2171.08554277 0.69757321
2176.08804402 0.69728855
2181.09054527 0.69700430
2186.09304652 0.69672047
2191.09554777 0.69643706
2196.09804902 0.69615407
2201.10055028 0.69587148
2206.10305153 0.69558931
2211.10555278 0.69530755
2216.10805403 0.69502620
2221.11055528 0.69474526
2226.11305653 0.69446473
2231.11555778 0.69418459
2236.11805903 0.69390487
2241.12056028 0.69362554
2246.12306153 0.69334662
2251.12556278 0.69306809
2256.12806403 0.69278997
2261.13056528 0.69251224
2266.13306653 0.69223490
2271.13556778 0.69195796
2276.13806903 0.69168141
2281.14057029 0.69140526
2286.14307154 0.69112949
2291.14557279 0.69085411
2296.14807404 0.69057912
2301.15057529 0.69030451
2306.15307654 0.69003029
2311.15557779 0.68975646
2316.15807904 0.68948300
2321.16058029 0.68920993
2326.16308154 0.68893723
2331.16558279 0.68866492
2336.16808404 0.68839298
2341.17058529 0.68812141
2346.17308654 0.68785022
2351.17558779 0.68757941
2356.17808904 0.68730897
2361.18059030 0.68703889
2366.18309155 0.68676919
2371.18559280 0.68649985
2376.18809405 0.68623089
2381.19059530 0.68596228
2386.19309655 0.68569405
2391.19559780 0.68542617
2396.19809905 0.68515866
2401.20060030 0.68489151
2406.20310155 0.68462472
2411.20560280 0.68435829
2416.20810405 0.68409222
2421.21060530 0.68382650
2426.21310655 0.68356114
2431.21560780 0.68329614
2436.21810905 0.68303148
2441.22061031 0.68276718
2446.22311156 0.68250323
2451.22561281 0.68223963
2456.22811406 0.68197638
2461.23061531 0.68171347
2466.23311656 0.68145092
2471.23561781 0.68118871
2476.23811906 0.68092684
2481.24062031 0.68066531
2486.24312156 0.68040413
2491.24562281 0.68014329
2496.24812406 0.67988279
2501.25062531 0.67962263
2506.25312656 0.67936280
2511.25562781 0.67910332
2516.25812906 0.67884416
2521.26063032 0.67858535
2526.26313157 0.67832687
2531.26563282 0.67806872
2536.26813407 0.67781090
2541.27063532 0.67755341
2546.27313657 0.67729625
2551.27563782 0.67703943
2556.27813907 0.67678292
2561.28064032 0.67652675
2566.28314157 0.67627090
2571.28564282 0.67601538
2576.28814407 0.67576018
2581.29064532 0.67550530
2586.29314657 0.67525075
2591.29564782 0.67499651
2596.29814907 0.67474260
2601.30065033 0.67448900
2606.30315158 0.67423573
2611.30565283 0.67398277
2616.30815408 0.67373012
2621.31065533 0.67347780
2626.31315658 0.67322578
2631.31565783 0.67297408
2636.31815908 0.67272269
2641.32066033 0.67247162
2646.32316158 0.67222085
2651.32566283 0.67197039
2656.32816408 0.67172025
2661.33066533 0.67147041
2666.33316658 0.67122087
2671.33566783 0.67097165
2676.33816908 0.67072272
2681.34067034 0.67047411
2686.34317159 0.67022579
2691.34567284 0.66997778
2696.34817409 0.66973007
2701.35067534 0.66948267
2706.35317659 0.66923556
2711.35567784 0.66898875
2716.35817909 0.66874224
2721.36068034 0.66849602
2726.36318159 0.66825011
2731.36568284 0.66800448
2736.36818409 0.66775916
2741.37068534 0.66751413
2746.37318659 0.66726939
2751.37568784 0.66702494
2756.37818909 0.66678078
2761.38069035 0.66653692
2766.38319160 0.66629335
2771.38569285 0.66605006
2776.38819410 0.66580706
2781.39069535 0.66556435
2786.39319660 0.66532193
2791.39569785 0.66507980
2796.39819910 0.66483794
2801.40070035 0.66459638
2806.40320160 0.66435509
2811.40570285 0.66411409
2816.40820410 0.66387337
2821.41070535 0.66363294
2826.41320660 0.66339278
2831.41570785 0.66315290
2836.41820910 0.66291330
2841.42071036 0.66267398
2846.42321161 0.66243494
2851.42571286 0.66219617
2856.42821411 0.66195768
2861.43071536 0.66171947
2866.43321661 0.66148153
2871.43571786 0.66124386
2876.43821911 0.66100647
2881.44072036 0.66076934
2886.44322161 0.66053249
2891.44572286 0.66029591
2896.44822411 0.66005960
2901.45072536 0.65982356
2906.45322661 0.65958779
2911.45572786 0.65935229
2916.45822911 0.65911705
2921.46073037 0.65888208
2926.46323162 0.65864737
2931.46573287 0.65841294
2936.46823412 0.65817876
2941.47073537 0.65794485
2946.47323662 0.65771120
2951.47573787 0.65747781
2956.47823912 0.65724469
2961.48074037 0.65701182
2966.48324162 0.65677922
2971.48574287 0.65654688
2976.48824412 0.65631479
2981.49074537 0.65608296
2986.49324662 0.65585139
2991.49574787 0.65562008
2996.49824912 0.65538902
3001.50075038 0.65515822
3006.50325163 0.65492768
3011.50575288 0.65469738
3016.50825413 0.65446734
3021.51075538 0.65423756
3026.51325663 0.65400802
3031.51575788 0.65377874
3036.51825913 0.65354971
3041.52076038 0.65332093
3046.52326163 0.65309240
3051.52576288 0.65286412
3056.52826413 0.65263608
3061.53076538 0.65240830
3066.53326663 0.65218076
3071.53576788 0.65195347
3076.53826913 0.65172642
3081.54077039 0.65149962
3086.54327164 0.65127306
3091.54577289 0.65104675
3096.54827414 0.65082068
3101.55077539 0.65059486
3106.55327664 0.65036927
3111.55577789 0.65014393
3116.55827914 0.64991883
3121.56078039 0.64969397
3126.56328164 0.64946935
3131.56578289 0.64924497
3136.56828414 0.64902083
3141.57078539 0.64879692
3146.57328664 0.64857325
3151.57578789 0.64834982
3156.57828914 0.64812663
3161.58079040 0.64790367
3166.58329165 0.64768095
3171.58579290 0.64745846
3176.58829415 0.64723620
3181.59079540 0.64701418
3186.59329665 0.64679240
3191.59579790 0.64657084
3196.59829915 0.64634952
3201.60080040 0.64612842
3206.60330165 0.64590756
3211.60580290 0.64568693
3216.60830415 0.64546652
3221.61080540 0.64524635
3226.61330665 0.64502641
3231.61580790 0.64480669
3236.61830915 0.64458720
3241.62081041 0.64436793
3246.62331166 0.64414890
3251.62581291 0.64393009
3256.62831416 0.64371150
3261.63081541 0.64349314
3266.63331666 0.64327500
3271.63581791 0.64305709
3276.63831916 0.64283939
3281.64082041 0.64262193
3286.64332166 0.64240468
3291.64582291 0.64218765
3296.64832416 0.64197085
3301.65082541 0.64175427
3306.65332666 0.64153790
3311.65582791 0.64132176
3316.65832916 0.64110583
3321.66083042 0.64089012
3326.66333167 0.64067463
3331.66583292 0.64045936
3336.66833417 0.64024431
3341.67083542 0.64002947
3346.67333667 0.63981484
3351.67583792 0.63960044
3356.67833917 0.63938624
3361.68084042 0.63917226
3366.68334167 0.63895850
3371.68584292 0.63874495
3376.68834417 0.63853161
3381.69084542 0.63831848
3386.69334667 0.63810557
3391.69584792 0.63789287
3396.69834917 0.63768037
3401.70085043 0.63746809
3406.70335168 0.63725602
3411.70585293 0.63704416
3416.70835418 0.63683250
3421.71085543 0.63662106
3426.71335668 0.63640982
3431.71585793 0.63619879
3436.71835918 0.63598797
3441.72086043 0.63577736
3446.72336168 0.63556695
3451.72586293 0.63535674
3456.72836418 0.63514674
3461.73086543 0.63493695
3466.73336668 0.63472736
3471.73586793 0.63451798
3476.73836918 0.63430880
3481.74087044 0.63409982
3486.74337169 0.63389104
3491.74587294 0.63368247
3496.74837419 0.63347409
3501.75087544 0.63326592
3506.75337669 0.63305795
3511.75587794 0.63285018
3516.75837919 0.63264261
3521.76088044 0.63243524
3526.76338169 0.63222807
3531.76588294 0.63202109
3536.76838419 0.63181432
3541.77088544 0.63160774
3546.77338669 0.63140136
3551.77588794 0.63119518
3556.77838919 0.63098919
3561.78089045 0.63078340
3566.78339170 0.63057780
3571.78589295 0.63037240
3576.78839420 0.63016719
3581.79089545 0.62996218
3586.79339670 0.62975736
3591.79589795 0.62955274
3596.79839920 0.62934831
3601.80090045 0.62914407
3606.80340170 0.62894002
3611.80590295 0.62873616
3616.80840420 0.62853250
3621.81090545 0.62832903
3626.81340670 0.62812574
3631.81590795 0.62792265
3636.81840920 0.62771975
3641.82091046 0.62751704
3646.82341171 0.62731451
3651.82591296 0.62711217
3656.82841421 0.62691003
3661.83091546 0.62670807
3666.83341671 0.62650629
3671.83591796 0.62630471
3676.83841921 0.62610331
3681.84092046 0.62590209
3686.84342171 0.62570106
3691.84592296 0.62550022
3696.84842421 0.62529956
3701.85092546 0.62509909
3706.85342671 0.62489880
3711.85592796 0.62469870
3716.85842921 0.62449877
3721.86093047 0.62429904
3726.86343172 0.62409948
3731.86593297 0.62390011
3736.86843422 0.62370091
3741.87093547 0.62350190
3746.87343672 0.62330307
3751.87593797 0.62310442
3756.87843922 0.62290596
3761.88094047 0.62270767
3766.88344172 0.62250956
3771.88594297 0.62231163
3776.88844422 0.62211388
3781.89094547 0.62191631
3786.89344672 0.62171891
3791.89594797 0.62152169
3796.89844922 0.62132466
3801.90095048 0.62112779
3806.90345173 0.62093111
3811.90595298 0.62073460
3816.90845423 0.62053827
3821.91095548 0.62034211
3826.91345673 0.62014613
3831.91595798 0.61995032
3836.91845923 0.61975469
3841.92096048 0.61955923
3846.92346173 0.61936394
3851.92596298 0.61916883
3856.92846423 0.61897389
3861.93096548 0.61877913
3866.93346673 0.61858454
3871.93596798 0.61839012
3876.93846923 0.61819587
3881.94097049 0.61800179
3886.94347174 0.61780788
3891.94597299 0.61761415
3896.94847424 0.61742058
3901.95097549 0.61722719
3906.95347674 0.61703396
3911.95597799 0.61684090
3916.95847924 0.61664802
3921.96098049 0.61645530
3926.96348174 0.61626275
3931.96598299 0.61607036
3936.96848424 0.61587815
3941.97098549 0.61568610
3946.97348674 0.61549422
3951.97598799 0.61530251
3956.97848924 0.61511096
3961.98099050 0.61491958
3966.98349175 0.61472836
3971.98599300 0.61453731
3976.98849425 0.61434643
3981.99099550 0.61415571
3986.99349675 0.61396515
3991.99599800 0.61377476
3996.99849925 0.61358453
4002.00100050 0.61339447
4007.00350175 0.61320457
4012.00600300 0.61301483
4017.00850425 0.61282525
4022.01100550 0.61263584
4027.01350675 0.61244659
4032.01600800 0.61225750
4037.01850925 0.61206857
4042.02101051 0.61187980
4047.02351176 0.61169119
4052.02601301 0.61150274
4057.02851426 0.61131446
4062.03101551 0.61112633
4067.03351676 0.61093836
4072.03601801 0.61075055
4077.03851926 0.61056290
4082.04102051 0.61037541
4087.04352176 0.61018808
4092.04602301 0.61000090
4097.04852426 0.60981388
4102.05102551 0.60962702
4107.05352676 0.60944032
4112.05602801 0.60925377
4117.05852926 0.60906738
4122.06103052 0.60888115
4127.06353177 0.60869507
4132.06603302 0.60850914
4137.06853427 0.60832338
4142.07103552 0.60813776
4147.07353677 0.60795230
4152.07603802 0.60776700
4157.07853927 0.60758185
4162.08104052 0.60739685
4167.08354177 0.60721201
4172.08604302 0.60702732
4177.08854427 0.60684279
4182.09104552 0.60665840
4187.09354677 0.60647417
4192.09604802 0.60629009
4197.09854927 0.60610616
4202.10105053 0.60592239
4207.10355178 0.60573876
4212.10605303 0.60555529
4217.10855428 0.60537196
4222.11105553 0.60518879
4227.11355678 0.60500577
4232.11605803 0.60482289
4237.11855928 0.60464017
4242.12106053 0.60445759
4247.12356178 0.60427517
4252.12606303 0.60409289
4257.12856428 0.60391076
4262.13106553 0.60372878
4267.13356678 0.60354695
4272.13606803 0.60336527
4277.13856928 0.60318373
4282.14107054 0.60300234
4287.14357179 0.60282109
4292.14607304 0.60264000
4297.14857429 0.60245905
4302.15107554 0.60227824
4307.15357679 0.60209758
4312.15607804 0.60191707
4317.15857929 0.60173670
4322.16108054 0.60155648
4327.16358179 0.60137640
4332.16608304 0.60119647
4337.16858429 0.60101668
4342.17108554 0.60083703
4347.17358679 0.60065753
4352.17608804 0.60047817
4357.17858929 0.60029896
4362.18109055 0.60011988
4367.18359180 0.59994095
4372.18609305 0.59976217
4377.18859430 0.59958352
4382.19109555 0.59940502
4387.19359680 0.59922666
4392.19609805 0.59904843
4397.19859930 0.59887036
4402.20110055 0.59869242
4407.20360180 0.59851462
4412.20610305 0.59833696
4417.20860430 0.59815944
4422.21110555 0.59798207
4427.21360680 0.59780483
4432.21610805 0.59762773
4437.21860930 0.59745077
4442.22111056 0.59727395
4447.22361181 0.59709727
4452.22611306 0.59692073
4457.22861431 0.59674432
4462.23111556 0.59656805
4467.23361681 0.59639192
4472.23611806 0.59621593
4477.23861931 0.59604008
4482.24112056 0.59586436
4487.24362181 0.59568878
4492.24612306 0.59551333
4497.24862431 0.59533802
4502.25112556 0.59516285
4507.25362681 0.59498782
4512.25612806 0.59481291
4517.25862931 0.59463815
4522.26113057 0.59446352
4527.26363182 0.59428902
4532.26613307 0.59411466
4537.26863432 0.59394043
4542.27113557 0.59376634
4547.27363682 0.59359238
4552.27613807 0.59341856
4557.27863932 0.59324487
4562.28114057 0.59307131
4567.28364182 0.59289788
4572.28614307 0.59272459
4577.28864432 0.59255143
4582.29114557 0.59237840
4587.29364682 0.59220550
4592.29614807 0.59203274
4597.29864932 0.59186011
4602.30115058 0.59168761
4607.30365183 0.59151524
4612.30615308 0.59134300
4617.30865433 0.59117089
4622.31115558 0.59099891
4627.31365683 0.59082707
4632.31615808 0.59065535
4637.31865933 0.59048376
4642.32116058 0.59031231
4647.32366183 0.59014098
4652.32616308 0.58996978
4657.32866433 0.58979871
4662.33116558 0.58962777
4667.33366683 0.58945696
4672.33616808 0.58928627
4677.33866933 0.58911572
4682.34117059 0.58894529
4687.34367184 0.58877499
4692.34617309 0.58860482
4697.34867434 0.58843477
4702.35117559 0.58826485
4707.35367684 0.58809506
4712.35617809 0.58792540
4717.35867934 0.58775586
4722.36118059 0.58758645
4727.36368184 0.58741716
4732.36618309 0.58724800
4737.36868434 0.58707896
4742.37118559 0.58691005
4747.37368684 0.58674127
4752.37618809 0.58657261
4757.37868934 0.58640408
4762.38119060 0.58623567
4767.38369185 0.58606738
4772.38619310 0.58589922
4777.38869435 0.58573118
4782.39119560 0.58556327
4787.39369685 0.58539548
4792.39619810 0.58522781
4797.39869935 0.58506027
4802.40120060 0.58489285
4807.40370185 0.58472555
4812.40620310 0.58455837
4817.40870435 0.58439132
4822.41120560 0.58422439
4827.41370685 0.58405758
4832.41620810 0.58389089
4837.41870935 0.58372433
4842.42121061 0.58355789
4847.42371186 0.58339156
4852.42621311 0.58322536
4857.42871436 0.58305928
4862.43121561 0.58289332
4867.43371686 0.58272748
4872.43621811 0.58256176
4877.43871936 0.58239616
4882.44122061 0.58223068
4887.44372186 0.58206532
4892.44622311 0.58190008
4897.44872436 0.58173495
4902.45122561 0.58156995
4907.45372686 0.58140507
4912.45622811 0.58124030
4917.45872936 0.58107565
4922.46123062 0.58091113
4927.46373187 0.58074671
4932.46623312 0.58058242
4937.46873437 0.58041825
4942.47123562 0.58025419
4947.47373687 0.58009025
4952.47623812 0.57992643
4957.47873937 0.57976272
4962.48124062 0.57959913
4967.48374187 0.57943566
4972.48624312 0.57927230
4977.48874437 0.57910906
4982.49124562 0.57894594
4987.49374687 0.57878293
4992.49624812 0.57862004
4997.49874937 0.57845726
5002.50125063 0.57829460
5007.50375188 0.57813205
5012.50625313 0.57796962
5017.50875438 0.57780731
5022.51125563 0.57764510
5027.51375688 0.57748302
5032.51625813 0.57732104
5037.51875938 0.57715918
5042.52126063 0.57699744
5047.52376188 0.57683581
5052.52626313 0.57667429
5057.52876438 0.57651288
5062.53126563 0.57635159
5067.53376688 0.57619041
5072.53626813 0.57602935
5077.53876938 0.57586840
5082.54127064 0.57570756
5087.54377189 0.57554683
5092.54627314 0.57538621
5097.54877439 0.57522571
5102.55127564 0.57506532
5107.55377689 0.57490503
5112.55627814 0.57474487
5117.55877939 0.57458481
5122.56128064 0.57442486
5127.56378189 0.57426503
5132.56628314 0.57410530
5137.56878439 0.57394569
5142.57128564 0.57378618
5147.57378689 0.57362679
5152.57628814 0.57346750
5157.57878939 0.57330833
5162.58129065 0.57314927
5167.58379190 0.57299031
5172.58629315 0.57283147
5177.58879440 0.57267273
5182.59129565 0.57251411
5187.59379690 0.57235559
5192.59629815 0.57219718
5197.59879940 0.57203888
5202.60130065 0.57188069
5207.60380190 0.57172260
5212.60630315 0.57156463
5217.60880440 0.57140676
5222.61130565 0.57124900
5227.61380690 0.57109135
5232.61630815 0.57093380
5237.61880940 0.57077637
5242.62131066 0.57061904
5247.62381191 0.57046181
5252.62631316 0.57030470
5257.62881441 0.57014769
5262.63131566 0.56999079
5267.63381691 0.56983399
5272.63631816 0.56967730
5277.63881941 0.56952071
5282.64132066 0.56936424
5287.64382191 0.56920786
5292.64632316 0.56905160
5297.64882441 0.56889543
5302.65132566 0.56873938
5307.65382691 0.56858342
5312.65632816 0.56842758
5317.65882941 0.56827184
5322.66133067 0.56811620
5327.66383192 0.56796067
5332.66633317 0.56780524
5337.66883442 0.56764991
5342.67133567 0.56749469
5347.67383692 0.56733958
5352.67633817 0.56718456
5357.67883942 0.56702965
5362.68134067 0.56687485
5367.68384192 0.56672015
5372.68634317 0.56656555
5377.68884442 0.56641105
5382.69134567 0.56625666
5387.69384692 0.56610237
5392.69634817 0.56594818
5397.69884942 0.56579409
5402.70135068 0.56564011
5407.70385193 0.56548623
5412.70635318 0.56533245
5417.70885443 0.56517877
5422.71135568 0.56502519
5427.71385693 0.56487171
5432.71635818 0.56471834
5437.71885943 0.56456507
5442.72136068 0.56441190
5447.72386193 0.56425883
5452.72636318 0.56410586
5457.72886443 0.56395299
5462.73136568 0.56380022
5467.73386693 0.56364755
5472.73636818 0.56349498
5477.73886943 0.56334251
5482.74137069 0.56319014
5487.74387194 0.56303787
5492.74637319 0.56288570
5497.74887444 0.56273363
5502.75137569 0.56258166
5507.75387694 0.56242979
5512.75637819 0.56227802
5517.75887944 0.56212634
5522.76138069 0.56197477
5527.76388194 0.56182329
5532.76638319 0.56167192
5537.76888444 0.56152064
5542.77138569 0.56136945
5547.77388694 0.56121837
5552.77638819 0.56106739
5557.77888944 0.56091650
5562.78139070 0.56076571
5567.78389195 0.56061501
5572.78639320 0.56046442
5577.78889445 0.56031392
5582.79139570 0.56016352
5587.79389695 0.56001322
5592.79639820 0.55986301
5597.79889945 0.55971290
5602.80140070 0.55956288
5607.80390195 0.55941297
5612.80640320 0.55926314
5617.80890445 0.55911342
5622.81140570 0.55896379
5627.81390695 0.55881426
5632.81640820 0.55866482
5637.81890945 0.55851547
5642.82141071 0.55836623
5647.82391196 0.55821708
5652.82641321 0.55806802
5657.82891446 0.55791906
5662.83141571 0.55777019
5667.83391696 0.55762142
5672.83641821 0.55747274
5677.83891946 0.55732416
5682.84142071 0.55717567
5687.84392196 0.55702728
5692.84642321 0.55687898
5697.84892446 0.55673077
5702.85142571 0.55658266
5707.85392696 0.55643464
5712.85642821 0.55628672
5717.85892946 0.55613889
5722.86143072 0.55599115
5727.86393197 0.55584351
5732.86643322 0.55569595
5737.86893447 0.55554850
5742.87143572 0.55540113
5747.87393697 0.55525386
5752.87643822 0.55510668
5757.87893947 0.55495959
5762.88144072 0.55481259
5767.88394197 0.55466569
5772.88644322 0.55451888
5777.88894447 0.55437216
5782.89144572 0.55422553
5787.89394697 0.55407900
5792.89644822 0.55393255
5797.89894947 0.55378620
5802.90145073 0.55363994
5807.90395198 0.55349377
5812.90645323 0.55334769
5817.90895448 0.55320170
5822.91145573 0.55305580
5827.91395698 0.55291000
5832.91645823 0.55276428
5837.91895948 0.55261866
5842.92146073 0.55247312
5847.92396198 0.55232768
5852.92646323 0.55218232
5857.92896448 0.55203706
5862.93146573 0.55189188
5867.93396698 0.55174680
5872.93646823 0.55160180
5877.93896948 0.55145689
5882.94147074 0.55131208
5887.94397199 0.55116735
5892.94647324 0.55102271
5897.94897449 0.55087816
5902.95147574 0.55073370
5907.95397699 0.55058933
5912.95647824 0.55044505
5917.95897949 0.55030085
5922.96148074 0.55015675
5927.96398199 0.55001273
5932.96648324 0.54986880
5937.96898449 0.54972496
5942.97148574 0.54958121
5947.97398699 0.54943754
5952.97648824 0.54929396
5957.97898949 0.54915047
5962.98149075 0.54900707
5967.98399200 0.54886375
5972.98649325 0.54872053
5977.98899450 0.54857738
5982.99149575 0.54843433
5987.99399700 0.54829136
5992.99649825 0.54814848
5997.99899950 0.54800569
6003.00150075 0.54786298
6008.00400200 0.54772036
6013.00650325 0.54757783
6018.00900450 0.54743538
6023.01150575 0.54729302
6028.01400700 0.54715074
6033.01650825 0.54700855
6038.01900950 0.54686645
6043.02151076 0.54672443
6048.02401201 0.54658250
6053.02651326 0.54644065
6058.02901451 0.54629889
6063.03151576 0.54615721
6068.03401701 0.54601562
6073.03651826 0.54587412
6078.03901951 0.54573270
6083.04152076 0.54559136
6088.04402201 0.54545011
6093.04652326 0.54530894
6098.04902451 0.54516786
6103.05152576 0.54502686
6108.05402701 0.54488594
6113.05652826 0.54474511
6118.05902951 0.54460437
6123.06153077 0.54446370
6128.06403202 0.54432313
6133.06653327 0.54418263
6138.06903452 0.54404222
6143.07153577 0.54390189
6148.07403702 0.54376165
6153.07653827 0.54362149
6158.07903952 0.54348141
6163.08154077 0.54334141
6168.08404202 0.54320150
6173.08654327 0.54306167
6178.08904452 0.54292193
6183.09154577 0.54278226
6188.09404702 0.54264268
6193.09654827 0.54250318
6198.09904952 0.54236377
6203.10155078 0.54222443
6208.10405203 0.54208518
6213.10655328 0.54194601
6218.10905453 0.54180692
6223.11155578 0.54166792
6228.11405703 0.54152899
6233.11655828 0.54139015
6238.11905953 0.54125139
6243.12156078 0.54111271
6248.12406203 0.54097411
6253.12656328 0.54083559
6258.12906453 0.54069716
6263.13156578 0.54055880
6268.13406703 0.54042053
6273.13656828 0.54028233
6278.13906953 0.54014422
6283.14157079 0.54000619
6288.14407204 0.53986823
6293.14657329 0.53973036
6298.14907454 0.53959257
6303.15157579 0.53945486
6308.15407704 0.53931723
6313.15657829 0.53917968
6318.15907954 0.53904221
6323.16158079 0.53890481
6328.16408204 0.53876750
6333.16658329 0.53863027
6338.16908454 0.53849312
6343.17158579 0.53835604
6348.17408704 0.53821905
6353.17658829 0.53808213
6358.17908954 0.53794530
6363.18159080 0.53780854
6368.18409205 0.53767186
6373.18659330 0.53753526
6378.18909455 0.53739874
6383.19159580 0.53726230
6388.19409705 0.53712594
6393.19659830 0.53698965
6398.19909955 0.53685345
6403.20160080 0.53671732
6408.20410205 0.53658127
6413.20660330 0.53644530
6418.20910455 0.53630940
6423.21160580 0.53617358
6428.21410705 0.53603785
6433.21660830 0.53590218
6438.21910955 0.53576660
6443.22161081 0.53563109
6448.22411206 0.53549567
6453.22661331 0.53536031
6458.22911456 0.53522504
6463.23161581 0.53508984
6468.23411706 0.53495472
6473.23661831 0.53481968
6478.23911956 0.53468471
6483.24162081 0.53454982
6488.24412206 0.53441501
6493.24662331 0.53428027
6498.24912456 0.53414561
6503.25162581 0.53401103
6508.25412706 0.53387652
6513.25662831 0.53374209
6518.25912956 0.53360773
6523.26163082 0.53347345
6528.26413207 0.53333925
6533.26663332 0.53320512
6538.26913457 0.53307107
6543.27163582 0.53293709
6548.27413707 0.53280319
6553.27663832 0.53266936
6558.27913957 0.53253561
6563.28164082 0.53240193
6568.28414207 0.53226833
6573.28664332 0.53213481
6578.28914457 0.53200136
6583.29164582 0.53186798
6588.29414707 0.53173468
6593.29664832 0.53160146
6598.29914957 0.53146830
6603.30165083 0.53133523
6608.30415208 0.53120222
6613.30665333 0.53106930
6618.30915458 0.53093644
6623.31165583 0.53080366
6628.31415708 0.53067096
6633.31665833 0.53053832
6638.31915958 0.53040577
6643.32166083 0.53027328
6648.32416208 0.53014087
6653.32666333 0.53000854
6658.32916458 0.52987627
6663.33166583 0.52974408
6668.33416708 0.52961197
6673.33666833 0.52947992
6678.33916958 0.52934795
6683.34167084 0.52921606
6688.34417209 0.52908423
6693.34667334 0.52895248
6698.34917459 0.52882080
6703.35167584 0.52868920
6708.35417709 0.52855767
6713.35667834 0.52842620
6718.35917959 0.52829482
6723.36168084 0.52816350
6728.36418209 0.52803226
6733.36668334 0.52790109
6738.36918459 0.52776999
6743.37168584 0.52763896
6748.37418709 0.52750801
6753.37668834 0.52737713
6758.37918959 0.52724632
6763.38169085 0.52711558
6768.38419210 0.52698491
6773.38669335 0.52685432
6778.38919460 0.52672379
6783.39169585 0.52659334
6788.39419710 0.52646296
6793.39669835 0.52633265
6798.39919960 0.52620241
6803.40170085 0.52607224
6808.40420210 0.52594214
6813.40670335 0.52581212
6818.40920460 0.52568216
6823.41170585 0.52555228
6828.41420710 0.52542246
6833.41670835 0.52529272
6838.41920960 0.52516305
6843.42171086 0.52503345
6848.42421211 0.52490391
6853.42671336 0.52477445
6858.42921461 0.52464506
6863.43171586 0.52451574
6868.43421711 0.52438649
6873.43671836 0.52425731
6878.43921961 0.52412820
6883.44172086 0.52399915
6888.44422211 0.52387018
6893.44672336 0.52374128
6898.44922461 0.52361245
6903.45172586 0.52348368
6908.45422711 0.52335499
6913.45672836 0.52322637
6918.45922961 0.52309781
6923.46173087 0.52296932
6928.46423212 0.52284091
6933.46673337 0.52271256
6938.46923462 0.52258428
6943.47173587 0.52245607
6948.47423712 0.52232793
6953.47673837 0.52219985
6958.47923962 0.52207185
6963.48174087 0.52194391
6968.48424212 0.52181605
6973.48674337 0.52168825
6978.48924462 0.52156052
6983.49174587 0.52143285
6988.49424712 0.52130526
6993.49674837 0.52117773
6998.49924962 0.52105027
7003.50175088 0.52092288
7008.50425213 0.52079556
7013.50675338 0.52066831
7018.50925463 0.52054112
7023.51175588 0.52041400
7028.51425713 0.52028695
7033.51675838 0.52015996
7038.51925963 0.52003304
7043.52176088 0.51990619
7048.52426213 0.51977941
7053.52676338 0.51965270
7058.52926463 0.51952605
7063.53176588 0.51939947
7068.53426713 0.51927295
7073.53676838 0.51914650
7078.53926963 0.51902012
7083.54177089 0.51889381
7088.54427214 0.51876756
7093.54677339 0.51864138
7098.54927464 0.51851526
7103.55177589 0.51838922
7108.55427714 0.51826323
7113.55677839 0.51813732
7118.55927964 0.51801147
7123.56178089 0.51788568
7128.56428214 0.51775997
7133.56678339 0.51763432
7138.56928464 0.51750873
7143.57178589 0.51738321
7148.57428714 0.51725776
7153.57678839 0.51713237
7158.57928964 0.51700705
7163.58179090 0.51688179
7168.58429215 0.51675660
7173.58679340 0.51663147
7178.58929465 0.51650641
7183.59179590 0.51638141
7188.59429715 0.51625648
7193.59679840 0.51613162
7198.59929965 0.51600682
7203.60180090 0.51588208
7208.60430215 0.51575741
7213.60680340 0.51563280
7218.60930465 0.51550826
7223.61180590 0.51538379
7228.61430715 0.51525938
7233.61680840 0.51513503
7238.61930965 0.51501075
7243.62181091 0.51488653
7248.62431216 0.51476237
7253.62681341 0.51463828
7258.62931466 0.51451426
7263.63181591 0.51439030
7268.63431716 0.51426640
7273.63681841 0.51414256
7278.63931966 0.51401879
7283.64182091 0.51389509
7288.64432216 0.51377145
7293.64682341 0.51364787
7298.64932466 0.51352435
7303.65182591 0.51340090
7308.65432716 0.51327751
7313.65682841 0.51315419
7318.65932966 0.51303093
7323.66183092 0.51290773
7328.66433217 0.51278460
7333.66683342 0.51266153
7338.66933467 0.51253852
7343.67183592 0.51241557
7348.67433717 0.51229269
7353.67683842 0.51216987
7358.67933967 0.51204711
7363.68184092 0.51192442
7368.68434217 0.51180179
7373.68684342 0.51167922
7378.68934467 0.51155671
7383.69184592 0.51143427
7388.69434717 0.51131189
7393.69684842 0.51118957
7398.69934967 0.51106731
7403.70185093 0.51094512
7408.70435218 0.51082299
7413.70685343 0.51070092
7418.70935468 0.51057891
7423.71185593 0.51045696
7428.71435718 0.51033508
7433.71685843 0.51021326
7438.71935968 0.51009150
7443.72186093 0.50996980
7448.72436218 0.50984816
7453.72686343 0.50972658
7458.72936468 0.50960507
7463.73186593 0.50948362
7468.73436718 0.50936223
7473.73686843 0.50924090
7478.73936968 0.50911963
7483.74187094 0.50899842
7488.74437219 0.50887727
7493.74687344 0.50875619
7498.74937469 0.50863516
7503.75187594 0.50851420
7508.75437719 0.50839329
7513.75687844 0.50827245
7518.75937969 0.50815167
7523.76188094 0.50803095
7528.76438219 0.50791029
7533.76688344 0.50778969
7538.76938469 0.50766915
7543.77188594 0.50754867
7548.77438719 0.50742825
7553.77688844 0.50730790
7558.77938969 0.50718760
7563.78189095 0.50706736
7568.78439220 0.50694718
7573.78689345 0.50682706
7578.78939470 0.50670701
7583.79189595 0.50658701
7588.79439720 0.50646707
7593.79689845 0.50634719
7598.79939970 0.50622737
7603.80190095 0.50610761
7608.80440220 0.50598791
7613.80690345 0.50586827
7618.80940470 0.50574869
7623.81190595 0.50562917
7628.81440720 0.50550971
7633.81690845 0.50539031
7638.81940970 0.50527097
7643.82191096 0.50515168
7648.82441221 0.50503246
7653.82691346 0.50491329
7658.82941471 0.50479418
7663.83191596 0.50467514
7668.83441721 0.50455615
7673.83691846 0.50443722
7678.83941971 0.50431835
7683.84192096 0.50419953
7688.84442221 0.50408078
7693.84692346 0.50396208
7698.84942471 0.50384345
7703.85192596 0.50372487
7708.85442721 0.50360635
7713.85692846 0.50348788
7718.85942971 0.50336948
7723.86193097 0.50325113
7728.86443222 0.50313285
7733.86693347 0.50301462
7738.86943472 0.50289645
7743.87193597 0.50277833
7748.87443722 0.50266028
7753.87693847 0.50254228
7758.87943972 0.50242434
7763.88194097 0.50230646
7768.88444222 0.50218863
7773.88694347 0.50207086
7778.88944472 0.50195316
7783.89194597 0.50183550
7788.89444722 0.50171791
7793.89694847 0.50160037
7798.89944972 0.50148289
7803.90195098 0.50136547
7808.90445223 0.50124810
7813.90695348 0.50113080
7818.90945473 0.50101354
7823.91195598 0.50089635
7828.91445723 0.50077921
7833.91695848 0.50066213
7838.91945973 0.50054511
7843.92196098 0.50042814
7848.92446223 0.50031123
7853.92696348 0.50019438
7858.92946473 0.50007758
7863.93196598 0.49996084
7868.93446723 0.49984416
7873.93696848 0.49972753
7878.93946973 0.49961096
7883.94197099 0.49949445
7888.94447224 0.49937799
7893.94697349 0.49926159
7898.94947474 0.49914524
7903.95197599 0.49902895
7908.95447724 0.49891272
7913.95697849 0.49879654
7918.95947974 0.49868042
7923.96198099 0.49856436
7928.96448224 0.49844835
7933.96698349 0.49833239
7938.96948474 0.49821650
7943.97198599 0.49810065
7948.97448724 0.49798487
7953.97698849 0.49786914
7958.97948974 0.49775346
7963.98199100 0.49763784
7968.98449225 0.49752227
7973.98699350 0.49740676
7978.98949475 0.49729131
7983.99199600 0.49717591
7988.99449725 0.49706057
7993.99699850 0.49694528
7998.99949975 0.49683005
8004.00200100 0.49671487
8009.00450225 0.49659974
8014.00700350 0.49648467
8019.00950475 0.49636966
8024.01200600 0.49625470
8029.01450725 0.49613980
8034.01700850 0.49602495
8039.01950975 0.49591015
8044.02201101 0.49579541
8049.02451226 0.49568073
8054.02701351 0.49556610
8059.02951476 0.49545152
8064.03201601 0.49533700
8069.03451726 0.49522253
8074.03701851 0.49510811
8079.03951976 0.49499375
8084.04202101 0.49487945
8089.04452226 0.49476520
8094.04702351 0.49465100
8099.04952476 0.49453686
8104.05202601 0.49442277
8109.05452726 0.49430873
8114.05702851 0.49419475
8119.05952976 0.49408082
8124.06203102 0.49396695
8129.06453227 0.49385313
8134.06703352 0.49373936
8139.06953477 0.49362565
8144.07203602 0.49351199
8149.07453727 0.49339838
8154.07703852 0.49328483
8159.07953977 0.49317133
8164.08204102 0.49305788
8169.08454227 0.49294449
8174.08704352 0.49283115
8179.08954477 0.49271786
8184.09204602 0.49260463
8189.09454727 0.49249145
8194.09704852 0.49237832
8199.09954977 0.49226525
8204.10205103 0.49215223
8209.10455228 0.49203926
8214.10705353 0.49192635
8219.10955478 0.49181348
8224.11205603 0.49170067
8229.11455728 0.49158792
8234.11705853 0.49147521
8239.11955978 0.49136256
8244.12206103 0.49124996
8249.12456228 0.49113741
8254.12706353 0.49102492
8259.12956478 0.49091247
8264.13206603 0.49080008
8269.13456728 0.49068775
8274.13706853 0.49057546
8279.13956978 0.49046323
8284.14207104 0.49035105
8289.14457229 0.49023892
8294.14707354 0.49012684
8299.14957479 0.49001482
8304.15207604 0.48990284
8309.15457729 0.48979092
8314.15707854 0.48967905
8319.15957979 0.48956723
8324.16208104 0.48945547
8329.16458229 0.48934375
8334.16708354 0.48923209
8339.16958479 0.48912048
8344.17208604 0.48900892
8349.17458729 0.48889741
8354.17708854 0.48878595
8359.17958979 0.48867455
8364.18209105 0.48856320
8369.18459230 0.48845189
8374.18709355 0.48834064
8379.18959480 0.48822944
8384.19209605 0.48811829
8389.19459730 0.48800719
8394.19709855 0.48789615
8399.19959980 0.48778515
8404.20210105 0.48767421
8409.20460230 0.48756331
8414.20710355 0.48745247
8419.20960480 0.48734168
8424.21210605 0.48723093
8429.21460730 0.48712024
8434.21710855 0.48700960
8439.21960980 0.48689901
8444.22211106 0.48678847
8449.22461231 0.48667799
8454.22711356 0.48656755
8459.22961481 0.48645716
8464.23211606 0.48634682
8469.23461731 0.48623654
8474.23711856 0.48612630
8479.23961981 0.48601611
8484.24212106 0.48590598
8489.24462231 0.48579589
8494.24712356 0.48568586
8499.24962481 0.48557587
8504.25212606 0.48546593
8509.25462731 0.48535605
8514.25712856 0.48524621
8519.25962981 0.48513643
8524.26213107 0.48502669
8529.26463232 0.48491700
8534.26713357 0.48480737
8539.26963482 0.48469778
8544.27213607 0.48458824
8549.27463732 0.48447875
8554.27713857 0.48436932
8559.27963982 0.48425993
8564.28214107 0.48415059
8569.28464232 0.48404130
8574.28714357 0.48393206
8579.28964482 0.48382287
8584.29214607 0.48371373
8589.29464732 0.48360463
8594.29714857 0.48349559
8599.29964982 0.48338660
8604.30215108 0.48327765
8609.30465233 0.48316875
8614.30715358 0.48305991
8619.30965483 0.48295111
8624.31215608 0.48284236
8629.31465733 0.48273366
8634.31715858 0.48262501
8639.31965983 0.48251641
8644.32216108 0.48240785
8649.32466233 0.48229935
8654.32716358 0.48219089
8659.32966483 0.48208248
8664.33216608 0.48197412
8669.33466733 0.48186581
8674.33716858 0.48175755
8679.33966983 0.48164934
8684.34217109 0.48154117
8689.34467234 0.48143305
8694.34717359 0.48132498
8699.34967484 0.48121696
8704.35217609 0.48110899
8709.35467734 0.48100107
8714.35717859 0.48089319
8719.35967984 0.48078536
8724.36218109 0.48067758
8729.36468234 0.48056985
8734.36718359 0.48046217
8739.36968484 0.48035453
8744.37218609 0.48024694
8749.37468734 0.48013940
8754.37718859 0.48003191
8759.37968984 0.47992447
8764.38219110 0.47981707
8769.38469235 0.47970972
8774.38719360 0.47960242
8779.38969485 0.47949516
8784.39219610 0.47938796
8789.39469735 0.47928080
8794.39719860 0.47917369
8799.39969985 0.47906662
8804.40220110 0.47895961
8809.40470235 0.47885264
8814.40720360 0.47874571
8819.40970485 0.47863884
8824.41220610 0.47853201
8829.41470735 0.47842523
8834.41720860 0.47831850
8839.41970985 0.47821181
8844.42221111 0.47810517
8849.42471236 0.47799858
8854.42721361 0.47789203
8859.42971486 0.47778553
8864.43221611 0.47767908
8869.43471736 0.47757268
8874.43721861 0.47746632
8879.43971986 0.47736001
8884.44222111 0.47725374
8889.44472236 0.47714752
8894.44722361 0.47704135
8899.44972486 0.47693523
8904.45222611 0.47682915
8909.45472736 0.47672312
8914.45722861 0.47661713
8919.45972986 0.47651119
8924.46223112 0.47640530
8929.46473237 0.47629945
8934.46723362 0.47619365
8939.46973487 0.47608790
8944.47223612 0.47598219
8949.47473737 0.47587653
8954.47723862 0.47577091
8959.47973987 0.47566534
8964.48224112 0.47555982
8969.48474237 0.47545434
8974.48724362 0.47534891
8979.48974487 0.47524353
8984.49224612 0.47513819
8989.49474737 0.47503289
8994.49724862 0.47492765
8999.49974987 0.47482244
9004.50225113 0.47471729
9009.50475238 0.47461218
9014.50725363 0.47450711
9019.50975488 0.47440209
9024.51225613 0.47429712
9029.51475738 0.47419219
9034.51725863 0.47408731
9039.51975988 0.47398247
9044.52226113 0.47387768
9049.52476238 0.47377293
9054.52726363 0.47366823
9059.52976488 0.47356357
9064.53226613 0.47345896
9069.53476738 0.47335440
9074.53726863 0.47324988
9079.53976988 0.47314540
9084.54227114 0.47304097
9089.54477239 0.47293659
9094.54727364 0.47283224
9099.54977489 0.47272795
9104.55227614 0.47262370
9109.55477739 0.47251949
9114.55727864 0.47241533
9119.55977989 0.47231122
9124.56228114 0.47220715
9129.56478239 0.47210312
9134.56728364 0.47199914
9139.56978489 0.47189520
9144.57228614 0.47179131
9149.57478739 0.47168746
9154.57728864 0.47158366
9159.57978989 0.47147990
9164.58229115 0.47137619
9169.58479240 0.47127252
9174.58729365 0.47116889
9179.58979490 0.47106531
9184.59229615 0.47096177
9189.59479740 0.47085828
9194.59729865 0.47075483
9199.59979990 0.47065143
9204.60230115 0.47054807
9209.60480240 0.47044476
9214.60730365 0.47034148
9219.60980490 0.47023826
9224.61230615 0.47013507
9229.61480740 0.47003193
9234.61730865 0.46992884
9239.61980990 0.46982579
9244.62231116 0.46972278
9249.62481241 0.46961982
9254.62731366 0.46951690
9259.62981491 0.46941402
9264.63231616 0.46931119
9269.63481741 0.46920840
9274.63731866 0.46910565
9279.63981991 0.46900295
9284.64232116 0.46890029
9289.64482241 0.46879768
9294.64732366 0.46869511
9299.64982491 0.46859258
9304.65232616 0.46849010
9309.65482741 0.46838766
9314.65732866 0.46828526
9319.65982991 0.46818290
9324.66233117 0.46808059
9329.66483242 0.46797833
9334.66733367 0.46787610
9339.66983492 0.46777392
9344.67233617 0.46767178
9349.67483742 0.46756969
9354.67733867 0.46746764
9359.67983992 0.46736563
9364.68234117 0.46726366
9369.68484242 0.46716174
9374.68734367 0.46705986
9379.68984492 0.46695802
9384.69234617 0.46685623
9389.69484742 0.46675448
9394.69734867 0.46665277
9399.69984992 0.46655110
9404.70235118 0.46644948
9409.70485243 0.46634790
9414.70735368 0.46624636
9419.70985493 0.46614487
9424.71235618 0.46604341
9429.71485743 0.46594200
9434.71735868 0.46584064
9439.71985993 0.46573931
9444.72236118 0.46563803
9449.72486243 0.46553679
9454.72736368 0.46543559
9459.72986493 0.46533443
9464.73236618 0.46523332
9469.73486743 0.46513225
9474.73736868 0.46503122
9479.73986993 0.46493023
9484.74237119 0.46482929
9489.74487244 0.46472839
9494.74737369 0.46462753
9499.74987494 0.46452671
9504.75237619 0.46442593
9509.75487744 0.46432520
9514.75737869 0.46422450
9519.75987994 0.46412385
9524.76238119 0.46402324
9529.76488244 0.46392268
9534.76738369 0.46382215
9539.76988494 0.46372167
9544.77238619 0.46362123
9549.77488744 0.46352083
9554.77738869 0.46342047
9559.77988994 0.46332015
9564.78239120 0.46321988
9569.78489245 0.46311964
9574.78739370 0.46301945
9579.78989495 0.46291930
9584.79239620 0.46281919
9589.79489745 0.46271913
9594.79739870 0.46261910
9599.79989995 0.46251911
9604.80240120 0.46241917
9609.80490245 0.46231927
9614.80740370 0.46221941
9619.80990495 0.46211959
9624.81240620 0.46201981
9629.81490745 0.46192007
9634.81740870 0.46182038
9639.81990995 0.46172072
9644.82241121 0.46162111
9649.82491246 0.46152153
9654.82741371 0.46142200
9659.82991496 0.46132251
9664.83241621 0.46122306
9669.83491746 0.46112365
9674.83741871 0.46102428
9679.83991996 0.46092495
9684.84242121 0.46082567
9689.84492246 0.46072642
9694.84742371 0.46062721
9699.84992496 0.46052805
9704.85242621 0.46042893
9709.85492746 0.46032984
9714.85742871 0.46023080
9719.85992996 0.46013180
9724.86243122 0.46003283
9729.86493247 0.45993391
9734.86743372 0.45983503
9739.86993497 0.45973619
9744.87243622 0.45963739
9749.87493747 0.45953863
9754.87743872 0.45943991
9759.87993997 0.45934123
9764.88244122 0.45924259
9769.88494247 0.45914400
9774.88744372 0.45904544
9779.88994497 0.45894692
9784.89244622 0.45884844
9789.89494747 0.45875000
9794.89744872 0.45865161
9799.89994997 0.45855325
9804.90245123 0.45845493
9809.90495248 0.45835665
9814.90745373 0.45825841
9819.90995498 0.45816022
9824.91245623 0.45806206
9829.91495748 0.45796394
9834.91745873 0.45786586
9839.91995998 0.45776782
9844.92246123 0.45766982
9849.92496248 0.45757186
9854.92746373 0.45747394
9859.92996498 0.45737606
9864.93246623 0.45727822
9869.93496748 0.45718042
9874.93746873 0.45708266
9879.93996998 0.45698494
9884.94247124 0.45688726
9889.94497249 0.45678962
9894.94747374 0.45669201
9899.94997499 0.45659445
9904.95247624 0.45649692
9909.95497749 0.45639944
9914.95747874 0.45630199
9919.95997999 0.45620459
9924.96248124 0.45610722
9929.96498249 0.45600989
9934.96748374 0.45591260
9939.96998499 0.45581535
9944.97248624 0.45571814
9949.97498749 0.45562097
9954.97748874 0.45552384
9959.97998999 0.45542674
9964.98249125 0.45532969
9969.98499250 0.45523268
9974.98749375 0.45513570
9979.98999500 0.45503876
9984.99249625 0.45494186
9989.99499750 0.45484500
9994.99749875 0.45474818
10000.00000000 0.45465140
