0.00000000 1.00000000
5.00250125 0.99735822
10.00500250 0.99518594
15.00750375 0.99328456
20.01000500 0.99156412
25.01250625 0.98997592
30.01500750 0.98849004
35.01750875 0.98708653
40.02001001 0.98575128
45.02251126 0.98447388
50.02501251 0.98324642
55.02751376 0.98206273
60.03001501 0.98091787
65.03251626 0.97980783
70.03501751 0.97872928
75.03751876 0.97767945
80.04002001 0.97665596
85.04252126 0.97565676
90.04502251 0.97468010
95.04752376 0.97372441
100.05002501 0.97278833
105.05252626 0.97187063
110.05502751 0.97097022
115.05752876 0.97008611
120.06003002 0.96921741
125.06253127 0.96836331
130.06503252 0.96752308
135.06753377 0.96669603
140.07003502 0.96588154
145.07253627 0.96507905
150.07503752 0.96428801
155.07753877 0.96350795
160.08004002 0.96273839
165.08254127 0.96197892
170.08504252 0.96122915
175.08754377 0.96048869
180.09004502 0.95975721
185.09254627 0.95903437
190.09504752 0.95831988
195.09754877 0.95761344
200.10005003 0.95691479
205.10255128 0.95622366
210.10505253 0.95553983
215.10755378 0.95486304
220.11005503 0.95419310
225.11255628 0.95352979
230.11505753 0.95287292
235.11755878 0.95222231
240.12006003 0.95157777
245.12256128 0.95093914
250.12506253 0.95030626
255.12756378 0.94967897
260.13006503 0.94905713
265.13256628 0.94844059
270.13506753 0.94782923
275.13756878 0.94722292
280.14007004 0.94662153
285.14257129 0.94602494
290.14507254 0.94543305
295.14757379 0.94484574
300.15007504 0.94426290
305.15257629 0.94368445
310.15507754 0.94311028
315.15757879 0.94254029
320.16008004 0.94197441
325.16258129 0.94141253
330.16508254 0.94085459
335.16758379 0.94030049
340.17008504 0.93975017
345.17258629 0.93920354
350.17508754 0.93866053
355.17758879 0.93812108
360.18009005 0.93758511
365.18259130 0.93705256
370.18509255 0.93652337
375.18759380 0.93599747
380.19009505 0.93547481
385.19259630 0.93495532
390.19509755 0.93443895
395.19759880 0.93392565
400.20010005 0.93341536
405.20260130 0.93290804
410.20510255 0.93240362
415.20760380 0.93190207
420.21010505 0.93140334
425.21260630 0.93090738
430.21510755 0.93041414
435.21760880 0.92992358
440.22011006 0.92943567
445.22261131 0.92895036
450.22511256 0.92846760
455.22761381 0.92798737
460.23011506 0.92750962
465.23261631 0.92703431
470.23511756 0.92656142
475.23761881 0.92609090
480.24012006 0.92562272
485.24262131 0.92515684
490.24512256 0.92469324
495.24762381 0.92423189
500.25012506 0.92377274
505.25262631 0.92331578
510.25512756 0.92286096
515.25762881 0.92240827
520.26013007 0.92195768
525.26263132 0.92150914
530.26513257 0.92106265
535.26763382 0.92061817
540.27013507 0.92017568
545.27263632 0.91973515
550.27513757 0.91929655
555.27763882 0.91885987
560.28014007 0.91842507
565.28264132 0.91799214
570.28514257 0.91756106
575.28764382 0.91713179
580.29014507 0.91670432
585.29264632 0.91627863
590.29514757 0.91585470
595.29764882 0.91543250
600.30015008 0.91501201
605.30265133 0.91459322
610.30515258 0.91417611
615.30765383 0.91376065
620.31015508 0.91334683
625.31265633 0.91293463
630.31515758 0.91252404
635.31765883 0.91211503
640.32016008 0.91170758
645.32266133 0.91130169
650.32516258 0.91089733
655.32766383 0.91049449
660.33016508 0.91009314
665.33266633 0.90969329
670.33516758 0.90929490
675.33766883 0.90889797
680.34017009 0.90850248
685.34267134 0.90810841
690.34517259 0.90771576
695.34767384 0.90732450
700.35017509 0.90693462
705.35267634 0.90654611
710.35517759 0.90615896
715.35767884 0.90577315
720.36018009 0.90538867
725.36268134 0.90500550
730.36518259 0.90462364
735.36768384 0.90424307
740.37018509 0.90386377
745.37268634 0.90348575
750.37518759 0.90310898
755.37768884 0.90273345
760.38019010 0.90235915
765.38269135 0.90198608
770.38519260 0.90161421
775.38769385 0.90124354
780.39019510 0.90087406
785.39269635 0.90050576
790.39519760 0.90013862
795.39769885 0.89977264
800.40020010 0.89940781
805.40270135 0.89904411
810.40520260 0.89868154
815.40770385 0.89832008
820.41020510 0.89795974
825.41270635 0.89760049
830.41520760 0.89724232
835.41770885 0.89688524
840.42021011 0.89652923
845.42271136 0.89617427
850.42521261 0.89582038
855.42771386 0.89546752
860.43021511 0.89511570
865.43271636 0.89476490
870.43521761 0.89441513
875.43771886 0.89406636
880.44022011 0.89371860
885.44272136 0.89337183
890.44522261 0.89302605
895.44772386 0.89268124
900.45022511 0.89233741
905.45272636 0.89199454
910.45522761 0.89165262
915.45772886 0.89131166
920.46023012 0.89097163
925.46273137 0.89063254
930.46523262 0.89029438
935.46773387 0.88995713
940.47023512 0.88962080
945.47273637 0.88928538
950.47523762 0.88895085
955.47773887 0.88861722
960.48024012 0.88828447
965.48274137 0.88795260
970.48524262 0.88762161
975.48774387 0.88729148
980.49024512 0.88696222
985.49274637 0.88663380
990.49524762 0.88630624
995.49774887 0.88597952
1000.50025013 0.88565363
1005.50275138 0.88532858
1010.50525263 0.88500435
1015.50775388 0.88468094
1020.51025513 0.88435834
1025.51275638 0.88403656
1030.51525763 0.88371557
1035.51775888 0.88339538
1040.52026013 0.88307598
1045.52276138 0.88275736
1050.52526263 0.88243953
1055.52776388 0.88212247
1060.53026513 0.88180619
1065.53276638 0.88149066
1070.53526763 0.88117590
1075.53776888 0.88086189
1080.54027014 0.88054863
1085.54277139 0.88023612
1090.54527264 0.87992435
1095.54777389 0.87961331
1100.55027514 0.87930300
1105.55277639 0.87899342
1110.55527764 0.87868456
1115.55777889 0.87837642
1120.56028014 0.87806898
1125.56278139 0.87776226
1130.56528264 0.87745624
1135.56778389 0.87715092
1140.57028514 0.87684629
1145.57278639 0.87654235
1150.57528764 0.87623910
1155.57778889 0.87593653
1160.58029015 0.87563463
1165.58279140 0.87533341
1170.58529265 0.87503286
1175.58779390 0.87473298
1180.59029515 0.87443375
1185.59279640 0.87413519
1190.59529765 0.87383727
1195.59779890 0.87354001
1200.60030015 0.87324339
1205.60280140 0.87294741
1210.60530265 0.87265207
1215.60780390 0.87235736
1220.61030515 0.87206328
1225.61280640 0.87176983
1230.61530765 0.87147701
1235.61780890 0.87118480
1240.62031016 0.87089321
1245.62281141 0.87060223
1250.62531266 0.87031186
1255.62781391 0.87002209
1260.63031516 0.86973293
1265.63281641 0.86944436
1270.63531766 0.86915639
1275.63781891 0.86886902
1280.64032016 0.86858223
1285.64282141 0.86829602
1290.64532266 0.86801040
1295.64782391 0.86772535
1300.65032516 0.86744089
1305.65282641 0.86715699
1310.65532766 0.86687366
1315.65782891 0.86659090
1320.66033017 0.86630870
1325.66283142 0.86602707
1330.66533267 0.86574599
1335.66783392 0.86546546
1340.67033517 0.86518548
1345.67283642 0.86490606
1350.67533767 0.86462717
1355.67783892 0.86434883
1360.68034017 0.86407103
1365.68284142 0.86379377
1370.68534267 0.86351704
1375.68784392 0.86324084
1380.69034517 0.86296517
1385.69284642 0.86269002
1390.69534767 0.86241540
1395.69784892 0.86214129
1400.70035018 0.86186771
1405.70285143 0.86159464
1410.70535268 0.86132208
1415.70785393 0.86105003
1420.71035518 0.86077848
1425.71285643 0.86050745
1430.71535768 0.86023691
1435.71785893 0.85996687
1440.72036018 0.85969733
1445.72286143 0.85942828
1450.72536268 0.85915973
1455.72786393 0.85889166
1460.73036518 0.85862409
1465.73286643 0.85835699
1470.73536768 0.85809038
1475.73786893 0.85782425
1480.74037019 0.85755860
1485.74287144 0.85729342
1490.74537269 0.85702871
1495.74787394 0.85676448
1500.75037519 0.85650071
1505.75287644 0.85623741
1510.75537769 0.85597457
1515.75787894 0.85571220
1520.76038019 0.85545028
1525.76288144 0.85518882
1530.76538269 0.85492782
1535.76788394 0.85466727
1540.77038519 0.85440717
1545.77288644 0.85414751
1550.77538769 0.85388831
1555.77788894 0.85362955
1560.78039020 0.85337123
1565.78289145 0.85311335
1570.78539270 0.85285592
1575.78789395 0.85259891
1580.79039520 0.85234234
1585.79289645 0.85208621
1590.79539770 0.85183050
1595.79789895 0.85157523
1600.80040020 0.85132037
1605.80290145 0.85106595
1610.80540270 0.85081195
1615.80790395 0.85055836
1620.81040520 0.85030520
1625.81290645 0.85005245
1630.81540770 0.84980012
1635.81790895 0.84954820
1640.82041021 0.84929670
1645.82291146 0.84904560
1650.82541271 0.84879491
1655.82791396 0.84854462
1660.83041521 0.84829475
1665.83291646 0.84804527
1670.83541771 0.84779619
1675.83791896 0.84754752
1680.84042021 0.84729924
1685.84292146 0.84705135
1690.84542271 0.84680386
1695.84792396 0.84655676
1700.85042521 0.84631006
1705.85292646 0.84606374
1710.85542771 0.84581780
1715.85792896 0.84557226
1720.86043022 0.84532710
1725.86293147 0.84508232
1730.86543272 0.84483792
1735.86793397 0.84459389
1740.87043522 0.84435025
1745.87293647 0.84410698
1750.87543772 0.84386409
1755.87793897 0.84362157
1760.88044022 0.84337942
1765.88294147 0.84313764
1770.88544272 0.84289623
1775.88794397 0.84265519
1780.89044522 0.84241451
1785.89294647 0.84217419
1790.89544772 0.84193424
1795.89794897 0.84169464
1800.90045023 0.84145541
1805.90295148 0.84121653
1810.90545273 0.84097801
1815.90795398 0.84073985
1820.91045523 0.84050203
1825.91295648 0.84026457
1830.91545773 0.84002746
1835.91795898 0.83979070
1840.92046023 0.83955429
1845.92296148 0.83931822
1850.92546273 0.83908250
1855.92796398 0.83884713
1860.93046523 0.83861209
1865.93296648 0.83837740
1870.93546773 0.83814304
1875.93796898 0.83790903
1880.94047024 0.83767535
1885.94297149 0.83744200
1890.94547274 0.83720899
1895.94797399 0.83697632
1900.95047524 0.83674397
1905.95297649 0.83651196
1910.95547774 0.83628027
1915.95797899 0.83604892
1920.96048024 0.83581789
1925.96298149 0.83558718
1930.96548274 0.83535680
1935.96798399 0.83512675
1940.97048524 0.83489701
1945.97298649 0.83466760
1950.97548774 0.83443850
1955.97798899 0.83420972
1960.98049025 0.83398126
1965.98299150 0.83375312
1970.98549275 0.83352529
1975.98799400 0.83329777
1980.99049525 0.83307056
1985.99299650 0.83284367
1990.99549775 0.83261709
1995.99799900 0.83239081
2001.00050025 0.83216485
2006.00300150 0.83193918
2011.00550275 0.83171383
2016.00800400 0.83148878
2021.01050525 0.83126403
2026.01300650 0.83103959
2031.01550775 0.83081544
2036.01800900 0.83059160
2041.02051026 0.83036805
2046.02301151 0.83014480
2051.02551276 0.82992185
2056.02801401 0.82969919
2061.03051526 0.82947683
2066.03301651 0.82925476
2071.03551776 0.82903299
2076.03801901 0.82881150
2081.04052026 0.82859031
2086.04302151 0.82836940
2091.04552276 0.82814879
2096.04802401 0.82792846
2101.05052526 0.82770841
2106.05302651 0.82748866
2111.05552776 0.82726918
2116.05802901 0.82704999
2121.06053027 0.82683109
2126.06303152 0.82661246
2131.06553277 0.82639411
2136.06803402 0.82617605
2141.07053527 0.82595826
2146.07303652 0.82574075
2151.07553777 0.82552351
2156.07803902 0.82530655
2161.08054027 0.82508987
2166.08304152 0.82487346
2171.08554277 0.82465732
2176.08804402 0.82444145
2181.09054527 0.82422586
2186.09304652 0.82401053
2191.09554777 0.82379547
2196.09804902 0.82358068
2201.10055028 0.82336616
2206.10305153 0.82315191
2211.10555278 0.82293792
2216.10805403 0.82272419
2221.11055528 0.82251073
2226.11305653 0.82229753
2231.11555778 0.82208460
2236.11805903 0.82187192
2241.12056028 0.82165950
2246.12306153 0.82144735
2251.12556278 0.82123545
2256.12806403 0.82102381
2261.13056528 0.82081243
2266.13306653 0.82060130
2271.13556778 0.82039042
2276.13806903 0.82017981
2281.14057029 0.81996944
2286.14307154 0.81975933
2291.14557279 0.81954947
2296.14807404 0.81933986
2301.15057529 0.81913050
2306.15307654 0.81892139
2311.15557779 0.81871253
2316.15807904 0.81850391
2321.16058029 0.81829555
2326.16308154 0.81808742
2331.16558279 0.81787955
2336.16808404 0.81767192
2341.17058529 0.81746453
2346.17308654 0.81725739
2351.17558779 0.81705049
2356.17808904 0.81684383
2361.18059030 0.81663741
2366.18309155 0.81643123
2371.18559280 0.81622529
2376.18809405 0.81601958
2381.19059530 0.81581412
2386.19309655 0.81560889
2391.19559780 0.81540390
2396.19809905 0.81519915
2401.20060030 0.81499463
2406.20310155 0.81479034
2411.20560280 0.81458629
2416.20810405 0.81438247
2421.21060530 0.81417888
2426.21310655 0.81397552
2431.21560780 0.81377239
2436.21810905 0.81356950
2441.22061031 0.81336683
2446.22311156 0.81316439
2451.22561281 0.81296218
2456.22811406 0.81276019
2461.23061531 0.81255843
2466.23311656 0.81235690
2471.23561781 0.81215559
2476.23811906 0.81195451
2481.24062031 0.81175365
2486.24312156 0.81155301
2491.24562281 0.81135260
2496.24812406 0.81115240
2501.25062531 0.81095243
2506.25312656 0.81075268
2511.25562781 0.81055315
2516.25812906 0.81035383
2521.26063032 0.81015474
2526.26313157 0.80995586
2531.26563282 0.80975720
2536.26813407 0.80955876
2541.27063532 0.80936053
2546.27313657 0.80916251
2551.27563782 0.80896472
2556.27813907 0.80876713
2561.28064032 0.80856976
2566.28314157 0.80837260
2571.28564282 0.80817565
2576.28814407 0.80797892
2581.29064532 0.80778240
2586.29314657 0.80758608
2591.29564782 0.80738998
2596.29814907 0.80719408
2601.30065033 0.80699839
2606.30315158 0.80680291
2611.30565283 0.80660764
2616.30815408 0.80641258
2621.31065533 0.80621772
2626.31315658 0.80602306
2631.31565783 0.80582861
2636.31815908 0.80563437
2641.32066033 0.80544033
2646.32316158 0.80524649
2651.32566283 0.80505285
2656.32816408 0.80485942
2661.33066533 0.80466618
2666.33316658 0.80447315
2671.33566783 0.80428032
2676.33816908 0.80408769
2681.34067034 0.80389526
2686.34317159 0.80370302
2691.34567284 0.80351099
2696.34817409 0.80331915
2701.35067534 0.80312751
2706.35317659 0.80293606
2711.35567784 0.80274481
2716.35817909 0.80255376
2721.36068034 0.80236290
2726.36318159 0.80217224
2731.36568284 0.80198177
2736.36818409 0.80179149
2741.37068534 0.80160140
2746.37318659 0.80141151
2751.37568784 0.80122181
2756.37818909 0.80103230
2761.38069035 0.80084298
2766.38319160 0.80065385
2771.38569285 0.80046491
2776.38819410 0.80027616
2781.39069535 0.80008760
2786.39319660 0.79989923
2791.39569785 0.79971104
2796.39819910 0.79952304
2801.40070035 0.79933523
2806.40320160 0.79914760
2811.40570285 0.79896016
2816.40820410 0.79877290
2821.41070535 0.79858583
2826.41320660 0.79839894
2831.41570785 0.79821224
2836.41820910 0.79802572
2841.42071036 0.79783938
2846.42321161 0.79765322
2851.42571286 0.79746725
2856.42821411 0.79728146
2861.43071536 0.79709584
2866.43321661 0.79691041
2871.43571786 0.79672516
2876.43821911 0.79654009
2881.44072036 0.79635519
2886.44322161 0.79617048
2891.44572286 0.79598594
2896.44822411 0.79580158
2901.45072536 0.79561739
2906.45322661 0.79543339
2911.45572786 0.79524956
2916.45822911 0.79506590
2921.46073037 0.79488242
2926.46323162 0.79469912
2931.46573287 0.79451598
2936.46823412 0.79433303
2941.47073537 0.79415024
2946.47323662 0.79396763
2951.47573787 0.79378520
2956.47823912 0.79360293
2961.48074037 0.79342084
2966.48324162 0.79323891
2971.48574287 0.79305716
2976.48824412 0.79287558
2981.49074537 0.79269417
2986.49324662 0.79251292
2991.49574787 0.79233185
2996.49824912 0.79215095
3001.50075038 0.79197021
3006.50325163 0.79178964
3011.50575288 0.79160924
3016.50825413 0.79142901
3021.51075538 0.79124894
3026.51325663 0.79106904
3031.51575788 0.79088930
3036.51825913 0.79070973
3041.52076038 0.79053033
3046.52326163 0.79035109
3051.52576288 0.79017201
3056.52826413 0.78999310
3061.53076538 0.78981435
3066.53326663 0.78963576
3071.53576788 0.78945734
3076.53826913 0.78927908
3081.54077039 0.78910098
3086.54327164 0.78892304
3091.54577289 0.78874526
3096.54827414 0.78856765
3101.55077539 0.78839019
3106.55327664 0.78821289
3111.55577789 0.78803576
3116.55827914 0.78785878
3121.56078039 0.78768196
3126.56328164 0.78750530
3131.56578289 0.78732879
3136.56828414 0.78715245
3141.57078539 0.78697626
3146.57328664 0.78680023
3151.57578789 0.78662435
3156.57828914 0.78644863
3161.58079040 0.78627307
3166.58329165 0.78609766
3171.58579290 0.78592241
3176.58829415 0.78574731
3181.59079540 0.78557236
3186.59329665 0.78539757
3191.59579790 0.78522294
3196.59829915 0.78504845
3201.60080040 0.78487412
3206.60330165 0.78469994
3211.60580290 0.78452591
3216.60830415 0.78435204
3221.61080540 0.78417832
3226.61330665 0.78400474
3231.61580790 0.78383132
3236.61830915 0.78365805
3241.62081041 0.78348493
3246.62331166 0.78331196
3251.62581291 0.78313913
3256.62831416 0.78296646
3261.63081541 0.78279393
3266.63331666 0.78262156
3271.63581791 0.78244933
3276.63831916 0.78227725
3281.64082041 0.78210531
3286.64332166 0.78193353
3291.64582291 0.78176189
3296.64832416 0.78159039
3301.65082541 0.78141904
3306.65332666 0.78124784
3311.65582791 0.78107678
3316.65832916 0.78090587
3321.66083042 0.78073510
3326.66333167 0.78056448
3331.66583292 0.78039400
3336.66833417 0.78022366
3341.67083542 0.78005347
3346.67333667 0.77988342
3351.67583792 0.77971351
3356.67833917 0.77954375
3361.68084042 0.77937413
3366.68334167 0.77920465
3371.68584292 0.77903531
3376.68834417 0.77886611
3381.69084542 0.77869705
3386.69334667 0.77852813
3391.69584792 0.77835936
3396.69834917 0.77819072
3401.70085043 0.77802222
3406.70335168 0.77785386
3411.70585293 0.77768564
3416.70835418 0.77751756
3421.71085543 0.77734962
3426.71335668 0.77718182
3431.71585793 0.77701415
3436.71835918 0.77684662
3441.72086043 0.77667923
3446.72336168 0.77651198
3451.72586293 0.77634486
3456.72836418 0.77617787
3461.73086543 0.77601103
3466.73336668 0.77584432
3471.73586793 0.77567774
3476.73836918 0.77551130
3481.74087044 0.77534500
3486.74337169 0.77517883
3491.74587294 0.77501279
3496.74837419 0.77484689
3501.75087544 0.77468112
3506.75337669 0.77451548
3511.75587794 0.77434998
3516.75837919 0.77418461
3521.76088044 0.77401937
3526.76338169 0.77385427
3531.76588294 0.77368930
3536.76838419 0.77352446
3541.77088544 0.77335975
3546.77338669 0.77319517
3551.77588794 0.77303072
3556.77838919 0.77286640
3561.78089045 0.77270222
3566.78339170 0.77253816
3571.78589295 0.77237423
3576.78839420 0.77221043
3581.79089545 0.77204677
3586.79339670 0.77188323
3591.79589795 0.77171982
3596.79839920 0.77155653
3601.80090045 0.77139338
3606.80340170 0.77123035
3611.80590295 0.77106746
3616.80840420 0.77090468
3621.81090545 0.77074204
3626.81340670 0.77057952
3631.81590795 0.77041713
3636.81840920 0.77025487
3641.82091046 0.77009273
3646.82341171 0.76993072
3651.82591296 0.76976883
3656.82841421 0.76960707
3661.83091546 0.76944543
3666.83341671 0.76928392
3671.83591796 0.76912253
3676.83841921 0.76896127
3681.84092046 0.76880013
3686.84342171 0.76863912
3691.84592296 0.76847823
3696.84842421 0.76831746
3701.85092546 0.76815681
3706.85342671 0.76799629
3711.85592796 0.76783589
3716.85842921 0.76767561
3721.86093047 0.76751546
3726.86343172 0.76735542
3731.86593297 0.76719551
3736.86843422 0.76703572
3741.87093547 0.76687605
3746.87343672 0.76671650
3751.87593797 0.76655708
3756.87843922 0.76639777
3761.88094047 0.76623858
3766.88344172 0.76607951
3771.88594297 0.76592056
3776.88844422 0.76576174
3781.89094547 0.76560303
3786.89344672 0.76544444
3791.89594797 0.76528596
3796.89844922 0.76512761
3801.90095048 0.76496938
3806.90345173 0.76481126
3811.90595298 0.76465326
3816.90845423 0.76449538
3821.91095548 0.76433761
3826.91345673 0.76417997
3831.91595798 0.76402244
3836.91845923 0.76386502
3841.92096048 0.76370773
3846.92346173 0.76355054
3851.92596298 0.76339348
3856.92846423 0.76323653
3861.93096548 0.76307970
3866.93346673 0.76292298
3871.93596798 0.76276637
3876.93846923 0.76260989
3881.94097049 0.76245351
3886.94347174 0.76229725
3891.94597299 0.76214111
3896.94847424 0.76198508
3901.95097549 0.76182916
3906.95347674 0.76167336
3911.95597799 0.76151767
3916.95847924 0.76136209
3921.96098049 0.76120662
3926.96348174 0.76105127
3931.96598299 0.76089603
3936.96848424 0.76074091
3941.97098549 0.76058589
3946.97348674 0.76043099
3951.97598799 0.76027620
3956.97848924 0.76012152
3961.98099050 0.75996695
3966.98349175 0.75981249
3971.98599300 0.75965814
3976.98849425 0.75950391
3981.99099550 0.75934978
3986.99349675 0.75919577
3991.99599800 0.75904186
3996.99849925 0.75888807
4002.00100050 0.75873438
4007.00350175 0.75858080
4012.00600300 0.75842733
4017.00850425 0.75827398
4022.01100550 0.75812073
4027.01350675 0.75796759
4032.01600800 0.75781455
4037.01850925 0.75766163
4042.02101051 0.75750881
4047.02351176 0.75735610
4052.02601301 0.75720350
4057.02851426 0.75705101
4062.03101551 0.75689862
4067.03351676 0.75674634
4072.03601801 0.75659417
4077.03851926 0.75644210
4082.04102051 0.75629014
4087.04352176 0.75613829
4092.04602301 0.75598654
4097.04852426 0.75583490
4102.05102551 0.75568336
4107.05352676 0.75553193
4112.05602801 0.75538061
4117.05852926 0.75522939
4122.06103052 0.75507827
4127.06353177 0.75492726
4132.06603302 0.75477635
4137.06853427 0.75462555
4142.07103552 0.75447485
4147.07353677 0.75432426
4152.07603802 0.75417377
4157.07853927 0.75402338
4162.08104052 0.75387310
4167.08354177 0.75372292
4172.08604302 0.75357285
4177.08854427 0.75342287
4182.09104552 0.75327300
4187.09354677 0.75312323
4192.09604802 0.75297357
4197.09854927 0.75282400
4202.10105053 0.75267454
4207.10355178 0.75252518
4212.10605303 0.75237592
4217.10855428 0.75222676
4222.11105553 0.75207771
4227.11355678 0.75192875
4232.11605803 0.75177990
4237.11855928 0.75163114
4242.12106053 0.75148249
4247.12356178 0.75133394
4252.12606303 0.75118549
4257.12856428 0.75103713
4262.13106553 0.75088888
4267.13356678 0.75074073
4272.13606803 0.75059267
4277.13856928 0.75044472
4282.14107054 0.75029687
4287.14357179 0.75014911
4292.14607304 0.75000145
4297.14857429 0.74985389
4302.15107554 0.74970643
4307.15357679 0.74955907
4312.15607804 0.74941181
4317.15857929 0.74926464
4322.16108054 0.74911758
4327.16358179 0.74897061
4332.16608304 0.74882373
4337.16858429 0.74867696
4342.17108554 0.74853028
4347.17358679 0.74838370
4352.17608804 0.74823721
4357.17858929 0.74809083
4362.18109055 0.74794453
4367.18359180 0.74779834
4372.18609305 0.74765224
4377.18859430 0.74750624
4382.19109555 0.74736033
4387.19359680 0.74721452
4392.19609805 0.74706880
4397.19859930 0.74692318
4402.20110055 0.74677766
4407.20360180 0.74663223
4412.20610305 0.74648689
4417.20860430 0.74634165
4422.21110555 0.74619650
4427.21360680 0.74605145
4432.21610805 0.74590650
4437.21860930 0.74576163
4442.22111056 0.74561686
4447.22361181 0.74547219
4452.22611306 0.74532760
4457.22861431 0.74518312
4462.23111556 0.74503872
4467.23361681 0.74489442
4472.23611806 0.74475021
4477.23861931 0.74460609
4482.24112056 0.74446207
4487.24362181 0.74431814
4492.24612306 0.74417430
4497.24862431 0.74403055
4502.25112556 0.74388690
4507.25362681 0.74374334
4512.25612806 0.74359987
4517.25862931 0.74345649
4522.26113057 0.74331320
4527.26363182 0.74317000
4532.26613307 0.74302690
4537.26863432 0.74288388
4542.27113557 0.74274096
4547.27363682 0.74259813
4552.27613807 0.74245539
4557.27863932 0.74231274
4562.28114057 0.74217018
4567.28364182 0.74202770
4572.28614307 0.74188532
4577.28864432 0.74174303
4582.29114557 0.74160083
4587.29364682 0.74145872
4592.29614807 0.74131670
4597.29864932 0.74117477
4602.30115058 0.74103292
4607.30365183 0.74089117
4612.30615308 0.74074950
4617.30865433 0.74060793
4622.31115558 0.74046644
4627.31365683 0.74032504
4632.31615808 0.74018373
4637.31865933 0.74004250
4642.32116058 0.73990137
4647.32366183 0.73976032
4652.32616308 0.73961936
4657.32866433 0.73947849
4662.33116558 0.73933770
4667.33366683 0.73919701
4672.33616808 0.73905640
4677.33866933 0.73891587
4682.34117059 0.73877544
4687.34367184 0.73863509
4692.34617309 0.73849483
4697.34867434 0.73835465
4702.35117559 0.73821456
4707.35367684 0.73807456
4712.35617809 0.73793464
4717.35867934 0.73779481
4722.36118059 0.73765506
4727.36368184 0.73751540
4732.36618309 0.73737583
4737.36868434 0.73723634
4742.37118559 0.73709694
4747.37368684 0.73695762
4752.37618809 0.73681839
4757.37868934 0.73667924
4762.38119060 0.73654018
4767.38369185 0.73640120
4772.38619310 0.73626230
4777.38869435 0.73612349
4782.39119560 0.73598477
4787.39369685 0.73584613
4792.39619810 0.73570757
4797.39869935 0.73556910
4802.40120060 0.73543071
4807.40370185 0.73529240
4812.40620310 0.73515418
4817.40870435 0.73501604
4822.41120560 0.73487798
4827.41370685 0.73474001
4832.41620810 0.73460212
4837.41870935 0.73446431
4842.42121061 0.73432659
4847.42371186 0.73418895
4852.42621311 0.73405139
4857.42871436 0.73391391
4862.43121561 0.73377652
4867.43371686 0.73363921
4872.43621811 0.73350198
4877.43871936 0.73336483
4882.44122061 0.73322776
4887.44372186 0.73309078
4892.44622311 0.73295388
4897.44872436 0.73281705
4902.45122561 0.73268031
4907.45372686 0.73254365
4912.45622811 0.73240707
4917.45872936 0.73227058
4922.46123062 0.73213416
4927.46373187 0.73199782
4932.46623312 0.73186157
4937.46873437 0.73172539
4942.47123562 0.73158930
4947.47373687 0.73145329
4952.47623812 0.73131735
4957.47873937 0.73118150
4962.48124062 0.73104572
4967.48374187 0.73091003
4972.48624312 0.73077441
4977.48874437 0.73063888
4982.49124562 0.73050342
4987.49374687 0.73036804
4992.49624812 0.73023274
4997.49874937 0.73009753
5002.50125063 0.72996239
5007.50375188 0.72982732
5012.50625313 0.72969234
5017.50875438 0.72955744
5022.51125563 0.72942261
5027.51375688 0.72928786
5032.51625813 0.72915320
5037.51875938 0.72901860
5042.52126063 0.72888409
5047.52376188 0.72874966
5052.52626313 0.72861530
5057.52876438 0.72848102
5062.53126563 0.72834682
5067.53376688 0.72821269
5072.53626813 0.72807865
5077.53876938 0.72794468
5082.54127064 0.72781078
5087.54377189 0.72767697
5092.54627314 0.72754323
5097.54877439 0.72740957
5102.55127564 0.72727598
5107.55377689 0.72714247
5112.55627814 0.72700904
5117.55877939 0.72687568
5122.56128064 0.72674240
5127.56378189 0.72660920
5132.56628314 0.72647607
5137.56878439 0.72634302
5142.57128564 0.72621004
5147.57378689 0.72607714
5152.57628814 0.72594432
5157.57878939 0.72581157
5162.58129065 0.72567889
5167.58379190 0.72554630
5172.58629315 0.72541377
5177.58879440 0.72528132
5182.59129565 0.72514895
5187.59379690 0.72501665
5192.59629815 0.72488443
5197.59879940 0.72475228
5202.60130065 0.72462020
5207.60380190 0.72448820
5212.60630315 0.72435628
5217.60880440 0.72422442
5222.61130565 0.72409265
5227.61380690 0.72396094
5232.61630815 0.72382931
5237.61880940 0.72369776
5242.62131066 0.72356627
5247.62381191 0.72343486
5252.62631316 0.72330353
5257.62881441 0.72317227
5262.63131566 0.72304108
5267.63381691 0.72290996
5272.63631816 0.72277892
5277.63881941 0.72264795
5282.64132066 0.72251705
5287.64382191 0.72238623
5292.64632316 0.72225548
5297.64882441 0.72212480
5302.65132566 0.72199419
5307.65382691 0.72186366
5312.65632816 0.72173320
5317.65882941 0.72160281
5322.66133067 0.72147249
5327.66383192 0.72134225
5332.66633317 0.72121208
5337.66883442 0.72108197
5342.67133567 0.72095194
5347.67383692 0.72082199
5352.67633817 0.72069210
5357.67883942 0.72056228
5362.68134067 0.72043254
5367.68384192 0.72030287
5372.68634317 0.72017327
5377.68884442 0.72004374
5382.69134567 0.71991428
5387.69384692 0.71978489
5392.69634817 0.71965557
5397.69884942 0.71952632
5402.70135068 0.71939715
5407.70385193 0.71926804
5412.70635318 0.71913900
5417.70885443 0.71901004
5422.71135568 0.71888114
5427.71385693 0.71875232
5432.71635818 0.71862356
5437.71885943 0.71849488
5442.72136068 0.71836626
5447.72386193 0.71823771
5452.72636318 0.71810924
5457.72886443 0.71798083
5462.73136568 0.71785249
5467.73386693 0.71772422
5472.73636818 0.71759603
5477.73886943 0.71746790
5482.74137069 0.71733983
5487.74387194 0.71721184
5492.74637319 0.71708392
5497.74887444 0.71695607
5502.75137569 0.71682828
5507.75387694 0.71670056
5512.75637819 0.71657291
5517.75887944 0.71644534
5522.76138069 0.71631782
5527.76388194 0.71619038
5532.76638319 0.71606300
5537.76888444 0.71593570
5542.77138569 0.71580846
5547.77388694 0.71568129
5552.77638819 0.71555418
5557.77888944 0.71542715
5562.78139070 0.71530018
5567.78389195 0.71517328
5572.78639320 0.71504645
5577.78889445 0.71491968
5582.79139570 0.71479298
5587.79389695 0.71466635
5592.79639820 0.71453979
5597.79889945 0.71441329
5602.80140070 0.71428686
5607.80390195 0.71416049
5612.80640320 0.71403420
5617.80890445 0.71390797
5622.81140570 0.71378180
5627.81390695 0.71365571
5632.81640820 0.71352968
5637.81890945 0.71340371
5642.82141071 0.71327781
5647.82391196 0.71315198
5652.82641321 0.71302622
5657.82891446 0.71290052
5662.83141571 0.71277488
5667.83391696 0.71264931
5672.83641821 0.71252381
5677.83891946 0.71239837
5682.84142071 0.71227300
5687.84392196 0.71214770
5692.84642321 0.71202246
5697.84892446 0.71189728
5702.85142571 0.71177217
5707.85392696 0.71164713
5712.85642821 0.71152215
5717.85892946 0.71139723
5722.86143072 0.71127238
5727.86393197 0.71114760
5732.86643322 0.71102288
5737.86893447 0.71089822
5742.87143572 0.71077363
5747.87393697 0.71064910
5752.87643822 0.71052464
5757.87893947 0.71040024
5762.88144072 0.71027591
5767.88394197 0.71015164
5772.88644322 0.71002744
5777.88894447 0.70990330
5782.89144572 0.70977922
5787.89394697 0.70965520
5792.89644822 0.70953125
5797.89894947 0.70940737
5802.90145073 0.70928355
5807.90395198 0.70915979
5812.90645323 0.70903609
5817.90895448 0.70891246
5822.91145573 0.70878889
5827.91395698 0.70866539
5832.91645823 0.70854194
5837.91895948 0.70841856
5842.92146073 0.70829525
5847.92396198 0.70817199
5852.92646323 0.70804880
5857.92896448 0.70792567
5862.93146573 0.70780261
5867.93396698 0.70767961
5872.93646823 0.70755667
5877.93896948 0.70743379
5882.94147074 0.70731097
5887.94397199 0.70718822
5892.94647324 0.70706553
5897.94897449 0.70694290
5902.95147574 0.70682033
5907.95397699 0.70669783
5912.95647824 0.70657539
5917.95897949 0.70645301
5922.96148074 0.70633069
5927.96398199 0.70620843
5932.96648324 0.70608623
5937.96898449 0.70596410
5942.97148574 0.70584203
5947.97398699 0.70572001
5952.97648824 0.70559806
5957.97898949 0.70547618
5962.98149075 0.70535435
5967.98399200 0.70523258
5972.98649325 0.70511087
5977.98899450 0.70498923
5982.99149575 0.70486765
5987.99399700 0.70474612
5992.99649825 0.70462466
5997.99899950 0.70450326
6003.00150075 0.70438192
6008.00400200 0.70426064
6013.00650325 0.70413942
6018.00900450 0.70401826
6023.01150575 0.70389716
6028.01400700 0.70377612
6033.01650825 0.70365514
6038.01900950 0.70353422
6043.02151076 0.70341336
6048.02401201 0.70329256
6053.02651326 0.70317182
6058.02901451 0.70305114
6063.03151576 0.70293052
6068.03401701 0.70280996
6073.03651826 0.70268946
6078.03901951 0.70256902
6083.04152076 0.70244864
6088.04402201 0.70232831
6093.04652326 0.70220805
6098.04902451 0.70208785
6103.05152576 0.70196770
6108.05402701 0.70184762
6113.05652826 0.70172759
6118.05902951 0.70160762
6123.06153077 0.70148771
6128.06403202 0.70136786
6133.06653327 0.70124807
6138.06903452 0.70112834
6143.07153577 0.70100866
6148.07403702 0.70088905
6153.07653827 0.70076949
6158.07903952 0.70064999
6163.08154077 0.70053055
6168.08404202 0.70041117
6173.08654327 0.70029185
6178.08904452 0.70017258
6183.09154577 0.70005337
6188.09404702 0.69993422
6193.09654827 0.69981513
6198.09904952 0.69969609
6203.10155078 0.69957712
6208.10405203 0.69945820
6213.10655328 0.69933934
6218.10905453 0.69922054
6223.11155578 0.69910179
6228.11405703 0.69898310
6233.11655828 0.69886447
6238.11905953 0.69874590
6243.12156078 0.69862738
6248.12406203 0.69850892
6253.12656328 0.69839052
6258.12906453 0.69827217
6263.13156578 0.69815388
6268.13406703 0.69803565
6273.13656828 0.69791748
6278.13906953 0.69779936
6283.14157079 0.69768130
6288.14407204 0.69756329
6293.14657329 0.69744535
6298.14907454 0.69732746
6303.15157579 0.69720962
6308.15407704 0.69709184
6313.15657829 0.69697412
6318.15907954 0.69685646
6323.16158079 0.69673885
6328.16408204 0.69662129
6333.16658329 0.69650379
6338.16908454 0.69638635
6343.17158579 0.69626897
6348.17408704 0.69615164
6353.17658829 0.69603437
6358.17908954 0.69591715
6363.18159080 0.69579999
6368.18409205 0.69568288
6373.18659330 0.69556583
6378.18909455 0.69544883
6383.19159580 0.69533189
6388.19409705 0.69521501
6393.19659830 0.69509818
6398.19909955 0.69498140
6403.20160080 0.69486469
6408.20410205 0.69474802
6413.20660330 0.69463141
6418.20910455 0.69451486
6423.21160580 0.69439836
6428.21410705 0.69428192
6433.21660830 0.69416553
6438.21910955 0.69404919
6443.22161081 0.69393291
6448.22411206 0.69381669
6453.22661331 0.69370052
6458.22911456 0.69358440
6463.23161581 0.69346834
6468.23411706 0.69335234
6473.23661831 0.69323638
6478.23911956 0.69312049
6483.24162081 0.69300464
6488.24412206 0.69288885
6493.24662331 0.69277312
6498.24912456 0.69265743
6503.25162581 0.69254181
6508.25412706 0.69242623
6513.25662831 0.69231071
6518.25912956 0.69219525
6523.26163082 0.69207983
6528.26413207 0.69196448
6533.26663332 0.69184917
6538.26913457 0.69173392
6543.27163582 0.69161872
6548.27413707 0.69150358
6553.27663832 0.69138849
6558.27913957 0.69127345
6563.28164082 0.69115846
6568.28414207 0.69104353
6573.28664332 0.69092865
6578.28914457 0.69081383
6583.29164582 0.69069906
6588.29414707 0.69058434
6593.29664832 0.69046967
6598.29914957 0.69035506
6603.30165083 0.69024050
6608.30415208 0.69012599
6613.30665333 0.69001154
6618.30915458 0.68989714
6623.31165583 0.68978279
6628.31415708 0.68966849
6633.31665833 0.68955424
6638.31915958 0.68944005
6643.32166083 0.68932591
6648.32416208 0.68921182
6653.32666333 0.68909779
6658.32916458 0.68898381
6663.33166583 0.68886988
6668.33416708 0.68875600
6673.33666833 0.68864217
6678.33916958 0.68852840
6683.34167084 0.68841467
6688.34417209 0.68830100
6693.34667334 0.68818738
6698.34917459 0.68807381
6703.35167584 0.68796030
6708.35417709 0.68784683
6713.35667834 0.68773342
6718.35917959 0.68762006
6723.36168084 0.68750675
6728.36418209 0.68739349
6733.36668334 0.68728029
6738.36918459 0.68716713
6743.37168584 0.68705403
6748.37418709 0.68694097
6753.37668834 0.68682797
6758.37918959 0.68671502
6763.38169085 0.68660212
6768.38419210 0.68648927
6773.38669335 0.68637647
6778.38919460 0.68626373
6783.39169585 0.68615103
6788.39419710 0.68603839
6793.39669835 0.68592579
6798.39919960 0.68581325
6803.40170085 0.68570075
6808.40420210 0.68558831
6813.40670335 0.68547592
6818.40920460 0.68536358
6823.41170585 0.68525128
6828.41420710 0.68513904
6833.41670835 0.68502685
6838.41920960 0.68491471
6843.42171086 0.68480262
6848.42421211 0.68469058
6853.42671336 0.68457859
6858.42921461 0.68446665
6863.43171586 0.68435476
6868.43421711 0.68424292
6873.43671836 0.68413113
6878.43921961 0.68401939
6883.44172086 0.68390770
6888.44422211 0.68379606
6893.44672336 0.68368446
6898.44922461 0.68357292
6903.45172586 0.68346143
6908.45422711 0.68334999
6913.45672836 0.68323859
6918.45922961 0.68312725
6923.46173087 0.68301596
6928.46423212 0.68290471
6933.46673337 0.68279351
6938.46923462 0.68268237
6943.47173587 0.68257127
6948.47423712 0.68246022
6953.47673837 0.68234922
6958.47923962 0.68223827
6963.48174087 0.68212737
6968.48424212 0.68201652
6973.48674337 0.68190571
6978.48924462 0.68179496
6983.49174587 0.68168425
6988.49424712 0.68157359
6993.49674837 0.68146298
6998.49924962 0.68135242
7003.50175088 0.68124191
7008.50425213 0.68113145
7013.50675338 0.68102103
7018.50925463 0.68091067
7023.51175588 0.68080035
7028.51425713 0.68069008
7033.51675838 0.68057986
7038.51925963 0.68046969
7043.52176088 0.68035956
7048.52426213 0.68024948
7053.52676338 0.68013945
7058.52926463 0.68002947
7063.53176588 0.67991954
7068.53426713 0.67980966
7073.53676838 0.67969982
7078.53926963 0.67959003
7083.54177089 0.67948029
7088.54427214 0.67937059
7093.54677339 0.67926095
7098.54927464 0.67915135
7103.55177589 0.67904180
7108.55427714 0.67893229
7113.55677839 0.67882284
7118.55927964 0.67871343
7123.56178089 0.67860407
7128.56428214 0.67849475
7133.56678339 0.67838549
7138.56928464 0.67827627
7143.57178589 0.67816710
7148.57428714 0.67805797
7153.57678839 0.67794889
7158.57928964 0.67783986
7163.58179090 0.67773088
7168.58429215 0.67762194
7173.58679340 0.67751305
7178.58929465 0.67740421
7183.59179590 0.67729541
7188.59429715 0.67718666
7193.59679840 0.67707796
7198.59929965 0.67696931
7203.60180090 0.67686070
7208.60430215 0.67675213
7213.60680340 0.67664362
7218.60930465 0.67653515
7223.61180590 0.67642672
7228.61430715 0.67631835
7233.61680840 0.67621002
7238.61930965 0.67610173
7243.62181091 0.67599349
7248.62431216 0.67588530
7253.62681341 0.67577716
7258.62931466 0.67566906
7263.63181591 0.67556100
7268.63431716 0.67545300
7273.63681841 0.67534504
7278.63931966 0.67523712
7283.64182091 0.67512925
7288.64432216 0.67502143
7293.64682341 0.67491365
7298.64932466 0.67480592
7303.65182591 0.67469823
7308.65432716 0.67459059
7313.65682841 0.67448300
7318.65932966 0.67437545
7323.66183092 0.67426794
7328.66433217 0.67416048
7333.66683342 0.67405307
7338.66933467 0.67394570
7343.67183592 0.67383838
7348.67433717 0.67373111
7353.67683842 0.67362387
7358.67933967 0.67351669
7363.68184092 0.67340955
7368.68434217 0.67330245
7373.68684342 0.67319540
7378.68934467 0.67308840
7383.69184592 0.67298143
7388.69434717 0.67287452
7393.69684842 0.67276765
7398.69934967 0.67266082
7403.70185093 0.67255404
7408.70435218 0.67244731
7413.70685343 0.67234061
7418.70935468 0.67223397
7423.71185593 0.67212737
7428.71435718 0.67202081
7433.71685843 0.67191430
7438.71935968 0.67180783
7443.72186093 0.67170140
7448.72436218 0.67159502
7453.72686343 0.67148869
7458.72936468 0.67138240
7463.73186593 0.67127615
7468.73436718 0.67116995
7473.73686843 0.67106379
7478.73936968 0.67095768
7483.74187094 0.67085161
7488.74437219 0.67074559
7493.74687344 0.67063961
7498.74937469 0.67053367
7503.75187594 0.67042778
7508.75437719 0.67032193
7513.75687844 0.67021612
7518.75937969 0.67011036
7523.76188094 0.67000464
7528.76438219 0.66989897
7533.76688344 0.66979334
7538.76938469 0.66968775
7543.77188594 0.66958221
7548.77438719 0.66947671
7553.77688844 0.66937126
7558.77938969 0.66926585
7563.78189095 0.66916048
7568.78439220 0.66905515
7573.78689345 0.66894987
7578.78939470 0.66884464
7583.79189595 0.66873944
7588.79439720 0.66863429
7593.79689845 0.66852918
7598.79939970 0.66842412
7603.80190095 0.66831910
7608.80440220 0.66821412
7613.80690345 0.66810918
7618.80940470 0.66800429
7623.81190595 0.66789944
7628.81440720 0.66779463
7633.81690845 0.66768987
7638.81940970 0.66758515
7643.82191096 0.66748047
7648.82441221 0.66737584
7653.82691346 0.66727125
7658.82941471 0.66716670
7663.83191596 0.66706219
7668.83441721 0.66695773
7673.83691846 0.66685330
7678.83941971 0.66674893
7683.84192096 0.66664459
7688.84442221 0.66654030
7693.84692346 0.66643605
7698.84942471 0.66633184
7703.85192596 0.66622767
7708.85442721 0.66612355
7713.85692846 0.66601946
7718.85942971 0.66591542
7723.86193097 0.66581143
7728.86443222 0.66570747
7733.86693347 0.66560356
7738.86943472 0.66549969
7743.87193597 0.66539586
7748.87443722 0.66529207
7753.87693847 0.66518833
7758.87943972 0.66508463
7763.88194097 0.66498096
7768.88444222 0.66487735
7773.88694347 0.66477377
7778.88944472 0.66467023
7783.89194597 0.66456674
7788.89444722 0.66446329
7793.89694847 0.66435988
7798.89944972 0.66425651
7803.90195098 0.66415318
7808.90445223 0.66404990
7813.90695348 0.66394665
7818.90945473 0.66384345
7823.91195598 0.66374029
7828.91445723 0.66363717
7833.91695848 0.66353409
7838.91945973 0.66343106
7843.92196098 0.66332806
7848.92446223 0.66322511
7853.92696348 0.66312219
7858.92946473 0.66301932
7863.93196598 0.66291649
7868.93446723 0.66281370
7873.93696848 0.66271095
7878.93946973 0.66260825
7883.94197099 0.66250558
7888.94447224 0.66240296
7893.94697349 0.66230037
7898.94947474 0.66219783
7903.95197599 0.66209533
7908.95447724 0.66199286
7913.95697849 0.66189044
7918.95947974 0.66178806
7923.96198099 0.66168572
7928.96448224 0.66158342
7933.96698349 0.66148117
7938.96948474 0.66137895
7943.97198599 0.66127677
7948.97448724 0.66117463
7953.97698849 0.66107254
7958.97948974 0.66097048
7963.98199100 0.66086847
7968.98449225 0.66076649
7973.98699350 0.66066456
7978.98949475 0.66056267
7983.99199600 0.66046081
7988.99449725 0.66035900
7993.99699850 0.66025722
7998.99949975 0.66015549
8004.00200100 0.66005380
8009.00450225 0.65995215
8014.00700350 0.65985053
8019.00950475 0.65974896
8024.01200600 0.65964743
8029.01450725 0.65954593
8034.01700850 0.65944448
8039.01950975 0.65934307
8044.02201101 0.65924170
8049.02451226 0.65914036
8054.02701351 0.65903907
8059.02951476 0.65893782
8064.03201601 0.65883660
8069.03451726 0.65873543
8074.03701851 0.65863429
8079.03951976 0.65853320
8084.04202101 0.65843214
8089.04452226 0.65833113
8094.04702351 0.65823015
8099.04952476 0.65812921
8104.05202601 0.65802831
8109.05452726 0.65792746
8114.05702851 0.65782664
8119.05952976 0.65772586
8124.06203102 0.65762512
8129.06453227 0.65752442
8134.06703352 0.65742375
8139.06953477 0.65732313
8144.07203602 0.65722255
8149.07453727 0.65712200
8154.07703852 0.65702150
8159.07953977 0.65692103
8164.08204102 0.65682061
8169.08454227 0.65672022
8174.08704352 0.65661987
8179.08954477 0.65651956
8184.09204602 0.65641929
8189.09454727 0.65631905
8194.09704852 0.65621886
8199.09954977 0.65611871
8204.10205103 0.65601859
8209.10455228 0.65591851
8214.10705353 0.65581847
8219.10955478 0.65571847
8224.11205603 0.65561851
8229.11455728 0.65551859
8234.11705853 0.65541871
8239.11955978 0.65531886
8244.12206103 0.65521905
8249.12456228 0.65511928
8254.12706353 0.65501955
8259.12956478 0.65491986
8264.13206603 0.65482021
8269.13456728 0.65472059
8274.13706853 0.65462102
8279.13956978 0.65452148
8284.14207104 0.65442198
8289.14457229 0.65432251
8294.14707354 0.65422309
8299.14957479 0.65412370
8304.15207604 0.65402435
8309.15457729 0.65392504
8314.15707854 0.65382577
8319.15957979 0.65372654
8324.16208104 0.65362734
8329.16458229 0.65352819
8334.16708354 0.65342906
8339.16958479 0.65332998
8344.17208604 0.65323094
8349.17458729 0.65313193
8354.17708854 0.65303296
8359.17958979 0.65293403
8364.18209105 0.65283514
8369.18459230 0.65273628
8374.18709355 0.65263746
8379.18959480 0.65253868
8384.19209605 0.65243994
8389.19459730 0.65234123
8394.19709855 0.65224257
8399.19959980 0.65214394
8404.20210105 0.65204534
8409.20460230 0.65194679
8414.20710355 0.65184827
8419.20960480 0.65174979
8424.21210605 0.65165135
8429.21460730 0.65155294
8434.21710855 0.65145457
8439.21960980 0.65135624
8444.22211106 0.65125794
8449.22461231 0.65115969
8454.22711356 0.65106147
8459.22961481 0.65096328
8464.23211606 0.65086514
8469.23461731 0.65076703
8474.23711856 0.65066896
8479.23961981 0.65057092
8484.24212106 0.65047292
8489.24462231 0.65037496
8494.24712356 0.65027704
8499.24962481 0.65017915
8504.25212606 0.65008130
8509.25462731 0.64998349
8514.25712856 0.64988571
8519.25962981 0.64978797
8524.26213107 0.64969026
8529.26463232 0.64959260
8534.26713357 0.64949497
8539.26963482 0.64939737
8544.27213607 0.64929982
8549.27463732 0.64920230
8554.27713857 0.64910481
8559.27963982 0.64900736
8564.28214107 0.64890995
8569.28464232 0.64881258
8574.28714357 0.64871524
8579.28964482 0.64861794
8584.29214607 0.64852067
8589.29464732 0.64842344
8594.29714857 0.64832625
8599.29964982 0.64822909
8604.30215108 0.64813197
8609.30465233 0.64803489
8614.30715358 0.64793784
8619.30965483 0.64784083
8624.31215608 0.64774385
8629.31465733 0.64764691
8634.31715858 0.64755001
8639.31965983 0.64745314
8644.32216108 0.64735631
8649.32466233 0.64725951
8654.32716358 0.64716275
8659.32966483 0.64706603
8664.33216608 0.64696934
8669.33466733 0.64687269
8674.33716858 0.64677607
8679.33966983 0.64667949
8684.34217109 0.64658294
8689.34467234 0.64648644
8694.34717359 0.64638996
8699.34967484 0.64629352
8704.35217609 0.64619712
8709.35467734 0.64610075
8714.35717859 0.64600442
8719.35967984 0.64590813
8724.36218109 0.64581187
8729.36468234 0.64571564
8734.36718359 0.64561945
8739.36968484 0.64552330
8744.37218609 0.64542718
8749.37468734 0.64533110
8754.37718859 0.64523505
8759.37968984 0.64513904
8764.38219110 0.64504306
8769.38469235 0.64494712
8774.38719360 0.64485121
8779.38969485 0.64475534
8784.39219610 0.64465950
8789.39469735 0.64456370
8794.39719860 0.64446794
8799.39969985 0.64437221
8804.40220110 0.64427651
8809.40470235 0.64418085
8814.40720360 0.64408522
8819.40970485 0.64398963
8824.41220610 0.64389408
8829.41470735 0.64379855
8834.41720860 0.64370307
8839.41970985 0.64360762
8844.42221111 0.64351220
8849.42471236 0.64341682
8854.42721361 0.64332147
8859.42971486 0.64322616
8864.43221611 0.64313088
8869.43471736 0.64303564
8874.43721861 0.64294043
8879.43971986 0.64284526
8884.44222111 0.64275012
8889.44472236 0.64265501
8894.44722361 0.64255994
8899.44972486 0.64246491
8904.45222611 0.64236991
8909.45472736 0.64227494
8914.45722861 0.64218001
8919.45972986 0.64208511
8924.46223112 0.64199025
8929.46473237 0.64189542
8934.46723362 0.64180062
8939.46973487 0.64170586
8944.47223612 0.64161114
8949.47473737 0.64151645
8954.47723862 0.64142179
8959.47973987 0.64132717
8964.48224112 0.64123258
8969.48474237 0.64113802
8974.48724362 0.64104350
8979.48974487 0.64094901
8984.49224612 0.64085456
8989.49474737 0.64076014
8994.49724862 0.64066576
8999.49974987 0.64057141
9004.50225113 0.64047709
9009.50475238 0.64038281
9014.50725363 0.64028856
9019.50975488 0.64019434
9024.51225613 0.64010016
9029.51475738 0.64000602
9034.51725863 0.63991190
9039.51975988 0.63981782
9044.52226113 0.63972378
9049.52476238 0.63962976
9054.52726363 0.63953579
9059.52976488 0.63944184
9064.53226613 0.63934793
9069.53476738 0.63925405
9074.53726863 0.63916021
9079.53976988 0.63906640
9084.54227114 0.63897262
9089.54477239 0.63887888
9094.54727364 0.63878517
9099.54977489 0.63869149
9104.55227614 0.63859785
9109.55477739 0.63850424
9114.55727864 0.63841066
9119.55977989 0.63831712
9124.56228114 0.63822361
9129.56478239 0.63813013
9134.56728364 0.63803669
9139.56978489 0.63794328
9144.57228614 0.63784990
9149.57478739 0.63775656
9154.57728864 0.63766325
9159.57978989 0.63756997
9164.58229115 0.63747672
9169.58479240 0.63738351
9174.58729365 0.63729033
9179.58979490 0.63719719
9184.59229615 0.63710408
9189.59479740 0.63701100
9194.59729865 0.63691795
9199.59979990 0.63682494
9204.60230115 0.63673196
9209.60480240 0.63663901
9214.60730365 0.63654610
9219.60980490 0.63645322
9224.61230615 0.63636037
9229.61480740 0.63626755
9234.61730865 0.63617477
9239.61980990 0.63608202
9244.62231116 0.63598930
9249.62481241 0.63589661
9254.62731366 0.63580396
9259.62981491 0.63571134
9264.63231616 0.63561875
9269.63481741 0.63552620
9274.63731866 0.63543368
9279.63981991 0.63534119
9284.64232116 0.63524873
9289.64482241 0.63515630
9294.64732366 0.63506391
9299.64982491 0.63497155
9304.65232616 0.63487922
9309.65482741 0.63478693
9314.65732866 0.63469467
9319.65982991 0.63460244
9324.66233117 0.63451024
9329.66483242 0.63441807
9334.66733367 0.63432594
9339.66983492 0.63423384
9344.67233617 0.63414177
9349.67483742 0.63404973
9354.67733867 0.63395773
9359.67983992 0.63386575
9364.68234117 0.63377381
9369.68484242 0.63368191
9374.68734367 0.63359003
9379.68984492 0.63349818
9384.69234617 0.63340637
9389.69484742 0.63331459
9394.69734867 0.63322284
9399.69984992 0.63313113
9404.70235118 0.63303944
9409.70485243 0.63294779
9414.70735368 0.63285617
9419.70985493 0.63276458
9424.71235618 0.63267302
9429.71485743 0.63258150
9434.71735868 0.63249000
9439.71985993 0.63239854
9444.72236118 0.63230711
9449.72486243 0.63221571
9454.72736368 0.63212435
9459.72986493 0.63203301
9464.73236618 0.63194171
9469.73486743 0.63185044
9474.73736868 0.63175920
9479.73986993 0.63166799
9484.74237119 0.63157681
9489.74487244 0.63148566
9494.74737369 0.63139455
9499.74987494 0.63130347
9504.75237619 0.63121242
9509.75487744 0.63112140
9514.75737869 0.63103041
9519.75987994 0.63093945
9524.76238119 0.63084853
9529.76488244 0.63075763
9534.76738369 0.63066677
9539.76988494 0.63057594
9544.77238619 0.63048514
9549.77488744 0.63039437
9554.77738869 0.63030363
9559.77988994 0.63021292
9564.78239120 0.63012225
9569.78489245 0.63003160
9574.78739370 0.62994099
9579.78989495 0.62985040
9584.79239620 0.62975985
9589.79489745 0.62966933
9594.79739870 0.62957884
9599.79989995 0.62948838
9604.80240120 0.62939796
9609.80490245 0.62930756
9614.80740370 0.62921720
9619.80990495 0.62912686
9624.81240620 0.62903656
9629.81490745 0.62894628
9634.81740870 0.62885604
9639.81990995 0.62876583
9644.82241121 0.62867565
9649.82491246 0.62858550
9654.82741371 0.62849538
9659.82991496 0.62840529
9664.83241621 0.62831524
9669.83491746 0.62822521
9674.83741871 0.62813521
9679.83991996 0.62804525
9684.84242121 0.62795531
9689.84492246 0.62786541
9694.84742371 0.62777553
9699.84992496 0.62768569
9704.85242621 0.62759588
9709.85492746 0.62750610
9714.85742871 0.62741634
9719.85992996 0.62732662
9724.86243122 0.62723693
9729.86493247 0.62714727
9734.86743372 0.62705764
9739.86993497 0.62696804
9744.87243622 0.62687847
9749.87493747 0.62678893
9754.87743872 0.62669943
9759.87993997 0.62660995
9764.88244122 0.62652050
9769.88494247 0.62643108
9774.88744372 0.62634169
9779.88994497 0.62625233
9784.89244622 0.62616301
9789.89494747 0.62607371
9794.89744872 0.62598444
9799.89994997 0.62589521
9804.90245123 0.62580600
9809.90495248 0.62571682
9814.90745373 0.62562768
9819.90995498 0.62553856
9824.91245623 0.62544947
9829.91495748 0.62536041
9834.91745873 0.62527139
9839.91995998 0.62518239
9844.92246123 0.62509342
9849.92496248 0.62500449
9854.92746373 0.62491558
9859.92996498 0.62482670
9864.93246623 0.62473785
9869.93496748 0.62464904
9874.93746873 0.62456025
9879.93996998 0.62447149
9884.94247124 0.62438276
9889.94497249 0.62429406
9894.94747374 0.62420539
9899.94997499 0.62411675
9904.95247624 0.62402814
9909.95497749 0.62393956
9914.95747874 0.62385101
9919.95997999 0.62376249
9924.96248124 0.62367400
9929.96498249 0.62358554
9934.96748374 0.62349710
9939.96998499 0.62340870
9944.97248624 0.62332033
9949.97498749 0.62323198
9954.97748874 0.62314367
9959.97998999 0.62305538
9964.98249125 0.62296713
9969.98499250 0.62287890
9974.98749375 0.62279070
9979.98999500 0.62270254
9984.99249625 0.62261440
9989.99499750 0.62252629
9994.99749875 0.62243821
10000.00000000 0.62235016
