0.00000000 1.00000000
5.00250125 0.99807544
10.00500250 0.99642123
15.00750375 0.99494296
20.01000500 0.99358953
25.01250625 0.99233054
30.01500750 0.99114630
35.01750875 0.99002324
40.02001001 0.98895150
45.02251126 0.98792362
50.02501251 0.98693385
55.02751376 0.98597759
60.03001501 0.98505114
65.03251626 0.98415145
70.03501751 0.98327596
75.03751876 0.98242253
80.04002001 0.98158934
85.04252126 0.98077481
90.04502251 0.97997756
95.04752376 0.97919642
100.05002501 0.97843031
105.05252626 0.97767831
110.05502751 0.97693958
115.05752876 0.97621337
120.06003002 0.97549901
125.06253127 0.97479588
130.06503252 0.97410341
135.06753377 0.97342111
140.07003502 0.97274850
145.07253627 0.97208515
150.07503752 0.97143066
155.07753877 0.97078465
160.08004002 0.97014680
165.08254127 0.96951677
170.08504252 0.96889427
175.08754377 0.96827901
180.09004502 0.96767074
185.09254627 0.96706921
190.09504752 0.96647419
195.09754877 0.96588546
200.10005003 0.96530282
205.10255128 0.96472606
210.10505253 0.96415500
215.10755378 0.96358948
220.11005503 0.96302933
225.11255628 0.96247438
230.11505753 0.96192449
235.11755878 0.96137951
240.12006003 0.96083932
245.12256128 0.96030377
250.12506253 0.95977276
255.12756378 0.95924615
260.13006503 0.95872384
265.13256628 0.95820572
270.13506753 0.95769168
275.13756878 0.95718163
280.14007004 0.95667547
285.14257129 0.95617311
290.14507254 0.95567446
295.14757379 0.95517945
300.15007504 0.95468797
305.15257629 0.95419997
310.15507754 0.95371536
315.15757879 0.95323407
320.16008004 0.95275604
325.16258129 0.95228118
330.16508254 0.95180945
335.16758379 0.95134078
340.17008504 0.95087510
345.17258629 0.95041236
350.17508754 0.94995250
355.17758879 0.94949546
360.18009005 0.94904120
365.18259130 0.94858967
370.18509255 0.94814080
375.18759380 0.94769456
380.19009505 0.94725090
385.19259630 0.94680976
390.19509755 0.94637112
395.19759880 0.94593492
400.20010005 0.94550113
405.20260130 0.94506970
410.20510255 0.94464060
415.20760380 0.94421378
420.21010505 0.94378921
425.21260630 0.94336686
430.21510755 0.94294668
435.21760880 0.94252865
440.22011006 0.94211274
445.22261131 0.94169890
450.22511256 0.94128711
455.22761381 0.94087734
460.23011506 0.94046955
465.23261631 0.94006373
470.23511756 0.93965983
475.23761881 0.93925784
480.24012006 0.93885772
485.24262131 0.93845946
490.24512256 0.93806301
495.24762381 0.93766837
500.25012506 0.93727550
505.25262631 0.93688437
510.25512756 0.93649498
515.25762881 0.93610729
520.26013007 0.93572128
525.26263132 0.93533693
530.26513257 0.93495422
535.26763382 0.93457312
540.27013507 0.93419362
545.27263632 0.93381570
550.27513757 0.93343933
555.27763882 0.93306451
560.28014007 0.93269120
565.28264132 0.93231939
570.28514257 0.93194907
575.28764382 0.93158021
580.29014507 0.93121280
585.29264632 0.93084682
590.29514757 0.93048225
595.29764882 0.93011908
600.30015008 0.92975729
605.30265133 0.92939687
610.30515258 0.92903780
615.30765383 0.92868007
620.31015508 0.92832366
625.31265633 0.92796855
630.31515758 0.92761474
635.31765883 0.92726220
640.32016008 0.92691093
645.32266133 0.92656092
650.32516258 0.92621213
655.32766383 0.92586458
660.33016508 0.92551824
665.33266633 0.92517309
670.33516758 0.92482914
675.33766883 0.92448636
680.34017009 0.92414474
685.34267134 0.92380428
690.34517259 0.92346495
695.34767384 0.92312676
700.35017509 0.92278968
705.35267634 0.92245371
710.35517759 0.92211884
715.35767884 0.92178505
720.36018009 0.92145234
725.36268134 0.92112070
730.36518259 0.92079010
735.36768384 0.92046056
740.37018509 0.92013205
745.37268634 0.91980457
750.37518759 0.91947810
755.37768884 0.91915264
760.38019010 0.91882818
765.38269135 0.91850471
770.38519260 0.91818222
775.38769385 0.91786070
780.39019510 0.91754015
785.39269635 0.91722055
790.39519760 0.91690189
795.39769885 0.91658418
800.40020010 0.91626739
805.40270135 0.91595153
810.40520260 0.91563658
815.40770385 0.91532254
820.41020510 0.91500940
825.41270635 0.91469714
830.41520760 0.91438578
835.41770885 0.91407529
840.42021011 0.91376567
845.42271136 0.91345691
850.42521261 0.91314900
855.42771386 0.91284195
860.43021511 0.91253574
865.43271636 0.91223036
870.43521761 0.91192581
875.43771886 0.91162209
880.44022011 0.91131918
885.44272136 0.91101707
890.44522261 0.91071578
895.44772386 0.91041527
900.45022511 0.91011556
905.45272636 0.90981664
910.45522761 0.90951849
915.45772886 0.90922111
920.46023012 0.90892450
925.46273137 0.90862866
930.46523262 0.90833356
935.46773387 0.90803922
940.47023512 0.90774563
945.47273637 0.90745277
950.47523762 0.90716064
955.47773887 0.90686925
960.48024012 0.90657857
965.48274137 0.90628862
970.48524262 0.90599938
975.48774387 0.90571084
980.49024512 0.90542301
985.49274637 0.90513587
990.49524762 0.90484943
995.49774887 0.90456368
1000.50025013 0.90427861
1005.50275138 0.90399422
1010.50525263 0.90371050
1015.50775388 0.90342746
1020.51025513 0.90314507
1025.51275638 0.90286335
1030.51525763 0.90258228
1035.51775888 0.90230187
1040.52026013 0.90202210
1045.52276138 0.90174298
1050.52526263 0.90146449
1055.52776388 0.90118664
1060.53026513 0.90090942
1065.53276638 0.90063283
1070.53526763 0.90035685
1075.53776888 0.90008150
1080.54027014 0.89980676
1085.54277139 0.89953263
1090.54527264 0.89925911
1095.54777389 0.89898619
1100.55027514 0.89871387
1105.55277639 0.89844214
1110.55527764 0.89817101
1115.55777889 0.89790046
1120.56028014 0.89763050
1125.56278139 0.89736111
1130.56528264 0.89709231
1135.56778389 0.89682407
1140.57028514 0.89655641
1145.57278639 0.89628932
1150.57528764 0.89602278
1155.57778889 0.89575681
1160.58029015 0.89549139
1165.58279140 0.89522653
1170.58529265 0.89496221
1175.58779390 0.89469845
1180.59029515 0.89443522
1185.59279640 0.89417254
1190.59529765 0.89391039
1195.59779890 0.89364877
1200.60030015 0.89338769
1205.60280140 0.89312713
1210.60530265 0.89286710
1215.60780390 0.89260759
1220.61030515 0.89234860
1225.61280640 0.89209013
1230.61530765 0.89183217
1235.61780890 0.89157471
1240.62031016 0.89131777
1245.62281141 0.89106133
1250.62531266 0.89080539
1255.62781391 0.89054995
1260.63031516 0.89029500
1265.63281641 0.89004055
1270.63531766 0.88978659
1275.63781891 0.88953312
1280.64032016 0.88928013
1285.64282141 0.88902762
1290.64532266 0.88877560
1295.64782391 0.88852405
1300.65032516 0.88827297
1305.65282641 0.88802237
1310.65532766 0.88777224
1315.65782891 0.88752258
1320.66033017 0.88727338
1325.66283142 0.88702464
1330.66533267 0.88677636
1335.66783392 0.88652854
1340.67033517 0.88628118
1345.67283642 0.88603427
1350.67533767 0.88578781
1355.67783892 0.88554179
1360.68034017 0.88529623
1365.68284142 0.88505111
1370.68534267 0.88480642
1375.68784392 0.88456218
1380.69034517 0.88431837
1385.69284642 0.88407500
1390.69534767 0.88383207
1395.69784892 0.88358956
1400.70035018 0.88334748
1405.70285143 0.88310582
1410.70535268 0.88286459
1415.70785393 0.88262379
1420.71035518 0.88238340
1425.71285643 0.88214343
1430.71535768 0.88190387
1435.71785893 0.88166473
1440.72036018 0.88142601
1445.72286143 0.88118769
1450.72536268 0.88094978
1455.72786393 0.88071227
1460.73036518 0.88047517
1465.73286643 0.88023847
1470.73536768 0.88000217
1475.73786893 0.87976627
1480.74037019 0.87953076
1485.74287144 0.87929565
1490.74537269 0.87906094
1495.74787394 0.87882661
1500.75037519 0.87859267
1505.75287644 0.87835912
1510.75537769 0.87812595
1515.75787894 0.87789317
1520.76038019 0.87766077
1525.76288144 0.87742875
1530.76538269 0.87719711
1535.76788394 0.87696584
1540.77038519 0.87673495
1545.77288644 0.87650444
1550.77538769 0.87627429
1555.77788894 0.87604452
1560.78039020 0.87581511
1565.78289145 0.87558607
1570.78539270 0.87535739
1575.78789395 0.87512908
1580.79039520 0.87490113
1585.79289645 0.87467354
1590.79539770 0.87444630
1595.79789895 0.87421943
1600.80040020 0.87399291
1605.80290145 0.87376674
1610.80540270 0.87354093
1615.80790395 0.87331547
1620.81040520 0.87309035
1625.81290645 0.87286559
1630.81540770 0.87264117
1635.81790895 0.87241709
1640.82041021 0.87219336
1645.82291146 0.87196997
1650.82541271 0.87174692
1655.82791396 0.87152421
1660.83041521 0.87130184
1665.83291646 0.87107980
1670.83541771 0.87085810
1675.83791896 0.87063673
1680.84042021 0.87041569
1685.84292146 0.87019499
1690.84542271 0.86997461
1695.84792396 0.86975456
1700.85042521 0.86953484
1705.85292646 0.86931544
1710.85542771 0.86909637
1715.85792896 0.86887761
1720.86043022 0.86865918
1725.86293147 0.86844107
1730.86543272 0.86822328
1735.86793397 0.86800581
1740.87043522 0.86778865
1745.87293647 0.86757180
1750.87543772 0.86735527
1755.87793897 0.86713905
1760.88044022 0.86692315
1765.88294147 0.86670755
1770.88544272 0.86649226
1775.88794397 0.86627728
1780.89044522 0.86606260
1785.89294647 0.86584823
1790.89544772 0.86563416
1795.89794897 0.86542040
1800.90045023 0.86520693
1805.90295148 0.86499377
1810.90545273 0.86478090
1815.90795398 0.86456834
1820.91045523 0.86435607
1825.91295648 0.86414409
1830.91545773 0.86393241
1835.91795898 0.86372102
1840.92046023 0.86350993
1845.92296148 0.86329912
1850.92546273 0.86308861
1855.92796398 0.86287838
1860.93046523 0.86266845
1865.93296648 0.86245880
1870.93546773 0.86224943
1875.93796898 0.86204035
1880.94047024 0.86183155
1885.94297149 0.86162304
1890.94547274 0.86141480
1895.94797399 0.86120685
1900.95047524 0.86099917
1905.95297649 0.86079178
1910.95547774 0.86058466
1915.95797899 0.86037781
1920.96048024 0.86017125
1925.96298149 0.85996495
1930.96548274 0.85975893
1935.96798399 0.85955318
1940.97048524 0.85934770
1945.97298649 0.85914250
1950.97548774 0.85893756
1955.97798899 0.85873289
1960.98049025 0.85852848
1965.98299150 0.85832435
1970.98549275 0.85812048
1975.98799400 0.85791687
1980.99049525 0.85771353
1985.99299650 0.85751044
1990.99549775 0.85730763
1995.99799900 0.85710507
2001.00050025 0.85690277
2006.00300150 0.85670073
2011.00550275 0.85649894
2016.00800400 0.85629742
2021.01050525 0.85609615
2026.01300650 0.85589514
2031.01550775 0.85569438
2036.01800900 0.85549387
2041.02051026 0.85529361
2046.02301151 0.85509361
2051.02551276 0.85489386
2056.02801401 0.85469436
2061.03051526 0.85449511
2066.03301651 0.85429610
2071.03551776 0.85409735
2076.03801901 0.85389884
2081.04052026 0.85370057
2086.04302151 0.85350255
2091.04552276 0.85330478
2096.04802401 0.85310724
2101.05052526 0.85290995
2106.05302651 0.85271291
2111.05552776 0.85251610
2116.05802901 0.85231953
2121.06053027 0.85212320
2126.06303152 0.85192711
2131.06553277 0.85173126
2136.06803402 0.85153564
2141.07053527 0.85134026
2146.07303652 0.85114512
2151.07553777 0.85095021
2156.07803902 0.85075553
2161.08054027 0.85056109
2166.08304152 0.85036688
2171.08554277 0.85017290
2176.08804402 0.84997915
2181.09054527 0.84978563
2186.09304652 0.84959234
2191.09554777 0.84939928
2196.09804902 0.84920644
2201.10055028 0.84901384
2206.10305153 0.84882146
2211.10555278 0.84862930
2216.10805403 0.84843737
2221.11055528 0.84824566
2226.11305653 0.84805418
2231.11555778 0.84786292
2236.11805903 0.84767188
2241.12056028 0.84748106
2246.12306153 0.84729047
2251.12556278 0.84710009
2256.12806403 0.84690993
2261.13056528 0.84671999
2266.13306653 0.84653027
2271.13556778 0.84634076
2276.13806903 0.84615148
2281.14057029 0.84596240
2286.14307154 0.84577354
2291.14557279 0.84558490
2296.14807404 0.84539647
2301.15057529 0.84520825
2306.15307654 0.84502025
2311.15557779 0.84483246
2316.15807904 0.84464488
2321.16058029 0.84445750
2326.16308154 0.84427034
2331.16558279 0.84408339
2336.16808404 0.84389665
2341.17058529 0.84371011
2346.17308654 0.84352378
2351.17558779 0.84333766
2356.17808904 0.84315174
2361.18059030 0.84296603
2366.18309155 0.84278053
2371.18559280 0.84259523
2376.18809405 0.84241013
2381.19059530 0.84222523
2386.19309655 0.84204054
2391.19559780 0.84185605
2396.19809905 0.84167176
2401.20060030 0.84148767
2406.20310155 0.84130378
2411.20560280 0.84112009
2416.20810405 0.84093660
2421.21060530 0.84075330
2426.21310655 0.84057021
2431.21560780 0.84038731
2436.21810905 0.84020461
2441.22061031 0.84002210
2446.22311156 0.83983979
2451.22561281 0.83965767
2456.22811406 0.83947575
2461.23061531 0.83929402
2466.23311656 0.83911248
2471.23561781 0.83893114
2476.23811906 0.83874999
2481.24062031 0.83856903
2486.24312156 0.83838826
2491.24562281 0.83820768
2496.24812406 0.83802729
2501.25062531 0.83784709
2506.25312656 0.83766708
2511.25562781 0.83748725
2516.25812906 0.83730762
2521.26063032 0.83712817
2526.26313157 0.83694890
2531.26563282 0.83676983
2536.26813407 0.83659094
2541.27063532 0.83641223
2546.27313657 0.83623371
2551.27563782 0.83605537
2556.27813907 0.83587721
2561.28064032 0.83569924
2566.28314157 0.83552145
2571.28564282 0.83534384
2576.28814407 0.83516642
2581.29064532 0.83498917
2586.29314657 0.83481211
2591.29564782 0.83463522
2596.29814907 0.83445851
2601.30065033 0.83428199
2606.30315158 0.83410564
2611.30565283 0.83392947
2616.30815408 0.83375347
2621.31065533 0.83357765
2626.31315658 0.83340201
2631.31565783 0.83322655
2636.31815908 0.83305126
2641.32066033 0.83287614
2646.32316158 0.83270120
2651.32566283 0.83252644
2656.32816408 0.83235185
2661.33066533 0.83217743
2666.33316658 0.83200318
2671.33566783 0.83182911
2676.33816908 0.83165520
2681.34067034 0.83148147
2686.34317159 0.83130791
2691.34567284 0.83113452
2696.34817409 0.83096130
2701.35067534 0.83078825
2706.35317659 0.83061536
2711.35567784 0.83044265
2716.35817909 0.83027010
2721.36068034 0.83009773
2726.36318159 0.82992551
2731.36568284 0.82975347
2736.36818409 0.82958159
2741.37068534 0.82940988
2746.37318659 0.82923833
2751.37568784 0.82906695
2756.37818909 0.82889573
2761.38069035 0.82872468
2766.38319160 0.82855379
2771.38569285 0.82838307
2776.38819410 0.82821250
2781.39069535 0.82804210
2786.39319660 0.82787186
2791.39569785 0.82770179
2796.39819910 0.82753187
2801.40070035 0.82736211
2806.40320160 0.82719252
2811.40570285 0.82702308
2816.40820410 0.82685381
2821.41070535 0.82668469
2826.41320660 0.82651573
2831.41570785 0.82634694
2836.41820910 0.82617829
2841.42071036 0.82600981
2846.42321161 0.82584148
2851.42571286 0.82567331
2856.42821411 0.82550530
2861.43071536 0.82533744
2866.43321661 0.82516974
2871.43571786 0.82500219
2876.43821911 0.82483480
2881.44072036 0.82466756
2886.44322161 0.82450048
2891.44572286 0.82433355
2896.44822411 0.82416677
2901.45072536 0.82400015
2906.45322661 0.82383368
2911.45572786 0.82366736
2916.45822911 0.82350119
2921.46073037 0.82333517
2926.46323162 0.82316931
2931.46573287 0.82300359
2936.46823412 0.82283803
2941.47073537 0.82267261
2946.47323662 0.82250735
2951.47573787 0.82234223
2956.47823912 0.82217726
2961.48074037 0.82201244
2966.48324162 0.82184777
2971.48574287 0.82168325
2976.48824412 0.82151887
2981.49074537 0.82135464
2986.49324662 0.82119056
2991.49574787 0.82102662
2996.49824912 0.82086283
3001.50075038 0.82069919
3006.50325163 0.82053569
3011.50575288 0.82037233
3016.50825413 0.82020912
3021.51075538 0.82004606
3026.51325663 0.81988313
3031.51575788 0.81972035
3036.51825913 0.81955772
3041.52076038 0.81939523
3046.52326163 0.81923288
3051.52576288 0.81907067
3056.52826413 0.81890860
3061.53076538 0.81874667
3066.53326663 0.81858489
3071.53576788 0.81842325
3076.53826913 0.81826174
3081.54077039 0.81810038
3086.54327164 0.81793916
3091.54577289 0.81777807
3096.54827414 0.81761713
3101.55077539 0.81745632
3106.55327664 0.81729566
3111.55577789 0.81713513
3116.55827914 0.81697474
3121.56078039 0.81681448
3126.56328164 0.81665437
3131.56578289 0.81649439
3136.56828414 0.81633454
3141.57078539 0.81617484
3146.57328664 0.81601527
3151.57578789 0.81585583
3156.57828914 0.81569653
3161.58079040 0.81553737
3166.58329165 0.81537834
3171.58579290 0.81521944
3176.58829415 0.81506068
3181.59079540 0.81490205
3186.59329665 0.81474356
3191.59579790 0.81458520
3196.59829915 0.81442697
3201.60080040 0.81426887
3206.60330165 0.81411091
3211.60580290 0.81395308
3216.60830415 0.81379538
3221.61080540 0.81363781
3226.61330665 0.81348037
3231.61580790 0.81332306
3236.61830915 0.81316589
3241.62081041 0.81300884
3246.62331166 0.81285192
3251.62581291 0.81269514
3256.62831416 0.81253848
3261.63081541 0.81238195
3266.63331666 0.81222555
3271.63581791 0.81206928
3276.63831916 0.81191314
3281.64082041 0.81175713
3286.64332166 0.81160124
3291.64582291 0.81144548
3296.64832416 0.81128985
3301.65082541 0.81113434
3306.65332666 0.81097896
3311.65582791 0.81082371
3316.65832916 0.81066858
3321.66083042 0.81051358
3326.66333167 0.81035870
3331.66583292 0.81020395
3336.66833417 0.81004933
3341.67083542 0.80989482
3346.67333667 0.80974045
3351.67583792 0.80958619
3356.67833917 0.80943206
3361.68084042 0.80927806
3366.68334167 0.80912418
3371.68584292 0.80897042
3376.68834417 0.80881678
3381.69084542 0.80866326
3386.69334667 0.80850987
3391.69584792 0.80835660
3396.69834917 0.80820345
3401.70085043 0.80805043
3406.70335168 0.80789752
3411.70585293 0.80774473
3416.70835418 0.80759207
3421.71085543 0.80743952
3426.71335668 0.80728710
3431.71585793 0.80713480
3436.71835918 0.80698261
3441.72086043 0.80683055
3446.72336168 0.80667860
3451.72586293 0.80652677
3456.72836418 0.80637506
3461.73086543 0.80622347
3466.73336668 0.80607200
3471.73586793 0.80592065
3476.73836918 0.80576941
3481.74087044 0.80561829
3486.74337169 0.80546729
3491.74587294 0.80531640
3496.74837419 0.80516563
3501.75087544 0.80501498
3506.75337669 0.80486444
3511.75587794 0.80471402
3516.75837919 0.80456372
3521.76088044 0.80441353
3526.76338169 0.80426346
3531.76588294 0.80411350
3536.76838419 0.80396365
3541.77088544 0.80381392
3546.77338669 0.80366431
3551.77588794 0.80351481
3556.77838919 0.80336542
3561.78089045 0.80321614
3566.78339170 0.80306698
3571.78589295 0.80291793
3576.78839420 0.80276900
3581.79089545 0.80262018
3586.79339670 0.80247147
3591.79589795 0.80232287
3596.79839920 0.80217438
3601.80090045 0.80202601
3606.80340170 0.80187775
3611.80590295 0.80172960
3616.80840420 0.80158156
3621.81090545 0.80143363
3626.81340670 0.80128581
3631.81590795 0.80113810
3636.81840920 0.80099050
3641.82091046 0.80084301
3646.82341171 0.80069563
3651.82591296 0.80054836
3656.82841421 0.80040120
3661.83091546 0.80025415
3666.83341671 0.80010721
3671.83591796 0.79996038
3676.83841921 0.79981365
3681.84092046 0.79966704
3686.84342171 0.79952053
3691.84592296 0.79937413
3696.84842421 0.79922783
3701.85092546 0.79908165
3706.85342671 0.79893557
3711.85592796 0.79878960
3716.85842921 0.79864373
3721.86093047 0.79849797
3726.86343172 0.79835232
3731.86593297 0.79820677
3736.86843422 0.79806133
3741.87093547 0.79791600
3746.87343672 0.79777077
3751.87593797 0.79762565
3756.87843922 0.79748063
3761.88094047 0.79733571
3766.88344172 0.79719090
3771.88594297 0.79704620
3776.88844422 0.79690160
3781.89094547 0.79675710
3786.89344672 0.79661271
3791.89594797 0.79646842
3796.89844922 0.79632423
3801.90095048 0.79618015
3806.90345173 0.79603617
3811.90595298 0.79589230
3816.90845423 0.79574852
3821.91095548 0.79560485
3826.91345673 0.79546128
3831.91595798 0.79531781
3836.91845923 0.79517445
3841.92096048 0.79503119
3846.92346173 0.79488802
3851.92596298 0.79474496
3856.92846423 0.79460200
3861.93096548 0.79445915
3866.93346673 0.79431639
3871.93596798 0.79417373
3876.93846923 0.79403117
3881.94097049 0.79388872
3886.94347174 0.79374636
3891.94597299 0.79360410
3896.94847424 0.79346195
3901.95097549 0.79331989
3906.95347674 0.79317793
3911.95597799 0.79303607
3916.95847924 0.79289431
3921.96098049 0.79275265
3926.96348174 0.79261109
3931.96598299 0.79246962
3936.96848424 0.79232825
3941.97098549 0.79218698
3946.97348674 0.79204581
3951.97598799 0.79190474
3956.97848924 0.79176376
3961.98099050 0.79162288
3966.98349175 0.79148210
3971.98599300 0.79134142
3976.98849425 0.79120083
3981.99099550 0.79106034
3986.99349675 0.79091994
3991.99599800 0.79077964
3996.99849925 0.79063944
4002.00100050 0.79049933
4007.00350175 0.79035932
4012.00600300 0.79021940
4017.00850425 0.79007958
4022.01100550 0.78993986
4027.01350675 0.78980023
4032.01600800 0.78966069
4037.01850925 0.78952125
4042.02101051 0.78938190
4047.02351176 0.78924265
4052.02601301 0.78910349
4057.02851426 0.78896442
4062.03101551 0.78882545
4067.03351676 0.78868658
4072.03601801 0.78854779
4077.03851926 0.78840910
4082.04102051 0.78827050
4087.04352176 0.78813200
4092.04602301 0.78799359
4097.04852426 0.78785527
4102.05102551 0.78771704
4107.05352676 0.78757890
4112.05602801 0.78744086
4117.05852926 0.78730291
4122.06103052 0.78716505
4127.06353177 0.78702729
4132.06603302 0.78688961
4137.06853427 0.78675202
4142.07103552 0.78661453
4147.07353677 0.78647713
4152.07603802 0.78633982
4157.07853927 0.78620260
4162.08104052 0.78606547
4167.08354177 0.78592843
4172.08604302 0.78579148
4177.08854427 0.78565462
4182.09104552 0.78551785
4187.09354677 0.78538117
4192.09604802 0.78524457
4197.09854927 0.78510807
4202.10105053 0.78497166
4207.10355178 0.78483534
4212.10605303 0.78469910
4217.10855428 0.78456296
4222.11105553 0.78442690
4227.11355678 0.78429093
4232.11605803 0.78415505
4237.11855928 0.78401926
4242.12106053 0.78388356
4247.12356178 0.78374794
4252.12606303 0.78361241
4257.12856428 0.78347697
4262.13106553 0.78334162
4267.13356678 0.78320635
4272.13606803 0.78307117
4277.13856928 0.78293608
4282.14107054 0.78280108
4287.14357179 0.78266616
4292.14607304 0.78253133
4297.14857429 0.78239658
4302.15107554 0.78226192
4307.15357679 0.78212735
4312.15607804 0.78199286
4317.15857929 0.78185846
4322.16108054 0.78172414
4327.16358179 0.78158991
4332.16608304 0.78145577
4337.16858429 0.78132171
4342.17108554 0.78118774
4347.17358679 0.78105385
4352.17608804 0.78092004
4357.17858929 0.78078632
4362.18109055 0.78065268
4367.18359180 0.78051913
4372.18609305 0.78038567
4377.18859430 0.78025228
4382.19109555 0.78011898
4387.19359680 0.77998577
4392.19609805 0.77985264
4397.19859930 0.77971959
4402.20110055 0.77958662
4407.20360180 0.77945374
4412.20610305 0.77932094
4417.20860430 0.77918823
4422.21110555 0.77905559
4427.21360680 0.77892304
4432.21610805 0.77879058
4437.21860930 0.77865819
4442.22111056 0.77852589
4447.22361181 0.77839367
4452.22611306 0.77826153
4457.22861431 0.77812947
4462.23111556 0.77799750
4467.23361681 0.77786561
4472.23611806 0.77773379
4477.23861931 0.77760206
4482.24112056 0.77747041
4487.24362181 0.77733885
4492.24612306 0.77720736
4497.24862431 0.77707595
4502.25112556 0.77694463
4507.25362681 0.77681338
4512.25612806 0.77668222
4517.25862931 0.77655113
4522.26113057 0.77642013
4527.26363182 0.77628921
4532.26613307 0.77615836
4537.26863432 0.77602760
4542.27113557 0.77589691
4547.27363682 0.77576631
4552.27613807 0.77563578
4557.27863932 0.77550533
4562.28114057 0.77537497
4567.28364182 0.77524468
4572.28614307 0.77511447
4577.28864432 0.77498434
4582.29114557 0.77485429
4587.29364682 0.77472431
4592.29614807 0.77459442
4597.29864932 0.77446460
4602.30115058 0.77433486
4607.30365183 0.77420520
4612.30615308 0.77407562
4617.30865433 0.77394611
4622.31115558 0.77381669
4627.31365683 0.77368734
4632.31615808 0.77355807
4637.31865933 0.77342887
4642.32116058 0.77329975
4647.32366183 0.77317071
4652.32616308 0.77304175
4657.32866433 0.77291286
4662.33116558 0.77278405
4667.33366683 0.77265532
4672.33616808 0.77252666
4677.33866933 0.77239808
4682.34117059 0.77226957
4687.34367184 0.77214115
4692.34617309 0.77201279
4697.34867434 0.77188452
4702.35117559 0.77175631
4707.35367684 0.77162819
4712.35617809 0.77150014
4717.35867934 0.77137216
4722.36118059 0.77124427
4727.36368184 0.77111644
4732.36618309 0.77098869
4737.36868434 0.77086102
4742.37118559 0.77073342
4747.37368684 0.77060589
4752.37618809 0.77047844
4757.37868934 0.77035107
4762.38119060 0.77022377
4767.38369185 0.77009654
4772.38619310 0.76996939
4777.38869435 0.76984231
4782.39119560 0.76971530
4787.39369685 0.76958837
4792.39619810 0.76946151
4797.39869935 0.76933473
4802.40120060 0.76920802
4807.40370185 0.76908138
4812.40620310 0.76895482
4817.40870435 0.76882833
4822.41120560 0.76870191
4827.41370685 0.76857557
4832.41620810 0.76844929
4837.41870935 0.76832309
4842.42121061 0.76819697
4847.42371186 0.76807091
4852.42621311 0.76794493
4857.42871436 0.76781902
4862.43121561 0.76769318
4867.43371686 0.76756742
4872.43621811 0.76744172
4877.43871936 0.76731610
4882.44122061 0.76719055
4887.44372186 0.76706507
4892.44622311 0.76693967
4897.44872436 0.76681433
4902.45122561 0.76668907
4907.45372686 0.76656387
4912.45622811 0.76643875
4917.45872936 0.76631370
4922.46123062 0.76618872
4927.46373187 0.76606381
4932.46623312 0.76593897
4937.46873437 0.76581420
4942.47123562 0.76568950
4947.47373687 0.76556488
4952.47623812 0.76544032
4957.47873937 0.76531583
4962.48124062 0.76519141
4967.48374187 0.76506707
4972.48624312 0.76494279
4977.48874437 0.76481858
4982.49124562 0.76469444
4987.49374687 0.76457037
4992.49624812 0.76444638
4997.49874937 0.76432245
5002.50125063 0.76419858
5007.50375188 0.76407479
5012.50625313 0.76395107
5017.50875438 0.76382742
5022.51125563 0.76370383
5027.51375688 0.76358032
5032.51625813 0.76345687
5037.51875938 0.76333349
5042.52126063 0.76321018
5047.52376188 0.76308694
5052.52626313 0.76296376
5057.52876438 0.76284066
5062.53126563 0.76271762
5067.53376688 0.76259465
5072.53626813 0.76247175
5077.53876938 0.76234891
5082.54127064 0.76222615
5087.54377189 0.76210345
5092.54627314 0.76198082
5097.54877439 0.76185825
5102.55127564 0.76173575
5107.55377689 0.76161332
5112.55627814 0.76149096
5117.55877939 0.76136867
5122.56128064 0.76124644
5127.56378189 0.76112427
5132.56628314 0.76100218
5137.56878439 0.76088015
5142.57128564 0.76075819
5147.57378689 0.76063629
5152.57628814 0.76051446
5157.57878939 0.76039270
5162.58129065 0.76027100
5167.58379190 0.76014937
5172.58629315 0.76002780
5177.58879440 0.75990630
5182.59129565 0.75978487
5187.59379690 0.75966350
5192.59629815 0.75954220
5197.59879940 0.75942096
5202.60130065 0.75929979
5207.60380190 0.75917868
5212.60630315 0.75905764
5217.60880440 0.75893666
5222.61130565 0.75881575
5227.61380690 0.75869491
5232.61630815 0.75857413
5237.61880940 0.75845341
5242.62131066 0.75833276
5247.62381191 0.75821217
5252.62631316 0.75809165
5257.62881441 0.75797119
5262.63131566 0.75785079
5267.63381691 0.75773046
5272.63631816 0.75761020
5277.63881941 0.75749000
5282.64132066 0.75736986
5287.64382191 0.75724978
5292.64632316 0.75712977
5297.64882441 0.75700983
5302.65132566 0.75688994
5307.65382691 0.75677012
5312.65632816 0.75665037
5317.65882941 0.75653067
5322.66133067 0.75641104
5327.66383192 0.75629148
5332.66633317 0.75617197
5337.66883442 0.75605253
5342.67133567 0.75593316
5347.67383692 0.75581384
5352.67633817 0.75569459
5357.67883942 0.75557540
5362.68134067 0.75545627
5367.68384192 0.75533721
5372.68634317 0.75521821
5377.68884442 0.75509927
5382.69134567 0.75498039
5387.69384692 0.75486158
5392.69634817 0.75474282
5397.69884942 0.75462413
5402.70135068 0.75450550
5407.70385193 0.75438694
5412.70635318 0.75426843
5417.70885443 0.75414999
5422.71135568 0.75403160
5427.71385693 0.75391328
5432.71635818 0.75379502
5437.71885943 0.75367683
5442.72136068 0.75355869
5447.72386193 0.75344061
5452.72636318 0.75332260
5457.72886443 0.75320464
5462.73136568 0.75308675
5467.73386693 0.75296892
5472.73636818 0.75285115
5477.73886943 0.75273344
5482.74137069 0.75261579
5487.74387194 0.75249820
5492.74637319 0.75238067
5497.74887444 0.75226320
5502.75137569 0.75214579
5507.75387694 0.75202844
5512.75637819 0.75191116
5517.75887944 0.75179393
5522.76138069 0.75167676
5527.76388194 0.75155965
5532.76638319 0.75144260
5537.76888444 0.75132561
5542.77138569 0.75120868
5547.77388694 0.75109181
5552.77638819 0.75097500
5557.77888944 0.75085825
5562.78139070 0.75074156
5567.78389195 0.75062493
5572.78639320 0.75050836
5577.78889445 0.75039184
5582.79139570 0.75027539
5587.79389695 0.75015899
5592.79639820 0.75004266
5597.79889945 0.74992638
5602.80140070 0.74981016
5607.80390195 0.74969400
5612.80640320 0.74957790
5617.80890445 0.74946185
5622.81140570 0.74934587
5627.81390695 0.74922994
5632.81640820 0.74911407
5637.81890945 0.74899826
5642.82141071 0.74888251
5647.82391196 0.74876681
5652.82641321 0.74865118
5657.82891446 0.74853560
5662.83141571 0.74842008
5667.83391696 0.74830462
5672.83641821 0.74818921
5677.83891946 0.74807386
5682.84142071 0.74795857
5687.84392196 0.74784334
5692.84642321 0.74772816
5697.84892446 0.74761305
5702.85142571 0.74749799
5707.85392696 0.74738298
5712.85642821 0.74726804
5717.85892946 0.74715315
5722.86143072 0.74703831
5727.86393197 0.74692354
5732.86643322 0.74680882
5737.86893447 0.74669416
5742.87143572 0.74657955
5747.87393697 0.74646500
5752.87643822 0.74635051
5757.87893947 0.74623607
5762.88144072 0.74612169
5767.88394197 0.74600737
5772.88644322 0.74589310
5777.88894447 0.74577889
5782.89144572 0.74566474
5787.89394697 0.74555064
5792.89644822 0.74543660
5797.89894947 0.74532261
5802.90145073 0.74520868
5807.90395198 0.74509480
5812.90645323 0.74498098
5817.90895448 0.74486722
5822.91145573 0.74475351
5827.91395698 0.74463986
5832.91645823 0.74452626
5837.91895948 0.74441272
5842.92146073 0.74429923
5847.92396198 0.74418580
5852.92646323 0.74407242
5857.92896448 0.74395910
5862.93146573 0.74384583
5867.93396698 0.74373262
5872.93646823 0.74361947
5877.93896948 0.74350636
5882.94147074 0.74339332
5887.94397199 0.74328032
5892.94647324 0.74316739
5897.94897449 0.74305450
5902.95147574 0.74294167
5907.95397699 0.74282890
5912.95647824 0.74271618
5917.95897949 0.74260351
5922.96148074 0.74249090
5927.96398199 0.74237834
5932.96648324 0.74226584
5937.96898449 0.74215339
5942.97148574 0.74204099
5947.97398699 0.74192865
5952.97648824 0.74181636
5957.97898949 0.74170413
5962.98149075 0.74159194
5967.98399200 0.74147982
5972.98649325 0.74136774
5977.98899450 0.74125572
5982.99149575 0.74114376
5987.99399700 0.74103184
5992.99649825 0.74091998
5997.99899950 0.74080818
6003.00150075 0.74069642
6008.00400200 0.74058472
6013.00650325 0.74047307
6018.00900450 0.74036148
6023.01150575 0.74024994
6028.01400700 0.74013845
6033.01650825 0.74002701
6038.01900950 0.73991563
6043.02151076 0.73980430
6048.02401201 0.73969302
6053.02651326 0.73958179
6058.02901451 0.73947062
6063.03151576 0.73935950
6068.03401701 0.73924843
6073.03651826 0.73913741
6078.03901951 0.73902645
6083.04152076 0.73891553
6088.04402201 0.73880467
6093.04652326 0.73869387
6098.04902451 0.73858311
6103.05152576 0.73847241
6108.05402701 0.73836175
6113.05652826 0.73825115
6118.05902951 0.73814060
6123.06153077 0.73803011
6128.06403202 0.73791966
6133.06653327 0.73780927
6138.06903452 0.73769892
6143.07153577 0.73758863
6148.07403702 0.73747839
6153.07653827 0.73736820
6158.07903952 0.73725807
6163.08154077 0.73714798
6168.08404202 0.73703794
6173.08654327 0.73692796
6178.08904452 0.73681803
6183.09154577 0.73670815
6188.09404702 0.73659831
6193.09654827 0.73648853
6198.09904952 0.73637880
6203.10155078 0.73626912
6208.10405203 0.73615950
6213.10655328 0.73604992
6218.10905453 0.73594039
6223.11155578 0.73583091
6228.11405703 0.73572149
6233.11655828 0.73561211
6238.11905953 0.73550279
6243.12156078 0.73539351
6248.12406203 0.73528428
6253.12656328 0.73517511
6258.12906453 0.73506598
6263.13156578 0.73495691
6268.13406703 0.73484788
6273.13656828 0.73473891
6278.13906953 0.73462998
6283.14157079 0.73452111
6288.14407204 0.73441228
6293.14657329 0.73430350
6298.14907454 0.73419478
6303.15157579 0.73408610
6308.15407704 0.73397747
6313.15657829 0.73386889
6318.15907954 0.73376036
6323.16158079 0.73365188
6328.16408204 0.73354345
6333.16658329 0.73343507
6338.16908454 0.73332674
6343.17158579 0.73321846
6348.17408704 0.73311022
6353.17658829 0.73300204
6358.17908954 0.73289390
6363.18159080 0.73278582
6368.18409205 0.73267778
6373.18659330 0.73256979
6378.18909455 0.73246185
6383.19159580 0.73235395
6388.19409705 0.73224611
6393.19659830 0.73213832
6398.19909955 0.73203057
6403.20160080 0.73192287
6408.20410205 0.73181522
6413.20660330 0.73170762
6418.20910455 0.73160007
6423.21160580 0.73149256
6428.21410705 0.73138510
6433.21660830 0.73127770
6438.21910955 0.73117033
6443.22161081 0.73106302
6448.22411206 0.73095576
6453.22661331 0.73084854
6458.22911456 0.73074137
6463.23161581 0.73063425
6468.23411706 0.73052718
6473.23661831 0.73042015
6478.23911956 0.73031317
6483.24162081 0.73020624
6488.24412206 0.73009936
6493.24662331 0.72999252
6498.24912456 0.72988573
6503.25162581 0.72977899
6508.25412706 0.72967230
6513.25662831 0.72956565
6518.25912956 0.72945905
6523.26163082 0.72935250
6528.26413207 0.72924600
6533.26663332 0.72913954
6538.26913457 0.72903313
6543.27163582 0.72892677
6548.27413707 0.72882045
6553.27663832 0.72871418
6558.27913957 0.72860796
6563.28164082 0.72850178
6568.28414207 0.72839565
6573.28664332 0.72828957
6578.28914457 0.72818353
6583.29164582 0.72807754
6588.29414707 0.72797160
6593.29664832 0.72786570
6598.29914957 0.72775985
6603.30165083 0.72765404
6608.30415208 0.72754829
6613.30665333 0.72744257
6618.30915458 0.72733691
6623.31165583 0.72723129
6628.31415708 0.72712571
6633.31665833 0.72702019
6638.31915958 0.72691471
6643.32166083 0.72680927
6648.32416208 0.72670388
6653.32666333 0.72659854
6658.32916458 0.72649324
6663.33166583 0.72638799
6668.33416708 0.72628278
6673.33666833 0.72617762
6678.33916958 0.72607250
6683.34167084 0.72596743
6688.34417209 0.72586241
6693.34667334 0.72575743
6698.34917459 0.72565250
6703.35167584 0.72554761
6708.35417709 0.72544277
6713.35667834 0.72533797
6718.35917959 0.72523322
6723.36168084 0.72512851
6728.36418209 0.72502385
6733.36668334 0.72491923
6738.36918459 0.72481466
6743.37168584 0.72471013
6748.37418709 0.72460565
6753.37668834 0.72450121
6758.37918959 0.72439682
6763.38169085 0.72429247
6768.38419210 0.72418817
6773.38669335 0.72408391
6778.38919460 0.72397970
6783.39169585 0.72387553
6788.39419710 0.72377141
6793.39669835 0.72366733
6798.39919960 0.72356329
6803.40170085 0.72345930
6808.40420210 0.72335535
6813.40670335 0.72325145
6818.40920460 0.72314759
6823.41170585 0.72304378
6828.41420710 0.72294001
6833.41670835 0.72283628
6838.41920960 0.72273260
6843.42171086 0.72262896
6848.42421211 0.72252537
6853.42671336 0.72242182
6858.42921461 0.72231831
6863.43171586 0.72221485
6868.43421711 0.72211143
6873.43671836 0.72200806
6878.43921961 0.72190473
6883.44172086 0.72180144
6888.44422211 0.72169820
6893.44672336 0.72159500
6898.44922461 0.72149184
6903.45172586 0.72138873
6908.45422711 0.72128566
6913.45672836 0.72118264
6918.45922961 0.72107965
6923.46173087 0.72097671
6928.46423212 0.72087382
6933.46673337 0.72077097
6938.46923462 0.72066816
6943.47173587 0.72056539
6948.47423712 0.72046267
6953.47673837 0.72035999
6958.47923962 0.72025735
6963.48174087 0.72015475
6968.48424212 0.72005220
6973.48674337 0.71994969
6978.48924462 0.71984723
6983.49174587 0.71974480
6988.49424712 0.71964242
6993.49674837 0.71954009
6998.49924962 0.71943779
7003.50175088 0.71933554
7008.50425213 0.71923333
7013.50675338 0.71913116
7018.50925463 0.71902904
7023.51175588 0.71892695
7028.51425713 0.71882491
7033.51675838 0.71872292
7038.51925963 0.71862096
7043.52176088 0.71851905
7048.52426213 0.71841718
7053.52676338 0.71831535
7058.52926463 0.71821356
7063.53176588 0.71811182
7068.53426713 0.71801011
7073.53676838 0.71790845
7078.53926963 0.71780683
7083.54177089 0.71770526
7088.54427214 0.71760372
7093.54677339 0.71750223
7098.54927464 0.71740078
7103.55177589 0.71729937
7108.55427714 0.71719800
7113.55677839 0.71709668
7118.55927964 0.71699539
7123.56178089 0.71689415
7128.56428214 0.71679295
7133.56678339 0.71669179
7138.56928464 0.71659067
7143.57178589 0.71648959
7148.57428714 0.71638856
7153.57678839 0.71628756
7158.57928964 0.71618661
7163.58179090 0.71608570
7168.58429215 0.71598483
7173.58679340 0.71588400
7178.58929465 0.71578321
7183.59179590 0.71568246
7188.59429715 0.71558175
7193.59679840 0.71548109
7198.59929965 0.71538047
7203.60180090 0.71527988
7208.60430215 0.71517934
7213.60680340 0.71507884
7218.60930465 0.71497838
7223.61180590 0.71487796
7228.61430715 0.71477758
7233.61680840 0.71467724
7238.61930965 0.71457694
7243.62181091 0.71447668
7248.62431216 0.71437647
7253.62681341 0.71427629
7258.62931466 0.71417615
7263.63181591 0.71407606
7268.63431716 0.71397600
7273.63681841 0.71387599
7278.63931966 0.71377602
7283.64182091 0.71367608
7288.64432216 0.71357619
7293.64682341 0.71347633
7298.64932466 0.71337652
7303.65182591 0.71327675
7308.65432716 0.71317701
7313.65682841 0.71307732
7318.65932966 0.71297767
7323.66183092 0.71287805
7328.66433217 0.71277848
7333.66683342 0.71267895
7338.66933467 0.71257945
7343.67183592 0.71248000
7348.67433717 0.71238059
7353.67683842 0.71228121
7358.67933967 0.71218188
7363.68184092 0.71208258
7368.68434217 0.71198333
7373.68684342 0.71188411
7378.68934467 0.71178494
7383.69184592 0.71168580
7388.69434717 0.71158670
7393.69684842 0.71148764
7398.69934967 0.71138863
7403.70185093 0.71128965
7408.70435218 0.71119071
7413.70685343 0.71109181
7418.70935468 0.71099295
7423.71185593 0.71089412
7428.71435718 0.71079534
7433.71685843 0.71069660
7438.71935968 0.71059789
7443.72186093 0.71049923
7448.72436218 0.71040060
7453.72686343 0.71030201
7458.72936468 0.71020346
7463.73186593 0.71010495
7468.73436718 0.71000648
7473.73686843 0.70990805
7478.73936968 0.70980966
7483.74187094 0.70971130
7488.74437219 0.70961299
7493.74687344 0.70951471
7498.74937469 0.70941647
7503.75187594 0.70931827
7508.75437719 0.70922011
7513.75687844 0.70912199
7518.75937969 0.70902391
7523.76188094 0.70892586
7528.76438219 0.70882785
7533.76688344 0.70872988
7538.76938469 0.70863195
7543.77188594 0.70853406
7548.77438719 0.70843621
7553.77688844 0.70833839
7558.77938969 0.70824061
7563.78189095 0.70814287
7568.78439220 0.70804517
7573.78689345 0.70794751
7578.78939470 0.70784988
7583.79189595 0.70775230
7588.79439720 0.70765475
7593.79689845 0.70755724
7598.79939970 0.70745977
7603.80190095 0.70736233
7608.80440220 0.70726493
7613.80690345 0.70716757
7618.80940470 0.70707025
7623.81190595 0.70697297
7628.81440720 0.70687572
7633.81690845 0.70677851
7638.81940970 0.70668134
7643.82191096 0.70658421
7648.82441221 0.70648711
7653.82691346 0.70639005
7658.82941471 0.70629303
7663.83191596 0.70619605
7668.83441721 0.70609910
7673.83691846 0.70600220
7678.83941971 0.70590533
7683.84192096 0.70580849
7688.84442221 0.70571169
7693.84692346 0.70561494
7698.84942471 0.70551821
7703.85192596 0.70542153
7708.85442721 0.70532488
7713.85692846 0.70522827
7718.85942971 0.70513170
7723.86193097 0.70503516
7728.86443222 0.70493866
7733.86693347 0.70484220
7738.86943472 0.70474577
7743.87193597 0.70464939
7748.87443722 0.70455303
7753.87693847 0.70445672
7758.87943972 0.70436044
7763.88194097 0.70426420
7768.88444222 0.70416800
7773.88694347 0.70407183
7778.88944472 0.70397570
7783.89194597 0.70387960
7788.89444722 0.70378355
7793.89694847 0.70368753
7798.89944972 0.70359154
7803.90195098 0.70349559
7808.90445223 0.70339968
7813.90695348 0.70330381
7818.90945473 0.70320797
7823.91195598 0.70311217
7828.91445723 0.70301640
7833.91695848 0.70292067
7838.91945973 0.70282498
7843.92196098 0.70272932
7848.92446223 0.70263370
7853.92696348 0.70253811
7858.92946473 0.70244257
7863.93196598 0.70234705
7868.93446723 0.70225158
7873.93696848 0.70215614
7878.93946973 0.70206073
7883.94197099 0.70196536
7888.94447224 0.70187003
7893.94697349 0.70177474
7898.94947474 0.70167948
7903.95197599 0.70158425
7908.95447724 0.70148906
7913.95697849 0.70139391
7918.95947974 0.70129879
7923.96198099 0.70120371
7928.96448224 0.70110867
7933.96698349 0.70101366
7938.96948474 0.70091868
7943.97198599 0.70082374
7948.97448724 0.70072884
7953.97698849 0.70063397
7958.97948974 0.70053914
7963.98199100 0.70044434
7968.98449225 0.70034958
7973.98699350 0.70025486
7978.98949475 0.70016017
7983.99199600 0.70006551
7988.99449725 0.69997089
7993.99699850 0.69987631
7998.99949975 0.69978176
8004.00200100 0.69968724
8009.00450225 0.69959276
8014.00700350 0.69949832
8019.00950475 0.69940391
8024.01200600 0.69930954
8029.01450725 0.69921520
8034.01700850 0.69912090
8039.01950975 0.69902663
8044.02201101 0.69893240
8049.02451226 0.69883820
8054.02701351 0.69874404
8059.02951476 0.69864991
8064.03201601 0.69855581
8069.03451726 0.69846175
8074.03701851 0.69836773
8079.03951976 0.69827374
8084.04202101 0.69817979
8089.04452226 0.69808587
8094.04702351 0.69799198
8099.04952476 0.69789813
8104.05202601 0.69780432
8109.05452726 0.69771054
8114.05702851 0.69761679
8119.05952976 0.69752308
8124.06203102 0.69742940
8129.06453227 0.69733576
8134.06703352 0.69724215
8139.06953477 0.69714857
8144.07203602 0.69705503
8149.07453727 0.69696153
8154.07703852 0.69686806
8159.07953977 0.69677462
8164.08204102 0.69668122
8169.08454227 0.69658785
8174.08704352 0.69649451
8179.08954477 0.69640121
8184.09204602 0.69630795
8189.09454727 0.69621472
8194.09704852 0.69612152
8199.09954977 0.69602835
8204.10205103 0.69593523
8209.10455228 0.69584213
8214.10705353 0.69574907
8219.10955478 0.69565604
8224.11205603 0.69556305
8229.11455728 0.69547009
8234.11705853 0.69537716
8239.11955978 0.69528427
8244.12206103 0.69519141
8249.12456228 0.69509858
8254.12706353 0.69500579
8259.12956478 0.69491304
8264.13206603 0.69482031
8269.13456728 0.69472762
8274.13706853 0.69463497
8279.13956978 0.69454234
8284.14207104 0.69444975
8289.14457229 0.69435720
8294.14707354 0.69426468
8299.14957479 0.69417219
8304.15207604 0.69407973
8309.15457729 0.69398731
8314.15707854 0.69389492
8319.15957979 0.69380257
8324.16208104 0.69371024
8329.16458229 0.69361796
8334.16708354 0.69352570
8339.16958479 0.69343348
8344.17208604 0.69334129
8349.17458729 0.69324913
8354.17708854 0.69315701
8359.17958979 0.69306492
8364.18209105 0.69297287
8369.18459230 0.69288084
8374.18709355 0.69278885
8379.18959480 0.69269690
8384.19209605 0.69260497
8389.19459730 0.69251308
8394.19709855 0.69242122
8399.19959980 0.69232940
8404.20210105 0.69223761
8409.20460230 0.69214585
8414.20710355 0.69205412
8419.20960480 0.69196243
8424.21210605 0.69187076
8429.21460730 0.69177914
8434.21710855 0.69168754
8439.21960980 0.69159598
8444.22211106 0.69150445
8449.22461231 0.69141295
8454.22711356 0.69132149
8459.22961481 0.69123005
8464.23211606 0.69113865
8469.23461731 0.69104729
8474.23711856 0.69095595
8479.23961981 0.69086465
8484.24212106 0.69077338
8489.24462231 0.69068214
8494.24712356 0.69059094
8499.24962481 0.69049976
8504.25212606 0.69040862
8509.25462731 0.69031751
8514.25712856 0.69022644
8519.25962981 0.69013540
8524.26213107 0.69004438
8529.26463232 0.68995341
8534.26713357 0.68986246
8539.26963482 0.68977154
8544.27213607 0.68968066
8549.27463732 0.68958981
8554.27713857 0.68949899
8559.27963982 0.68940821
8564.28214107 0.68931745
8569.28464232 0.68922673
8574.28714357 0.68913604
8579.28964482 0.68904538
8584.29214607 0.68895475
8589.29464732 0.68886416
8594.29714857 0.68877360
8599.29964982 0.68868306
8604.30215108 0.68859257
8609.30465233 0.68850210
8614.30715358 0.68841166
8619.30965483 0.68832126
8624.31215608 0.68823089
8629.31465733 0.68814055
8634.31715858 0.68805024
8639.31965983 0.68795996
8644.32216108 0.68786971
8649.32466233 0.68777950
8654.32716358 0.68768932
8659.32966483 0.68759917
8664.33216608 0.68750905
8669.33466733 0.68741896
8674.33716858 0.68732890
8679.33966983 0.68723888
8684.34217109 0.68714888
8689.34467234 0.68705892
8694.34717359 0.68696899
8699.34967484 0.68687909
8704.35217609 0.68678922
8709.35467734 0.68669939
8714.35717859 0.68660958
8719.35967984 0.68651981
8724.36218109 0.68643006
8729.36468234 0.68634035
8734.36718359 0.68625067
8739.36968484 0.68616102
8744.37218609 0.68607140
8749.37468734 0.68598181
8754.37718859 0.68589225
8759.37968984 0.68580273
8764.38219110 0.68571323
8769.38469235 0.68562377
8774.38719360 0.68553434
8779.38969485 0.68544494
8784.39219610 0.68535556
8789.39469735 0.68526622
8794.39719860 0.68517692
8799.39969985 0.68508764
8804.40220110 0.68499839
8809.40470235 0.68490917
8814.40720360 0.68481999
8819.40970485 0.68473083
8824.41220610 0.68464171
8829.41470735 0.68455261
8834.41720860 0.68446355
8839.41970985 0.68437452
8844.42221111 0.68428551
8849.42471236 0.68419654
8854.42721361 0.68410760
8859.42971486 0.68401869
8864.43221611 0.68392981
8869.43471736 0.68384096
8874.43721861 0.68375214
8879.43971986 0.68366335
8884.44222111 0.68357459
8889.44472236 0.68348587
8894.44722361 0.68339717
8899.44972486 0.68330850
8904.45222611 0.68321986
8909.45472736 0.68313126
8914.45722861 0.68304268
8919.45972986 0.68295414
8924.46223112 0.68286562
8929.46473237 0.68277713
8934.46723362 0.68268868
8939.46973487 0.68260025
8944.47223612 0.68251186
8949.47473737 0.68242349
8954.47723862 0.68233516
8959.47973987 0.68224685
8964.48224112 0.68215858
8969.48474237 0.68207033
8974.48724362 0.68198212
8979.48974487 0.68189393
8984.49224612 0.68180578
8989.49474737 0.68171765
8994.49724862 0.68162956
8999.49974987 0.68154149
9004.50225113 0.68145346
9009.50475238 0.68136545
9014.50725363 0.68127747
9019.50975488 0.68118953
9024.51225613 0.68110161
9029.51475738 0.68101372
9034.51725863 0.68092587
9039.51975988 0.68083804
9044.52226113 0.68075024
9049.52476238 0.68066247
9054.52726363 0.68057474
9059.52976488 0.68048703
9064.53226613 0.68039935
9069.53476738 0.68031170
9074.53726863 0.68022408
9079.53976988 0.68013649
9084.54227114 0.68004892
9089.54477239 0.67996139
9094.54727364 0.67987389
9099.54977489 0.67978642
9104.55227614 0.67969897
9109.55477739 0.67961156
9114.55727864 0.67952417
9119.55977989 0.67943682
9124.56228114 0.67934949
9129.56478239 0.67926219
9134.56728364 0.67917493
9139.56978489 0.67908769
9144.57228614 0.67900048
9149.57478739 0.67891330
9154.57728864 0.67882615
9159.57978989 0.67873902
9164.58229115 0.67865193
9169.58479240 0.67856487
9174.58729365 0.67847783
9179.58979490 0.67839083
9184.59229615 0.67830385
9189.59479740 0.67821690
9194.59729865 0.67812998
9199.59979990 0.67804309
9204.60230115 0.67795623
9209.60480240 0.67786940
9214.60730365 0.67778260
9219.60980490 0.67769582
9224.61230615 0.67760908
9229.61480740 0.67752236
9234.61730865 0.67743568
9239.61980990 0.67734902
9244.62231116 0.67726239
9249.62481241 0.67717578
9254.62731366 0.67708921
9259.62981491 0.67700267
9264.63231616 0.67691615
9269.63481741 0.67682967
9274.63731866 0.67674321
9279.63981991 0.67665678
9284.64232116 0.67657038
9289.64482241 0.67648400
9294.64732366 0.67639766
9299.64982491 0.67631135
9304.65232616 0.67622506
9309.65482741 0.67613880
9314.65732866 0.67605257
9319.65982991 0.67596637
9324.66233117 0.67588020
9329.66483242 0.67579405
9334.66733367 0.67570793
9339.66983492 0.67562185
9344.67233617 0.67553579
9349.67483742 0.67544976
9354.67733867 0.67536375
9359.67983992 0.67527778
9364.68234117 0.67519183
9369.68484242 0.67510591
9374.68734367 0.67502002
9379.68984492 0.67493416
9384.69234617 0.67484833
9389.69484742 0.67476252
9394.69734867 0.67467674
9399.69984992 0.67459099
9404.70235118 0.67450527
9409.70485243 0.67441958
9414.70735368 0.67433391
9419.70985493 0.67424828
9424.71235618 0.67416267
9429.71485743 0.67407709
9434.71735868 0.67399153
9439.71985993 0.67390601
9444.72236118 0.67382051
9449.72486243 0.67373504
9454.72736368 0.67364960
9459.72986493 0.67356418
9464.73236618 0.67347880
9469.73486743 0.67339344
9474.73736868 0.67330811
9479.73986993 0.67322281
9484.74237119 0.67313753
9489.74487244 0.67305228
9494.74737369 0.67296706
9499.74987494 0.67288187
9504.75237619 0.67279671
9509.75487744 0.67271157
9514.75737869 0.67262646
9519.75987994 0.67254138
9524.76238119 0.67245633
9529.76488244 0.67237130
9534.76738369 0.67228630
9539.76988494 0.67220133
9544.77238619 0.67211639
9549.77488744 0.67203147
9554.77738869 0.67194658
9559.77988994 0.67186172
9564.78239120 0.67177689
9569.78489245 0.67169208
9574.78739370 0.67160730
9579.78989495 0.67152255
9584.79239620 0.67143782
9589.79489745 0.67135313
9594.79739870 0.67126846
9599.79989995 0.67118381
9604.80240120 0.67109920
9609.80490245 0.67101461
9614.80740370 0.67093005
9619.80990495 0.67084551
9624.81240620 0.67076101
9629.81490745 0.67067653
9634.81740870 0.67059208
9639.81990995 0.67050765
9644.82241121 0.67042325
9649.82491246 0.67033888
9654.82741371 0.67025454
9659.82991496 0.67017022
9664.83241621 0.67008593
9669.83491746 0.67000167
9674.83741871 0.66991743
9679.83991996 0.66983322
9684.84242121 0.66974904
9689.84492246 0.66966488
9694.84742371 0.66958076
9699.84992496 0.66949666
9704.85242621 0.66941258
9709.85492746 0.66932853
9714.85742871 0.66924451
9719.85992996 0.66916052
9724.86243122 0.66907655
9729.86493247 0.66899261
9734.86743372 0.66890870
9739.86993497 0.66882481
9744.87243622 0.66874095
9749.87493747 0.66865712
9754.87743872 0.66857331
9759.87993997 0.66848953
9764.88244122 0.66840577
9769.88494247 0.66832205
9774.88744372 0.66823835
9779.88994497 0.66815467
9784.89244622 0.66807103
9789.89494747 0.66798740
9794.89744872 0.66790381
9799.89994997 0.66782024
9804.90245123 0.66773670
9809.90495248 0.66765319
9814.90745373 0.66756970
9819.90995498 0.66748624
9824.91245623 0.66740280
9829.91495748 0.66731939
9834.91745873 0.66723601
9839.91995998 0.66715265
9844.92246123 0.66706932
9849.92496248 0.66698602
9854.92746373 0.66690274
9859.92996498 0.66681949
9864.93246623 0.66673626
9869.93496748 0.66665306
9874.93746873 0.66656989
9879.93996998 0.66648675
9884.94247124 0.66640363
9889.94497249 0.66632053
9894.94747374 0.66623746
9899.94997499 0.66615442
9904.95247624 0.66607141
9909.95497749 0.66598842
9914.95747874 0.66590545
9919.95997999 0.66582251
9924.96248124 0.66573960
9929.96498249 0.66565672
9934.96748374 0.66557386
9939.96998499 0.66549102
9944.97248624 0.66540822
9949.97498749 0.66532544
9954.97748874 0.66524268
9959.97998999 0.66515995
9964.98249125 0.66507725
9969.98499250 0.66499457
9974.98749375 0.66491192
9979.98999500 0.66482929
9984.99249625 0.66474669
9989.99499750 0.66466411
9994.99749875 0.66458156
10000.00000000 0.66449904
