0.00000000 1.00000000
5.00250125 0.98572495
10.00500250 0.97972591
15.00750375 0.97508812
20.01000500 0.97115483
25.01250625 0.96767165
30.01500750 0.96450815
35.01750875 0.96158683
40.02001001 0.95885721
45.02251126 0.95628423
50.02501251 0.95384236
55.02751376 0.95151232
60.03001501 0.94927915
65.03251626 0.94713094
70.03501751 0.94505804
75.03751876 0.94305250
80.04002001 0.94110767
85.04252126 0.93921792
90.04502251 0.93737846
95.04752376 0.93558513
100.05002501 0.93383433
105.05252626 0.93212290
110.05502751 0.93044805
115.05752876 0.92880730
120.06003002 0.92719846
125.06253127 0.92561953
130.06503252 0.92406873
135.06753377 0.92254445
140.07003502 0.92104523
145.07253627 0.91956972
150.07503752 0.91811671
155.07753877 0.91668508
160.08004002 0.91527379
165.08254127 0.91388189
170.08504252 0.91250852
175.08754377 0.91115284
180.09004502 0.90981411
185.09254627 0.90849162
190.09504752 0.90718471
195.09754877 0.90589277
200.10005003 0.90461522
205.10255128 0.90335152
210.10505253 0.90210117
215.10755378 0.90086369
220.11005503 0.89963863
225.11255628 0.89842557
230.11505753 0.89722411
235.11755878 0.89603386
240.12006003 0.89485448
245.12256128 0.89368561
250.12506253 0.89252694
255.12756378 0.89137817
260.13006503 0.89023899
265.13256628 0.88910913
270.13506753 0.88798833
275.13756878 0.88687634
280.14007004 0.88577291
285.14257129 0.88467781
290.14507254 0.88359083
295.14757379 0.88251175
300.15007504 0.88144037
305.15257629 0.88037650
310.15507754 0.87931995
315.15757879 0.87827055
320.16008004 0.87722812
325.16258129 0.87619250
330.16508254 0.87516353
335.16758379 0.87414106
340.17008504 0.87312494
345.17258629 0.87211503
350.17508754 0.87111120
355.17758879 0.87011331
360.18009005 0.86912125
365.18259130 0.86813487
370.18509255 0.86715408
375.18759380 0.86617875
380.19009505 0.86520878
385.19259630 0.86424405
390.19509755 0.86328447
395.19759880 0.86232993
400.20010005 0.86138035
405.20260130 0.86043561
410.20510255 0.85949564
415.20760380 0.85856035
420.21010505 0.85762965
425.21260630 0.85670346
430.21510755 0.85578169
435.21760880 0.85486428
440.22011006 0.85395114
445.22261131 0.85304220
450.22511256 0.85213739
455.22761381 0.85123663
460.23011506 0.85033987
465.23261631 0.84944704
470.23511756 0.84855807
475.23761881 0.84767290
480.24012006 0.84679146
485.24262131 0.84591371
490.24512256 0.84503958
495.24762381 0.84416902
500.25012506 0.84330196
505.25262631 0.84243837
510.25512756 0.84157818
515.25762881 0.84072135
520.26013007 0.83986782
525.26263132 0.83901756
530.26513257 0.83817050
535.26763382 0.83732660
540.27013507 0.83648583
545.27263632 0.83564813
550.27513757 0.83481346
555.27763882 0.83398179
560.28014007 0.83315306
565.28264132 0.83232725
570.28514257 0.83150430
575.28764382 0.83068419
580.29014507 0.82986687
585.29264632 0.82905231
590.29514757 0.82824047
595.29764882 0.82743132
600.30015008 0.82662482
605.30265133 0.82582093
610.30515258 0.82501964
615.30765383 0.82422090
620.31015508 0.82342467
625.31265633 0.82263094
630.31515758 0.82183967
635.31765883 0.82105084
640.32016008 0.82026440
645.32266133 0.81948033
650.32516258 0.81869861
655.32766383 0.81791921
660.33016508 0.81714209
665.33266633 0.81636724
670.33516758 0.81559463
675.33766883 0.81482423
680.34017009 0.81405601
685.34267134 0.81328996
690.34517259 0.81252605
695.34767384 0.81176425
700.35017509 0.81100454
705.35267634 0.81024690
710.35517759 0.80949131
715.35767884 0.80873773
720.36018009 0.80798617
725.36268134 0.80723658
730.36518259 0.80648895
735.36768384 0.80574326
740.37018509 0.80499949
745.37268634 0.80425763
750.37518759 0.80351764
755.37768884 0.80277951
760.38019010 0.80204322
765.38269135 0.80130875
770.38519260 0.80057609
775.38769385 0.79984522
780.39019510 0.79911612
785.39269635 0.79838876
790.39519760 0.79766315
795.39769885 0.79693925
800.40020010 0.79621705
805.40270135 0.79549653
810.40520260 0.79477769
815.40770385 0.79406050
820.41020510 0.79334494
825.41270635 0.79263101
830.41520760 0.79191868
835.41770885 0.79120795
840.42021011 0.79049879
845.42271136 0.78979119
850.42521261 0.78908515
855.42771386 0.78838064
860.43021511 0.78767765
865.43271636 0.78697616
870.43521761 0.78627617
875.43771886 0.78557766
880.44022011 0.78488062
885.44272136 0.78418504
890.44522261 0.78349089
895.44772386 0.78279818
900.45022511 0.78210688
905.45272636 0.78141699
910.45522761 0.78072849
915.45772886 0.78004137
920.46023012 0.77935562
925.46273137 0.77867123
930.46523262 0.77798818
935.46773387 0.77730647
940.47023512 0.77662609
945.47273637 0.77594702
950.47523762 0.77526925
955.47773887 0.77459278
960.48024012 0.77391758
965.48274137 0.77324366
970.48524262 0.77257100
975.48774387 0.77189960
980.49024512 0.77122943
985.49274637 0.77056049
990.49524762 0.76989278
995.49774887 0.76922628
1000.50025013 0.76856098
1005.50275138 0.76789688
1010.50525263 0.76723396
1015.50775388 0.76657221
1020.51025513 0.76591163
1025.51275638 0.76525221
1030.51525763 0.76459394
1035.51775888 0.76393681
1040.52026013 0.76328081
1045.52276138 0.76262594
1050.52526263 0.76197217
1055.52776388 0.76131952
1060.53026513 0.76066796
1065.53276638 0.76001750
1070.53526763 0.75936811
1075.53776888 0.75871981
1080.54027014 0.75807256
1085.54277139 0.75742638
1090.54527264 0.75678125
1095.54777389 0.75613716
1100.55027514 0.75549411
1105.55277639 0.75485209
1110.55527764 0.75421110
1115.55777889 0.75357111
1120.56028014 0.75293214
1125.56278139 0.75229416
1130.56528264 0.75165718
1135.56778389 0.75102119
1140.57028514 0.75038618
1145.57278639 0.74975214
1150.57528764 0.74911907
1155.57778889 0.74848696
1160.58029015 0.74785580
1165.58279140 0.74722559
1170.58529265 0.74659632
1175.58779390 0.74596799
1180.59029515 0.74534059
1185.59279640 0.74471410
1190.59529765 0.74408854
1195.59779890 0.74346389
1200.60030015 0.74284014
1205.60280140 0.74221729
1210.60530265 0.74159533
1215.60780390 0.74097426
1220.61030515 0.74035407
1225.61280640 0.73973476
1230.61530765 0.73911632
1235.61780890 0.73849874
1240.62031016 0.73788202
1245.62281141 0.73726616
1250.62531266 0.73665114
1255.62781391 0.73603697
1260.63031516 0.73542363
1265.63281641 0.73481113
1270.63531766 0.73419946
1275.63781891 0.73358861
1280.64032016 0.73297857
1285.64282141 0.73236935
1290.64532266 0.73176094
1295.64782391 0.73115332
1300.65032516 0.73054651
1305.65282641 0.72994049
1310.65532766 0.72933526
1315.65782891 0.72873081
1320.66033017 0.72812714
1325.66283142 0.72752424
1330.66533267 0.72692212
1335.66783392 0.72632076
1340.67033517 0.72572016
1345.67283642 0.72512031
1350.67533767 0.72452122
1355.67783892 0.72392287
1360.68034017 0.72332527
1365.68284142 0.72272841
1370.68534267 0.72213228
1375.68784392 0.72153688
1380.69034517 0.72094221
1385.69284642 0.72034825
1390.69534767 0.71975502
1395.69784892 0.71916250
1400.70035018 0.71857069
1405.70285143 0.71797959
1410.70535268 0.71738919
1415.70785393 0.71679948
1420.71035518 0.71621047
1425.71285643 0.71562215
1430.71535768 0.71503452
1435.71785893 0.71444757
1440.72036018 0.71386130
1445.72286143 0.71327570
1450.72536268 0.71269077
1455.72786393 0.71210652
1460.73036518 0.71152292
1465.73286643 0.71093999
1470.73536768 0.71035771
1475.73786893 0.70977609
1480.74037019 0.70919512
1485.74287144 0.70861479
1490.74537269 0.70803511
1495.74787394 0.70745607
1500.75037519 0.70687766
1505.75287644 0.70629988
1510.75537769 0.70572274
1515.75787894 0.70514622
1520.76038019 0.70457033
1525.76288144 0.70399505
1530.76538269 0.70342039
1535.76788394 0.70284635
1540.77038519 0.70227291
1545.77288644 0.70170009
1550.77538769 0.70112786
1555.77788894 0.70055624
1560.78039020 0.69998521
1565.78289145 0.69941478
1570.78539270 0.69884495
1575.78789395 0.69827570
1580.79039520 0.69770703
1585.79289645 0.69713895
1590.79539770 0.69657145
1595.79789895 0.69600453
1600.80040020 0.69543818
1605.80290145 0.69487240
1610.80540270 0.69430719
1615.80790395 0.69374255
1620.81040520 0.69317847
1625.81290645 0.69261495
1630.81540770 0.69205198
1635.81790895 0.69148957
1640.82041021 0.69092772
1645.82291146 0.69036641
1650.82541271 0.68980565
1655.82791396 0.68924544
1660.83041521 0.68868576
1665.83291646 0.68812663
1670.83541771 0.68756803
1675.83791896 0.68700996
1680.84042021 0.68645243
1685.84292146 0.68589542
1690.84542271 0.68533894
1695.84792396 0.68478299
1700.85042521 0.68422755
1705.85292646 0.68367264
1710.85542771 0.68311824
1715.85792896 0.68256435
1720.86043022 0.68201098
1725.86293147 0.68145811
1730.86543272 0.68090576
1735.86793397 0.68035390
1740.87043522 0.67980255
1745.87293647 0.67925170
1750.87543772 0.67870135
1755.87793897 0.67815149
1760.88044022 0.67760213
1765.88294147 0.67705325
1770.88544272 0.67650487
1775.88794397 0.67595697
1780.89044522 0.67540955
1785.89294647 0.67486262
1790.89544772 0.67431617
1795.89794897 0.67377019
1800.90045023 0.67322469
1805.90295148 0.67267967
1810.90545273 0.67213511
1815.90795398 0.67159103
1820.91045523 0.67104741
1825.91295648 0.67050426
1830.91545773 0.66996157
1835.91795898 0.66941934
1840.92046023 0.66887757
1845.92296148 0.66833625
1850.92546273 0.66779540
1855.92796398 0.66725499
1860.93046523 0.66671504
1865.93296648 0.66617554
1870.93546773 0.66563648
1875.93796898 0.66509787
1880.94047024 0.66455970
1885.94297149 0.66402197
1890.94547274 0.66348469
1895.94797399 0.66294784
1900.95047524 0.66241143
1905.95297649 0.66187545
1910.95547774 0.66133990
1915.95797899 0.66080478
1920.96048024 0.66027010
1925.96298149 0.65973584
1930.96548274 0.65920200
1935.96798399 0.65866859
1940.97048524 0.65813560
1945.97298649 0.65760303
1950.97548774 0.65707087
1955.97798899 0.65653914
1960.98049025 0.65600781
1965.98299150 0.65547691
1970.98549275 0.65494641
1975.98799400 0.65441632
1980.99049525 0.65388664
1985.99299650 0.65335736
1990.99549775 0.65282849
1995.99799900 0.65230003
2001.00050025 0.65177196
2006.00300150 0.65124429
2011.00550275 0.65071702
2016.00800400 0.65019015
2021.01050525 0.64966368
2026.01300650 0.64913759
2031.01550775 0.64861190
2036.01800900 0.64808660
2041.02051026 0.64756168
2046.02301151 0.64703716
2051.02551276 0.64651301
2056.02801401 0.64598926
2061.03051526 0.64546588
2066.03301651 0.64494289
2071.03551776 0.64442027
2076.03801901 0.64389804
2081.04052026 0.64337618
2086.04302151 0.64285469
2091.04552276 0.64233358
2096.04802401 0.64181284
2101.05052526 0.64129247
2106.05302651 0.64077247
2111.05552776 0.64025284
2116.05802901 0.63973357
2121.06053027 0.63921467
2126.06303152 0.63869614
2131.06553277 0.63817796
2136.06803402 0.63766015
2141.07053527 0.63714269
2146.07303652 0.63662559
2151.07553777 0.63610885
2156.07803902 0.63559247
2161.08054027 0.63507644
2166.08304152 0.63456076
2171.08554277 0.63404543
2176.08804402 0.63353046
2181.09054527 0.63301583
2186.09304652 0.63250155
2191.09554777 0.63198761
2196.09804902 0.63147402
2201.10055028 0.63096078
2206.10305153 0.63044787
2211.10555278 0.62993531
2216.10805403 0.62942309
2221.11055528 0.62891120
2226.11305653 0.62839965
2231.11555778 0.62788844
2236.11805903 0.62737757
2241.12056028 0.62686702
2246.12306153 0.62635681
2251.12556278 0.62584693
2256.12806403 0.62533738
2261.13056528 0.62482816
2266.13306653 0.62431927
2271.13556778 0.62381070
2276.13806903 0.62330246
2281.14057029 0.62279454
2286.14307154 0.62228694
2291.14557279 0.62177967
2296.14807404 0.62127272
2301.15057529 0.62076608
2306.15307654 0.62025977
2311.15557779 0.61975377
2316.15807904 0.61924808
2321.16058029 0.61874272
2326.16308154 0.61823766
2331.16558279 0.61773292
2336.16808404 0.61722849
2341.17058529 0.61672437
2346.17308654 0.61622056
2351.17558779 0.61571706
2356.17808904 0.61521386
2361.18059030 0.61471097
2366.18309155 0.61420839
2371.18559280 0.61370611
2376.18809405 0.61320413
2381.19059530 0.61270246
2386.19309655 0.61220108
2391.19559780 0.61170001
2396.19809905 0.61119923
2401.20060030 0.61069876
2406.20310155 0.61019857
2411.20560280 0.60969869
2416.20810405 0.60919910
2421.21060530 0.60869980
2426.21310655 0.60820080
2431.21560780 0.60770208
2436.21810905 0.60720366
2441.22061031 0.60670553
2446.22311156 0.60620768
2451.22561281 0.60571013
2456.22811406 0.60521286
2461.23061531 0.60471587
2466.23311656 0.60421918
2471.23561781 0.60372276
2476.23811906 0.60322663
2481.24062031 0.60273078
2486.24312156 0.60223521
2491.24562281 0.60173992
2496.24812406 0.60124491
2501.25062531 0.60075018
2506.25312656 0.60025572
2511.25562781 0.59976155
2516.25812906 0.59926764
2521.26063032 0.59877402
2526.26313157 0.59828066
2531.26563282 0.59778758
2536.26813407 0.59729477
2541.27063532 0.59680223
2546.27313657 0.59630997
2551.27563782 0.59581797
2556.27813907 0.59532624
2561.28064032 0.59483477
2566.28314157 0.59434358
2571.28564282 0.59385264
2576.28814407 0.59336198
2581.29064532 0.59287158
2586.29314657 0.59238144
2591.29564782 0.59189156
2596.29814907 0.59140195
2601.30065033 0.59091259
2606.30315158 0.59042350
2611.30565283 0.58993466
2616.30815408 0.58944608
2621.31065533 0.58895776
2626.31315658 0.58846970
2631.31565783 0.58798189
2636.31815908 0.58749434
2641.32066033 0.58700704
2646.32316158 0.58651999
2651.32566283 0.58603320
2656.32816408 0.58554666
2661.33066533 0.58506037
2666.33316658 0.58457433
2671.33566783 0.58408854
2676.33816908 0.58360299
2681.34067034 0.58311770
2686.34317159 0.58263265
2691.34567284 0.58214785
2696.34817409 0.58166329
2701.35067534 0.58117898
2706.35317659 0.58069491
2711.35567784 0.58021109
2716.35817909 0.57972751
2721.36068034 0.57924417
2726.36318159 0.57876107
2731.36568284 0.57827821
2736.36818409 0.57779559
2741.37068534 0.57731320
2746.37318659 0.57683106
2751.37568784 0.57634916
2756.37818909 0.57586749
2761.38069035 0.57538605
2766.38319160 0.57490485
2771.38569285 0.57442389
2776.38819410 0.57394316
2781.39069535 0.57346266
2786.39319660 0.57298240
2791.39569785 0.57250236
2796.39819910 0.57202256
2801.40070035 0.57154299
2806.40320160 0.57106364
2811.40570285 0.57058453
2816.40820410 0.57010564
2821.41070535 0.56962698
2826.41320660 0.56914855
2831.41570785 0.56867034
2836.41820910 0.56819236
2841.42071036 0.56771461
2846.42321161 0.56723707
2851.42571286 0.56675976
2856.42821411 0.56628268
2861.43071536 0.56580581
2866.43321661 0.56532917
2871.43571786 0.56485275
2876.43821911 0.56437655
2881.44072036 0.56390056
2886.44322161 0.56342480
2891.44572286 0.56294926
2896.44822411 0.56247393
2901.45072536 0.56199882
2906.45322661 0.56152392
2911.45572786 0.56104924
2916.45822911 0.56057478
2921.46073037 0.56010053
2926.46323162 0.55962649
2931.46573287 0.55915267
2936.46823412 0.55867906
2941.47073537 0.55820566
2946.47323662 0.55773247
2951.47573787 0.55725950
2956.47823912 0.55678673
2961.48074037 0.55631417
2966.48324162 0.55584182
2971.48574287 0.55536968
2976.48824412 0.55489775
2981.49074537 0.55442603
2986.49324662 0.55395451
2991.49574787 0.55348319
2996.49824912 0.55301209
3001.50075038 0.55254118
3006.50325163 0.55207048
3011.50575288 0.55159999
3016.50825413 0.55112970
3021.51075538 0.55065961
3026.51325663 0.55018972
3031.51575788 0.54972003
3036.51825913 0.54925055
3041.52076038 0.54878126
3046.52326163 0.54831217
3051.52576288 0.54784329
3056.52826413 0.54737460
3061.53076538 0.54690611
3066.53326663 0.54643781
3071.53576788 0.54596972
3076.53826913 0.54550181
3081.54077039 0.54503411
3086.54327164 0.54456660
3091.54577289 0.54409929
3096.54827414 0.54363216
3101.55077539 0.54316524
3106.55327664 0.54269850
3111.55577789 0.54223196
3116.55827914 0.54176561
3121.56078039 0.54129945
3126.56328164 0.54083348
3131.56578289 0.54036771
3136.56828414 0.53990212
3141.57078539 0.53943672
3146.57328664 0.53897151
3151.57578789 0.53850649
3156.57828914 0.53804166
3161.58079040 0.53757701
3166.58329165 0.53711255
3171.58579290 0.53664828
3176.58829415 0.53618419
3181.59079540 0.53572029
3186.59329665 0.53525657
3191.59579790 0.53479304
3196.59829915 0.53432969
3201.60080040 0.53386652
3206.60330165 0.53340354
3211.60580290 0.53294074
3216.60830415 0.53247812
3221.61080540 0.53201568
3226.61330665 0.53155343
3231.61580790 0.53109135
3236.61830915 0.53062945
3241.62081041 0.53016774
3246.62331166 0.52970620
3251.62581291 0.52924484
3256.62831416 0.52878365
3261.63081541 0.52832265
3266.63331666 0.52786182
3271.63581791 0.52740117
3276.63831916 0.52694070
3281.64082041 0.52648040
3286.64332166 0.52602027
3291.64582291 0.52556032
3296.64832416 0.52510055
3301.65082541 0.52464094
3306.65332666 0.52418151
3311.65582791 0.52372226
3316.65832916 0.52326318
3321.66083042 0.52280426
3326.66333167 0.52234552
3331.66583292 0.52188695
3336.66833417 0.52142856
3341.67083542 0.52097033
3346.67333667 0.52051227
3351.67583792 0.52005438
3356.67833917 0.51959666
3361.68084042 0.51913911
3366.68334167 0.51868172
3371.68584292 0.51822451
3376.68834417 0.51776746
3381.69084542 0.51731057
3386.69334667 0.51685386
3391.69584792 0.51639731
3396.69834917 0.51594092
3401.70085043 0.51548470
3406.70335168 0.51502864
3411.70585293 0.51457275
3416.70835418 0.51411702
3421.71085543 0.51366146
3426.71335668 0.51320606
3431.71585793 0.51275082
3436.71835918 0.51229574
3441.72086043 0.51184082
3446.72336168 0.51138607
3451.72586293 0.51093147
3456.72836418 0.51047704
3461.73086543 0.51002277
3466.73336668 0.50956865
3471.73586793 0.50911470
3476.73836918 0.50866090
3481.74087044 0.50820726
3486.74337169 0.50775378
3491.74587294 0.50730046
3496.74837419 0.50684729
3501.75087544 0.50639429
3506.75337669 0.50594143
3511.75587794 0.50548874
3516.75837919 0.50503620
3521.76088044 0.50458381
3526.76338169 0.50413158
3531.76588294 0.50367950
3536.76838419 0.50322758
3541.77088544 0.50277581
3546.77338669 0.50232420
3551.77588794 0.50187274
3556.77838919 0.50142143
3561.78089045 0.50097027
3566.78339170 0.50051926
3571.78589295 0.50006841
3576.78839420 0.49961771
3581.79089545 0.49916715
3586.79339670 0.49871675
3591.79589795 0.49826650
3596.79839920 0.49781639
3601.80090045 0.49736644
3606.80340170 0.49691664
3611.80590295 0.49646698
3616.80840420 0.49601747
3621.81090545 0.49556811
3626.81340670 0.49511890
3631.81590795 0.49466983
3636.81840920 0.49422091
3641.82091046 0.49377214
3646.82341171 0.49332351
3651.82591296 0.49287503
3656.82841421 0.49242669
3661.83091546 0.49197850
3666.83341671 0.49153045
3671.83591796 0.49108255
3676.83841921 0.49063479
3681.84092046 0.49018717
3686.84342171 0.48973970
3691.84592296 0.48929237
3696.84842421 0.48884518
3701.85092546 0.48839814
3706.85342671 0.48795123
3711.85592796 0.48750447
3716.85842921 0.48705785
3721.86093047 0.48661137
3726.86343172 0.48616503
3731.86593297 0.48571883
3736.86843422 0.48527277
3741.87093547 0.48482685
3746.87343672 0.48438107
3751.87593797 0.48393542
3756.87843922 0.48348992
3761.88094047 0.48304455
3766.88344172 0.48259932
3771.88594297 0.48215423
3776.88844422 0.48170928
3781.89094547 0.48126446
3786.89344672 0.48081978
3791.89594797 0.48037523
3796.89844922 0.47993082
3801.90095048 0.47948655
3806.90345173 0.47904241
3811.90595298 0.47859841
3816.90845423 0.47815454
3821.91095548 0.47771080
3826.91345673 0.47726720
3831.91595798 0.47682373
3836.91845923 0.47638040
3841.92096048 0.47593720
3846.92346173 0.47549413
3851.92596298 0.47505119
3856.92846423 0.47460839
3861.93096548 0.47416572
3866.93346673 0.47372318
3871.93596798 0.47328077
3876.93846923 0.47283849
3881.94097049 0.47239634
3886.94347174 0.47195432
3891.94597299 0.47151243
3896.94847424 0.47107067
3901.95097549 0.47062904
3906.95347674 0.47018754
3911.95597799 0.46974617
3916.95847924 0.46930493
3921.96098049 0.46886381
3926.96348174 0.46842282
3931.96598299 0.46798196
3936.96848424 0.46754123
3941.97098549 0.46710063
3946.97348674 0.46666015
3951.97598799 0.46621979
3956.97848924 0.46577957
3961.98099050 0.46533947
3966.98349175 0.46489949
3971.98599300 0.46445964
3976.98849425 0.46401992
3981.99099550 0.46358031
3986.99349675 0.46314084
3991.99599800 0.46270149
3996.99849925 0.46226226
4002.00100050 0.46182315
4007.00350175 0.46138417
4012.00600300 0.46094531
4017.00850425 0.46050658
4022.01100550 0.46006796
4027.01350675 0.45962947
4032.01600800 0.45919110
4037.01850925 0.45875285
4042.02101051 0.45831473
4047.02351176 0.45787672
4052.02601301 0.45743884
4057.02851426 0.45700107
4062.03101551 0.45656343
4067.03351676 0.45612590
4072.03601801 0.45568850
4077.03851926 0.45525121
4082.04102051 0.45481405
4087.04352176 0.45437700
4092.04602301 0.45394007
4097.04852426 0.45350326
4102.05102551 0.45306657
4107.05352676 0.45262999
4112.05602801 0.45219354
4117.05852926 0.45175720
4122.06103052 0.45132098
4127.06353177 0.45088487
4132.06603302 0.45044888
4137.06853427 0.45001301
4142.07103552 0.44957725
4147.07353677 0.44914161
4152.07603802 0.44870608
4157.07853927 0.44827067
4162.08104052 0.44783538
4167.08354177 0.44740020
4172.08604302 0.44696513
4177.08854427 0.44653018
4182.09104552 0.44609534
4187.09354677 0.44566062
4192.09604802 0.44522601
4197.09854927 0.44479151
4202.10105053 0.44435712
4207.10355178 0.44392285
4212.10605303 0.44348869
4217.10855428 0.44305465
4222.11105553 0.44262071
4227.11355678 0.44218689
4232.11605803 0.44175318
4237.11855928 0.44131957
4242.12106053 0.44088608
4247.12356178 0.44045271
4252.12606303 0.44001944
4257.12856428 0.43958628
4262.13106553 0.43915323
4267.13356678 0.43872029
4272.13606803 0.43828746
4277.13856928 0.43785475
4282.14107054 0.43742214
4287.14357179 0.43698963
4292.14607304 0.43655724
4297.14857429 0.43612496
4302.15107554 0.43569278
4307.15357679 0.43526071
4312.15607804 0.43482875
4317.15857929 0.43439690
4322.16108054 0.43396515
4327.16358179 0.43353352
4332.16608304 0.43310198
4337.16858429 0.43267056
4342.17108554 0.43223924
4347.17358679 0.43180803
4352.17608804 0.43137692
4357.17858929 0.43094592
4362.18109055 0.43051502
4367.18359180 0.43008423
4372.18609305 0.42965355
4377.18859430 0.42922296
4382.19109555 0.42879249
4387.19359680 0.42836212
4392.19609805 0.42793185
4397.19859930 0.42750168
4402.20110055 0.42707162
4407.20360180 0.42664167
4412.20610305 0.42621181
4417.20860430 0.42578206
4422.21110555 0.42535241
4427.21360680 0.42492287
4432.21610805 0.42449342
4437.21860930 0.42406408
4442.22111056 0.42363484
4447.22361181 0.42320570
4452.22611306 0.42277667
4457.22861431 0.42234773
4462.23111556 0.42191890
4467.23361681 0.42149017
4472.23611806 0.42106153
4477.23861931 0.42063300
4482.24112056 0.42020457
4487.24362181 0.41977624
4492.24612306 0.41934801
4497.24862431 0.41891987
4502.25112556 0.41849184
4507.25362681 0.41806391
4512.25612806 0.41763607
4517.25862931 0.41720834
4522.26113057 0.41678070
4527.26363182 0.41635316
4532.26613307 0.41592572
4537.26863432 0.41549838
4542.27113557 0.41507113
4547.27363682 0.41464398
4552.27613807 0.41421693
4557.27863932 0.41378998
4562.28114057 0.41336312
4567.28364182 0.41293636
4572.28614307 0.41250970
4577.28864432 0.41208313
4582.29114557 0.41165666
4587.29364682 0.41123028
4592.29614807 0.41080401
4597.29864932 0.41037782
4602.30115058 0.40995173
4607.30365183 0.40952574
4612.30615308 0.40909984
4617.30865433 0.40867404
4622.31115558 0.40824833
4627.31365683 0.40782271
4632.31615808 0.40739719
4637.31865933 0.40697177
4642.32116058 0.40654643
4647.32366183 0.40612120
4652.32616308 0.40569605
4657.32866433 0.40527100
4662.33116558 0.40484604
4667.33366683 0.40442117
4672.33616808 0.40399640
4677.33866933 0.40357171
4682.34117059 0.40314712
4687.34367184 0.40272263
4692.34617309 0.40229822
4697.34867434 0.40187391
4702.35117559 0.40144969
4707.35367684 0.40102555
4712.35617809 0.40060152
4717.35867934 0.40017757
4722.36118059 0.39975371
4727.36368184 0.39932994
4732.36618309 0.39890626
4737.36868434 0.39848268
4742.37118559 0.39805918
4747.37368684 0.39763577
4752.37618809 0.39721246
4757.37868934 0.39678923
4762.38119060 0.39636609
4767.38369185 0.39594304
4772.38619310 0.39552008
4777.38869435 0.39509721
4782.39119560 0.39467442
4787.39369685 0.39425173
4792.39619810 0.39382912
4797.39869935 0.39340661
4802.40120060 0.39298417
4807.40370185 0.39256183
4812.40620310 0.39213958
4817.40870435 0.39171741
4822.41120560 0.39129533
4827.41370685 0.39087334
4832.41620810 0.39045143
4837.41870935 0.39002961
4842.42121061 0.38960787
4847.42371186 0.38918623
4852.42621311 0.38876467
4857.42871436 0.38834319
4862.43121561 0.38792180
4867.43371686 0.38750050
4872.43621811 0.38707928
4877.43871936 0.38665815
4882.44122061 0.38623710
4887.44372186 0.38581614
4892.44622311 0.38539526
4897.44872436 0.38497447
4902.45122561 0.38455376
4907.45372686 0.38413313
4912.45622811 0.38371259
4917.45872936 0.38329213
4922.46123062 0.38287176
4927.46373187 0.38245147
4932.46623312 0.38203127
4937.46873437 0.38161114
4942.47123562 0.38119111
4947.47373687 0.38077115
4952.47623812 0.38035128
4957.47873937 0.37993148
4962.48124062 0.37951178
4967.48374187 0.37909215
4972.48624312 0.37867261
4977.48874437 0.37825315
4982.49124562 0.37783377
4987.49374687 0.37741447
4992.49624812 0.37699525
4997.49874937 0.37657611
5002.50125063 0.37615706
5007.50375188 0.37573809
5012.50625313 0.37531919
5017.50875438 0.37490038
5022.51125563 0.37448165
5027.51375688 0.37406300
5032.51625813 0.37364443
5037.51875938 0.37322594
5042.52126063 0.37280753
5047.52376188 0.37238920
5052.52626313 0.37197095
5057.52876438 0.37155278
5062.53126563 0.37113469
5067.53376688 0.37071667
5072.53626813 0.37029874
5077.53876938 0.36988088
5082.54127064 0.36946311
5087.54377189 0.36904541
5092.54627314 0.36862779
5097.54877439 0.36821025
5102.55127564 0.36779279
5107.55377689 0.36737540
5112.55627814 0.36695810
5117.55877939 0.36654087
5122.56128064 0.36612371
5127.56378189 0.36570664
5132.56628314 0.36528964
5137.56878439 0.36487272
5142.57128564 0.36445588
5147.57378689 0.36403911
5152.57628814 0.36362242
5157.57878939 0.36320581
5162.58129065 0.36278927
5167.58379190 0.36237281
5172.58629315 0.36195642
5177.58879440 0.36154011
5182.59129565 0.36112388
5187.59379690 0.36070772
5192.59629815 0.36029164
5197.59879940 0.35987563
5202.60130065 0.35945970
5207.60380190 0.35904384
5212.60630315 0.35862806
5217.60880440 0.35821236
5222.61130565 0.35779672
5227.61380690 0.35738116
5232.61630815 0.35696568
5237.61880940 0.35655027
5242.62131066 0.35613493
5247.62381191 0.35571967
5252.62631316 0.35530448
5257.62881441 0.35488937
5262.63131566 0.35447433
5267.63381691 0.35405936
5272.63631816 0.35364447
5277.63881941 0.35322965
5282.64132066 0.35281490
5287.64382191 0.35240022
5292.64632316 0.35198562
5297.64882441 0.35157109
5302.65132566 0.35115663
5307.65382691 0.35074224
5312.65632816 0.35032793
5317.65882941 0.34991369
5322.66133067 0.34949952
5327.66383192 0.34908542
5332.66633317 0.34867139
5337.66883442 0.34825744
5342.67133567 0.34784355
5347.67383692 0.34742974
5352.67633817 0.34701600
5357.67883942 0.34660232
5362.68134067 0.34618872
5367.68384192 0.34577519
5372.68634317 0.34536173
5377.68884442 0.34494834
5382.69134567 0.34453503
5387.69384692 0.34412178
5392.69634817 0.34370860
5397.69884942 0.34329549
5402.70135068 0.34288245
5407.70385193 0.34246948
5412.70635318 0.34205658
5417.70885443 0.34164375
5422.71135568 0.34123099
5427.71385693 0.34081829
5432.71635818 0.34040567
5437.71885943 0.33999311
5442.72136068 0.33958063
5447.72386193 0.33916821
5452.72636318 0.33875586
5457.72886443 0.33834358
5462.73136568 0.33793137
5467.73386693 0.33751922
5472.73636818 0.33710714
5477.73886943 0.33669513
5482.74137069 0.33628319
5487.74387194 0.33587132
5492.74637319 0.33545951
5497.74887444 0.33504777
5502.75137569 0.33463610
5507.75387694 0.33422449
5512.75637819 0.33381295
5517.75887944 0.33340148
5522.76138069 0.33299008
5527.76388194 0.33257874
5532.76638319 0.33216747
5537.76888444 0.33175626
5542.77138569 0.33134512
5547.77388694 0.33093405
5552.77638819 0.33052304
5557.77888944 0.33011210
5562.78139070 0.32970122
5567.78389195 0.32929041
5572.78639320 0.32887966
5577.78889445 0.32846898
5582.79139570 0.32805837
5587.79389695 0.32764782
5592.79639820 0.32723733
5597.79889945 0.32682691
5602.80140070 0.32641656
5607.80390195 0.32600627
5612.80640320 0.32559604
5617.80890445 0.32518588
5622.81140570 0.32477578
5627.81390695 0.32436575
5632.81640820 0.32395578
5637.81890945 0.32354587
5642.82141071 0.32313603
5647.82391196 0.32272625
5652.82641321 0.32231654
5657.82891446 0.32190688
5662.83141571 0.32149730
5667.83391696 0.32108777
5672.83641821 0.32067831
5677.83891946 0.32026891
5682.84142071 0.31985957
5687.84392196 0.31945030
5692.84642321 0.31904109
5697.84892446 0.31863194
5702.85142571 0.31822286
5707.85392696 0.31781383
5712.85642821 0.31740487
5717.85892946 0.31699597
5722.86143072 0.31658713
5727.86393197 0.31617836
5732.86643322 0.31576964
5737.86893447 0.31536099
5742.87143572 0.31495240
5747.87393697 0.31454387
5752.87643822 0.31413540
5757.87893947 0.31372700
5762.88144072 0.31331865
5767.88394197 0.31291037
5772.88644322 0.31250214
5777.88894447 0.31209398
5782.89144572 0.31168588
5787.89394697 0.31127783
5792.89644822 0.31086985
5797.89894947 0.31046193
5802.90145073 0.31005407
5807.90395198 0.30964627
5812.90645323 0.30923852
5817.90895448 0.30883084
5822.91145573 0.30842322
5827.91395698 0.30801566
5832.91645823 0.30760816
5837.91895948 0.30720071
5842.92146073 0.30679333
5847.92396198 0.30638600
5852.92646323 0.30597874
5857.92896448 0.30557153
5862.93146573 0.30516438
5867.93396698 0.30475729
5872.93646823 0.30435026
5877.93896948 0.30394329
5882.94147074 0.30353638
5887.94397199 0.30312952
5892.94647324 0.30272272
5897.94897449 0.30231599
5902.95147574 0.30190930
5907.95397699 0.30150268
5912.95647824 0.30109612
5917.95897949 0.30068961
5922.96148074 0.30028316
5927.96398199 0.29987677
5932.96648324 0.29947043
5937.96898449 0.29906416
5942.97148574 0.29865794
5947.97398699 0.29825177
5952.97648824 0.29784567
5957.97898949 0.29743962
5962.98149075 0.29703362
5967.98399200 0.29662769
5972.98649325 0.29622181
5977.98899450 0.29581599
5982.99149575 0.29541022
5987.99399700 0.29500451
5992.99649825 0.29459886
5997.99899950 0.29419326
6003.00150075 0.29378772
6008.00400200 0.29338223
6013.00650325 0.29297680
6018.00900450 0.29257143
6023.01150575 0.29216611
6028.01400700 0.29176085
6033.01650825 0.29135564
6038.01900950 0.29095049
6043.02151076 0.29054539
6048.02401201 0.29014035
6053.02651326 0.28973536
6058.02901451 0.28933043
6063.03151576 0.28892555
6068.03401701 0.28852073
6073.03651826 0.28811596
6078.03901951 0.28771125
6083.04152076 0.28730659
6088.04402201 0.28690199
6093.04652326 0.28649744
6098.04902451 0.28609294
6103.05152576 0.28568850
6108.05402701 0.28528411
6113.05652826 0.28487978
6118.05902951 0.28447549
6123.06153077 0.28407127
6128.06403202 0.28366709
6133.06653327 0.28326298
6138.06903452 0.28285891
6143.07153577 0.28245490
6148.07403702 0.28205094
6153.07653827 0.28164703
6158.07903952 0.28124318
6163.08154077 0.28083937
6168.08404202 0.28043563
6173.08654327 0.28003193
6178.08904452 0.27962829
6183.09154577 0.27922470
6188.09404702 0.27882116
6193.09654827 0.27841768
6198.09904952 0.27801424
6203.10155078 0.27761086
6208.10405203 0.27720753
6213.10655328 0.27680426
6218.10905453 0.27640103
6223.11155578 0.27599786
6228.11405703 0.27559474
6233.11655828 0.27519167
6238.11905953 0.27478865
6243.12156078 0.27438568
6248.12406203 0.27398277
6253.12656328 0.27357990
6258.12906453 0.27317709
6263.13156578 0.27277433
6268.13406703 0.27237162
6273.13656828 0.27196896
6278.13906953 0.27156635
6283.14157079 0.27116379
6288.14407204 0.27076128
6293.14657329 0.27035883
6298.14907454 0.26995642
6303.15157579 0.26955407
6308.15407704 0.26915176
6313.15657829 0.26874950
6318.15907954 0.26834730
6323.16158079 0.26794514
6328.16408204 0.26754304
6333.16658329 0.26714098
6338.16908454 0.26673898
6343.17158579 0.26633702
6348.17408704 0.26593511
6353.17658829 0.26553326
6358.17908954 0.26513145
6363.18159080 0.26472969
6368.18409205 0.26432798
6373.18659330 0.26392632
6378.18909455 0.26352471
6383.19159580 0.26312315
6388.19409705 0.26272164
6393.19659830 0.26232017
6398.19909955 0.26191876
6403.20160080 0.26151739
6408.20410205 0.26111607
6413.20660330 0.26071480
6418.20910455 0.26031358
6423.21160580 0.25991241
6428.21410705 0.25951129
6433.21660830 0.25911021
6438.21910955 0.25870918
6443.22161081 0.25830820
6448.22411206 0.25790727
6453.22661331 0.25750638
6458.22911456 0.25710555
6463.23161581 0.25670476
6468.23411706 0.25630402
6473.23661831 0.25590332
6478.23911956 0.25550268
6483.24162081 0.25510208
6488.24412206 0.25470152
6493.24662331 0.25430102
6498.24912456 0.25390056
6503.25162581 0.25350015
6508.25412706 0.25309979
6513.25662831 0.25269947
6518.25912956 0.25229920
6523.26163082 0.25189898
6528.26413207 0.25149880
6533.26663332 0.25109867
6538.26913457 0.25069858
6543.27163582 0.25029855
6548.27413707 0.24989856
6553.27663832 0.24949861
6558.27913957 0.24909871
6563.28164082 0.24869886
6568.28414207 0.24829905
6573.28664332 0.24789929
6578.28914457 0.24749958
6583.29164582 0.24709991
6588.29414707 0.24670028
6593.29664832 0.24630070
6598.29914957 0.24590117
6603.30165083 0.24550168
6608.30415208 0.24510224
6613.30665333 0.24470284
6618.30915458 0.24430349
6623.31165583 0.24390419
6628.31415708 0.24350493
6633.31665833 0.24310571
6638.31915958 0.24270654
6643.32166083 0.24230741
6648.32416208 0.24190833
6653.32666333 0.24150929
6658.32916458 0.24111030
6663.33166583 0.24071135
6668.33416708 0.24031245
6673.33666833 0.23991359
6678.33916958 0.23951477
6683.34167084 0.23911600
6688.34417209 0.23871727
6693.34667334 0.23831859
6698.34917459 0.23791995
6703.35167584 0.23752135
6708.35417709 0.23712280
6713.35667834 0.23672430
6718.35917959 0.23632583
6723.36168084 0.23592741
6728.36418209 0.23552903
6733.36668334 0.23513070
6738.36918459 0.23473241
6743.37168584 0.23433416
6748.37418709 0.23393596
6753.37668834 0.23353780
6758.37918959 0.23313968
6763.38169085 0.23274161
6768.38419210 0.23234358
6773.38669335 0.23194559
6778.38919460 0.23154764
6783.39169585 0.23114974
6788.39419710 0.23075188
6793.39669835 0.23035406
6798.39919960 0.22995628
6803.40170085 0.22955855
6808.40420210 0.22916086
6813.40670335 0.22876321
6818.40920460 0.22836561
6823.41170585 0.22796804
6828.41420710 0.22757052
6833.41670835 0.22717304
6838.41920960 0.22677560
6843.42171086 0.22637820
6848.42421211 0.22598085
6853.42671336 0.22558354
6858.42921461 0.22518627
6863.43171586 0.22478904
6868.43421711 0.22439185
6873.43671836 0.22399470
6878.43921961 0.22359760
6883.44172086 0.22320053
6888.44422211 0.22280351
6893.44672336 0.22240653
6898.44922461 0.22200959
6903.45172586 0.22161269
6908.45422711 0.22121583
6913.45672836 0.22081901
6918.45922961 0.22042223
6923.46173087 0.22002549
6928.46423212 0.21962880
6933.46673337 0.21923214
6938.46923462 0.21883553
6943.47173587 0.21843895
6948.47423712 0.21804242
6953.47673837 0.21764593
6958.47923962 0.21724947
6963.48174087 0.21685306
6968.48424212 0.21645669
6973.48674337 0.21606035
6978.48924462 0.21566406
6983.49174587 0.21526781
6988.49424712 0.21487159
6993.49674837 0.21447542
6998.49924962 0.21407929
7003.50175088 0.21368319
7008.50425213 0.21328714
7013.50675338 0.21289112
7018.50925463 0.21249514
7023.51175588 0.21209921
7028.51425713 0.21170331
7033.51675838 0.21130745
7038.51925963 0.21091163
7043.52176088 0.21051585
7048.52426213 0.21012011
7053.52676338 0.20972441
7058.52926463 0.20932875
7063.53176588 0.20893312
7068.53426713 0.20853754
7073.53676838 0.20814199
7078.53926963 0.20774648
7083.54177089 0.20735101
7088.54427214 0.20695558
7093.54677339 0.20656019
7098.54927464 0.20616484
7103.55177589 0.20576952
7108.55427714 0.20537424
7113.55677839 0.20497900
7118.55927964 0.20458380
7123.56178089 0.20418864
7128.56428214 0.20379351
7133.56678339 0.20339843
7138.56928464 0.20300338
7143.57178589 0.20260837
7148.57428714 0.20221339
7153.57678839 0.20181845
7158.57928964 0.20142356
7163.58179090 0.20102870
7168.58429215 0.20063387
7173.58679340 0.20023908
7178.58929465 0.19984434
7183.59179590 0.19944962
7188.59429715 0.19905495
7193.59679840 0.19866031
7198.59929965 0.19826571
7203.60180090 0.19787115
7208.60430215 0.19747662
7213.60680340 0.19708213
7218.60930465 0.19668768
7223.61180590 0.19629327
7228.61430715 0.19589889
7233.61680840 0.19550454
7238.61930965 0.19511024
7243.62181091 0.19471597
7248.62431216 0.19432174
7253.62681341 0.19392754
7258.62931466 0.19353338
7263.63181591 0.19313926
7268.63431716 0.19274517
7273.63681841 0.19235112
7278.63931966 0.19195710
7283.64182091 0.19156312
7288.64432216 0.19116918
7293.64682341 0.19077527
7298.64932466 0.19038140
7303.65182591 0.18998757
7308.65432716 0.18959377
7313.65682841 0.18920000
7318.65932966 0.18880628
7323.66183092 0.18841258
7328.66433217 0.18801893
7333.66683342 0.18762530
7338.66933467 0.18723172
7343.67183592 0.18683817
7348.67433717 0.18644465
7353.67683842 0.18605117
7358.67933967 0.18565772
7363.68184092 0.18526431
7368.68434217 0.18487094
7373.68684342 0.18447760
7378.68934467 0.18408429
7383.69184592 0.18369102
7388.69434717 0.18329779
7393.69684842 0.18290459
7398.69934967 0.18251142
7403.70185093 0.18211829
7408.70435218 0.18172519
7413.70685343 0.18133213
7418.70935468 0.18093910
7423.71185593 0.18054611
7428.71435718 0.18015315
7433.71685843 0.17976022
7438.71935968 0.17936733
7443.72186093 0.17897447
7448.72436218 0.17858165
7453.72686343 0.17818886
7458.72936468 0.17779611
7463.73186593 0.17740339
7468.73436718 0.17701070
7473.73686843 0.17661805
7478.73936968 0.17622543
7483.74187094 0.17583284
7488.74437219 0.17544029
7493.74687344 0.17504777
7498.74937469 0.17465528
7503.75187594 0.17426283
7508.75437719 0.17387042
7513.75687844 0.17347803
7518.75937969 0.17308568
7523.76188094 0.17269336
7528.76438219 0.17230108
7533.76688344 0.17190882
7538.76938469 0.17151661
7543.77188594 0.17112442
7548.77438719 0.17073227
7553.77688844 0.17034015
7558.77938969 0.16994806
7563.78189095 0.16955601
7568.78439220 0.16916399
7573.78689345 0.16877200
7578.78939470 0.16838004
7583.79189595 0.16798812
7588.79439720 0.16759623
7593.79689845 0.16720437
7598.79939970 0.16681254
7603.80190095 0.16642075
7608.80440220 0.16602899
7613.80690345 0.16563726
7618.80940470 0.16524556
7623.81190595 0.16485390
7628.81440720 0.16446227
7633.81690845 0.16407067
7638.81940970 0.16367910
7643.82191096 0.16328756
7648.82441221 0.16289606
7653.82691346 0.16250458
7658.82941471 0.16211314
7663.83191596 0.16172173
7668.83441721 0.16133035
7673.83691846 0.16093901
7678.83941971 0.16054769
7683.84192096 0.16015641
7688.84442221 0.15976516
7693.84692346 0.15937394
7698.84942471 0.15898275
7703.85192596 0.15859159
7708.85442721 0.15820047
7713.85692846 0.15780937
7718.85942971 0.15741831
7723.86193097 0.15702728
7728.86443222 0.15663627
7733.86693347 0.15624530
7738.86943472 0.15585436
7743.87193597 0.15546346
7748.87443722 0.15507258
7753.87693847 0.15468173
7758.87943972 0.15429091
7763.88194097 0.15390013
7768.88444222 0.15350937
7773.88694347 0.15311865
7778.88944472 0.15272795
7783.89194597 0.15233729
7788.89444722 0.15194666
7793.89694847 0.15155605
7798.89944972 0.15116548
7803.90195098 0.15077494
7808.90445223 0.15038443
7813.90695348 0.14999395
7818.90945473 0.14960349
7823.91195598 0.14921307
7828.91445723 0.14882268
7833.91695848 0.14843232
7838.91945973 0.14804199
7843.92196098 0.14765169
7848.92446223 0.14726141
7853.92696348 0.14687117
7858.92946473 0.14648096
7863.93196598 0.14609078
7868.93446723 0.14570062
7873.93696848 0.14531050
7878.93946973 0.14492040
7883.94197099 0.14453034
7888.94447224 0.14414030
7893.94697349 0.14375030
7898.94947474 0.14336032
7903.95197599 0.14297037
7908.95447724 0.14258045
7913.95697849 0.14219057
7918.95947974 0.14180071
7923.96198099 0.14141087
7928.96448224 0.14102107
7933.96698349 0.14063130
7938.96948474 0.14024156
7943.97198599 0.13985184
7948.97448724 0.13946215
7953.97698849 0.13907250
7958.97948974 0.13868287
7963.98199100 0.13829327
7968.98449225 0.13790370
7973.98699350 0.13751415
7978.98949475 0.13712464
7983.99199600 0.13673515
7988.99449725 0.13634570
7993.99699850 0.13595627
7998.99949975 0.13556687
8004.00200100 0.13517749
8009.00450225 0.13478815
8014.00700350 0.13439883
8019.00950475 0.13400955
8024.01200600 0.13362029
8029.01450725 0.13323106
8034.01700850 0.13284185
8039.01950975 0.13245268
8044.02201101 0.13206353
8049.02451226 0.13167441
8054.02701351 0.13128532
8059.02951476 0.13089625
8064.03201601 0.13050722
8069.03451726 0.13011821
8074.03701851 0.12972923
8079.03951976 0.12934027
8084.04202101 0.12895135
8089.04452226 0.12856245
8094.04702351 0.12817358
8099.04952476 0.12778473
8104.05202601 0.12739592
8109.05452726 0.12700713
8114.05702851 0.12661837
8119.05952976 0.12622963
8124.06203102 0.12584093
8129.06453227 0.12545224
8134.06703352 0.12506359
8139.06953477 0.12467497
8144.07203602 0.12428637
8149.07453727 0.12389779
8154.07703852 0.12350925
8159.07953977 0.12312073
8164.08204102 0.12273224
8169.08454227 0.12234377
8174.08704352 0.12195534
8179.08954477 0.12156693
8184.09204602 0.12117854
8189.09454727 0.12079018
8194.09704852 0.12040185
8199.09954977 0.12001355
8204.10205103 0.11962527
8209.10455228 0.11923701
8214.10705353 0.11884879
8219.10955478 0.11846059
8224.11205603 0.11807242
8229.11455728 0.11768427
8234.11705853 0.11729615
8239.11955978 0.11690805
8244.12206103 0.11651998
8249.12456228 0.11613194
8254.12706353 0.11574392
8259.12956478 0.11535593
8264.13206603 0.11496797
8269.13456728 0.11458003
8274.13706853 0.11419212
8279.13956978 0.11380423
8284.14207104 0.11341637
8289.14457229 0.11302853
8294.14707354 0.11264072
8299.14957479 0.11225294
8304.15207604 0.11186518
8309.15457729 0.11147745
8314.15707854 0.11108974
8319.15957979 0.11070206
8324.16208104 0.11031440
8329.16458229 0.10992677
8334.16708354 0.10953916
8339.16958479 0.10915158
8344.17208604 0.10876402
8349.17458729 0.10837649
8354.17708854 0.10798899
8359.17958979 0.10760151
8364.18209105 0.10721405
8369.18459230 0.10682662
8374.18709355 0.10643921
8379.18959480 0.10605183
8384.19209605 0.10566448
8389.19459730 0.10527715
8394.19709855 0.10488984
8399.19959980 0.10450256
8404.20210105 0.10411530
8409.20460230 0.10372807
8414.20710355 0.10334086
8419.20960480 0.10295368
8424.21210605 0.10256652
8429.21460730 0.10217939
8434.21710855 0.10179228
8439.21960980 0.10140519
8444.22211106 0.10101813
8449.22461231 0.10063110
8454.22711356 0.10024409
8459.22961481 0.09985710
8464.23211606 0.09947014
8469.23461731 0.09908320
8474.23711856 0.09869628
8479.23961981 0.09830939
8484.24212106 0.09792252
8489.24462231 0.09753568
8494.24712356 0.09714886
8499.24962481 0.09676207
8504.25212606 0.09637530
8509.25462731 0.09598855
8514.25712856 0.09560183
8519.25962981 0.09521513
8524.26213107 0.09482845
8529.26463232 0.09444180
8534.26713357 0.09405517
8539.26963482 0.09366856
8544.27213607 0.09328198
8549.27463732 0.09289542
8554.27713857 0.09250889
8559.27963982 0.09212238
8564.28214107 0.09173589
8569.28464232 0.09134943
8574.28714357 0.09096299
8579.28964482 0.09057657
8584.29214607 0.09019017
8589.29464732 0.08980380
8594.29714857 0.08941745
8599.29964982 0.08903113
8604.30215108 0.08864483
8609.30465233 0.08825855
8614.30715358 0.08787229
8619.30965483 0.08748606
8624.31215608 0.08709985
8629.31465733 0.08671366
8634.31715858 0.08632750
8639.31965983 0.08594136
8644.32216108 0.08555524
8649.32466233 0.08516914
8654.32716358 0.08478307
8659.32966483 0.08439702
8664.33216608 0.08401099
8669.33466733 0.08362499
8674.33716858 0.08323900
8679.33966983 0.08285304
8684.34217109 0.08246711
8689.34467234 0.08208119
8694.34717359 0.08169530
8699.34967484 0.08130943
8704.35217609 0.08092358
8709.35467734 0.08053775
8714.35717859 0.08015195
8719.35967984 0.07976617
8724.36218109 0.07938041
8729.36468234 0.07899467
8734.36718359 0.07860895
8739.36968484 0.07822326
8744.37218609 0.07783759
8749.37468734 0.07745194
8754.37718859 0.07706631
8759.37968984 0.07668071
8764.38219110 0.07629512
8769.38469235 0.07590956
8774.38719360 0.07552402
8779.38969485 0.07513850
8784.39219610 0.07475300
8789.39469735 0.07436753
8794.39719860 0.07398208
8799.39969985 0.07359664
8804.40220110 0.07321123
8809.40470235 0.07282584
8814.40720360 0.07244048
8819.40970485 0.07205513
8824.41220610 0.07166981
8829.41470735 0.07128450
8834.41720860 0.07089922
8839.41970985 0.07051396
8844.42221111 0.07012872
8849.42471236 0.06974350
8854.42721361 0.06935831
8859.42971486 0.06897313
8864.43221611 0.06858798
8869.43471736 0.06820284
8874.43721861 0.06781773
8879.43971986 0.06743264
8884.44222111 0.06704757
8889.44472236 0.06666252
8894.44722361 0.06627749
8899.44972486 0.06589248
8904.45222611 0.06550749
8909.45472736 0.06512253
8914.45722861 0.06473758
8919.45972986 0.06435265
8924.46223112 0.06396775
8929.46473237 0.06358287
8934.46723362 0.06319800
8939.46973487 0.06281316
8944.47223612 0.06242834
8949.47473737 0.06204354
8954.47723862 0.06165876
8959.47973987 0.06127399
8964.48224112 0.06088925
8969.48474237 0.06050453
8974.48724362 0.06011983
8979.48974487 0.05973516
8984.49224612 0.05935050
8989.49474737 0.05896586
8994.49724862 0.05858124
8999.49974987 0.05819664
9004.50225113 0.05781206
9009.50475238 0.05742750
9014.50725363 0.05704296
9019.50975488 0.05665844
9024.51225613 0.05627395
9029.51475738 0.05588947
9034.51725863 0.05550501
9039.51975988 0.05512057
9044.52226113 0.05473615
9049.52476238 0.05435175
9054.52726363 0.05396737
9059.52976488 0.05358301
9064.53226613 0.05319867
9069.53476738 0.05281435
9074.53726863 0.05243005
9079.53976988 0.05204577
9084.54227114 0.05166150
9089.54477239 0.05127726
9094.54727364 0.05089304
9099.54977489 0.05050884
9104.55227614 0.05012465
9109.55477739 0.04974049
9114.55727864 0.04935634
9119.55977989 0.04897221
9124.56228114 0.04858811
9129.56478239 0.04820402
9134.56728364 0.04781995
9139.56978489 0.04743590
9144.57228614 0.04705187
9149.57478739 0.04666786
9154.57728864 0.04628387
9159.57978989 0.04589990
9164.58229115 0.04551594
9169.58479240 0.04513201
9174.58729365 0.04474809
9179.58979490 0.04436419
9184.59229615 0.04398031
9189.59479740 0.04359645
9194.59729865 0.04321261
9199.59979990 0.04282879
9204.60230115 0.04244499
9209.60480240 0.04206120
9214.60730365 0.04167744
9219.60980490 0.04129369
9224.61230615 0.04090996
9229.61480740 0.04052625
9234.61730865 0.04014256
9239.61980990 0.03975889
9244.62231116 0.03937523
9249.62481241 0.03899160
9254.62731366 0.03860798
9259.62981491 0.03822438
9264.63231616 0.03784080
9269.63481741 0.03745723
9274.63731866 0.03707369
9279.63981991 0.03669016
9284.64232116 0.03630665
9289.64482241 0.03592316
9294.64732366 0.03553969
9299.64982491 0.03515624
9304.65232616 0.03477280
9309.65482741 0.03438938
9314.65732866 0.03400598
9319.65982991 0.03362260
9324.66233117 0.03323924
9329.66483242 0.03285589
9334.66733367 0.03247256
9339.66983492 0.03208925
9344.67233617 0.03170596
9349.67483742 0.03132269
9354.67733867 0.03093943
9359.67983992 0.03055619
9364.68234117 0.03017297
9369.68484242 0.02978976
9374.68734367 0.02940658
9379.68984492 0.02902341
9384.69234617 0.02864026
9389.69484742 0.02825712
9394.69734867 0.02787401
9399.69984992 0.02749091
9404.70235118 0.02710783
9409.70485243 0.02672476
9414.70735368 0.02634172
9419.70985493 0.02595869
9424.71235618 0.02557568
9429.71485743 0.02519268
9434.71735868 0.02480970
9439.71985993 0.02442674
9444.72236118 0.02404380
9449.72486243 0.02366087
9454.72736368 0.02327797
9459.72986493 0.02289507
9464.73236618 0.02251220
9469.73486743 0.02212934
9474.73736868 0.02174650
9479.73986993 0.02136368
9484.74237119 0.02098087
9489.74487244 0.02059808
9494.74737369 0.02021531
9499.74987494 0.01983255
9504.75237619 0.01944981
9509.75487744 0.01906709
9514.75737869 0.01868438
9519.75987994 0.01830169
9524.76238119 0.01791902
9529.76488244 0.01753637
9534.76738369 0.01715373
9539.76988494 0.01677110
9544.77238619 0.01638850
9549.77488744 0.01600591
9554.77738869 0.01562333
9559.77988994 0.01524078
9564.78239120 0.01485824
9569.78489245 0.01447571
9574.78739370 0.01409321
9579.78989495 0.01371072
9584.79239620 0.01332824
9589.79489745 0.01294578
9594.79739870 0.01256334
9599.79989995 0.01218091
9604.80240120 0.01179850
9609.80490245 0.01141611
9614.80740370 0.01103373
9619.80990495 0.01065137
9624.81240620 0.01026903
9629.81490745 0.00988670
9634.81740870 0.00950438
9639.81990995 0.00912209
9644.82241121 0.00873981
9649.82491246 0.00835754
9654.82741371 0.00797529
9659.82991496 0.00759306
9664.83241621 0.00721084
9669.83491746 0.00682864
9674.83741871 0.00644645
9679.83991996 0.00606428
9684.84242121 0.00568213
9689.84492246 0.00529999
9694.84742371 0.00491786
9699.84992496 0.00453576
9704.85242621 0.00415366
9709.85492746 0.00377159
9714.85742871 0.00338953
9719.85992996 0.00300748
9724.86243122 0.00262545
9729.86493247 0.00224344
9734.86743372 0.00186144
9739.86993497 0.00147946
9744.87243622 0.00109749
9749.87493747 0.00071553
9754.87743872 0.00033360
9759.87993997 -0.00004833
9764.88244122 -0.00043023
9769.88494247 -0.00081212
9774.88744372 -0.00119400
9779.88994497 -0.00157586
9784.89244622 -0.00195771
9789.89494747 -0.00233954
9794.89744872 -0.00272136
9799.89994997 -0.00310316
9804.90245123 -0.00348494
9809.90495248 -0.00386671
9814.90745373 -0.00424847
9819.90995498 -0.00463021
9824.91245623 -0.00501194
9829.91495748 -0.00539365
9834.91745873 -0.00577534
9839.91995998 -0.00615703
9844.92246123 -0.00653869
9849.92496248 -0.00692034
9854.92746373 -0.00730198
9859.92996498 -0.00768360
9864.93246623 -0.00806521
9869.93496748 -0.00844681
9874.93746873 -0.00882838
9879.93996998 -0.00920995
9884.94247124 -0.00959150
9889.94497249 -0.00997303
9894.94747374 -0.01035455
9899.94997499 -0.01073606
9904.95247624 -0.01111755
9909.95497749 -0.01149903
9914.95747874 -0.01188049
9919.95997999 -0.01226194
9924.96248124 -0.01264337
9929.96498249 -0.01302479
9934.96748374 -0.01340619
9939.96998499 -0.01378758
9944.97248624 -0.01416896
9949.97498749 -0.01455032
9954.97748874 -0.01493167
9959.97998999 -0.01531300
9964.98249125 -0.01569432
9969.98499250 -0.01607563
9974.98749375 -0.01645692
9979.98999500 -0.01683820
9984.99249625 -0.01721946
9989.99499750 -0.01760071
9994.99749875 -0.01798195
10000.00000000 -0.01836317
