0.00000000 1.00000000
5.00250125 0.99074869
10.00500250 0.98532683
15.00750375 0.98110365
20.01000500 0.97755621
25.01250625 0.97446461
30.01500750 0.97170822
35.01750875 0.96921115
40.02001001 0.96692168
45.02251126 0.96480264
50.02501251 0.96282632
55.02751376 0.96097144
60.03001501 0.95922130
65.03251626 0.95756250
70.03501751 0.95598414
75.03751876 0.95447724
80.04002001 0.95303427
85.04252126 0.95164888
90.04502251 0.95031564
95.04752376 0.94902989
100.05002501 0.94778758
105.05252626 0.94658517
110.05502751 0.94541955
115.05752876 0.94428798
120.06003002 0.94318801
125.06253127 0.94211746
130.06503252 0.94107437
135.06753377 0.94005699
140.07003502 0.93906371
145.07253627 0.93809311
150.07503752 0.93714386
155.07753877 0.93621476
160.08004002 0.93530472
165.08254127 0.93441274
170.08504252 0.93353788
175.08754377 0.93267930
180.09004502 0.93183620
185.09254627 0.93100786
190.09504752 0.93019361
195.09754877 0.92939280
200.10005003 0.92860486
205.10255128 0.92782923
210.10505253 0.92706542
215.10755378 0.92631294
220.11005503 0.92557134
225.11255628 0.92484021
230.11505753 0.92411915
235.11755878 0.92340778
240.12006003 0.92270577
245.12256128 0.92201277
250.12506253 0.92132848
255.12756378 0.92065260
260.13006503 0.91998486
265.13256628 0.91932499
270.13506753 0.91867273
275.13756878 0.91802785
280.14007004 0.91739013
285.14257129 0.91675935
290.14507254 0.91613530
295.14757379 0.91551779
300.15007504 0.91490663
305.15257629 0.91430164
310.15507754 0.91370266
315.15757879 0.91310952
320.16008004 0.91252206
325.16258129 0.91194014
330.16508254 0.91136362
335.16758379 0.91079235
340.17008504 0.91022620
345.17258629 0.90966506
350.17508754 0.90910880
355.17758879 0.90855730
360.18009005 0.90801045
365.18259130 0.90746814
370.18509255 0.90693027
375.18759380 0.90639674
380.19009505 0.90586745
385.19259630 0.90534232
390.19509755 0.90482124
395.19759880 0.90430414
400.20010005 0.90379093
405.20260130 0.90328153
410.20510255 0.90277587
415.20760380 0.90227386
420.21010505 0.90177543
425.21260630 0.90128052
430.21510755 0.90078905
435.21760880 0.90030096
440.22011006 0.89981619
445.22261131 0.89933466
450.22511256 0.89885633
455.22761381 0.89838114
460.23011506 0.89790902
465.23261631 0.89743993
470.23511756 0.89697380
475.23761881 0.89651059
480.24012006 0.89605025
485.24262131 0.89559272
490.24512256 0.89513797
495.24762381 0.89468593
500.25012506 0.89423658
505.25262631 0.89378986
510.25512756 0.89334573
515.25762881 0.89290416
520.26013007 0.89246509
525.26263132 0.89202849
530.26513257 0.89159433
535.26763382 0.89116256
540.27013507 0.89073315
545.27263632 0.89030606
550.27513757 0.88988126
555.27763882 0.88945871
560.28014007 0.88903839
565.28264132 0.88862025
570.28514257 0.88820427
575.28764382 0.88779042
580.29014507 0.88737866
585.29264632 0.88696897
590.29514757 0.88656133
595.29764882 0.88615569
600.30015008 0.88575203
605.30265133 0.88535033
610.30515258 0.88495057
615.30765383 0.88455270
620.31015508 0.88415672
625.31265633 0.88376259
630.31515758 0.88337030
635.31765883 0.88297981
640.32016008 0.88259111
645.32266133 0.88220417
650.32516258 0.88181897
655.32766383 0.88143549
660.33016508 0.88105371
665.33266633 0.88067361
670.33516758 0.88029516
675.33766883 0.87991836
680.34017009 0.87954316
685.34267134 0.87916957
690.34517259 0.87879756
695.34767384 0.87842711
700.35017509 0.87805821
705.35267634 0.87769083
710.35517759 0.87732496
715.35767884 0.87696058
720.36018009 0.87659767
725.36268134 0.87623623
730.36518259 0.87587623
735.36768384 0.87551765
740.37018509 0.87516049
745.37268634 0.87480472
750.37518759 0.87445034
755.37768884 0.87409732
760.38019010 0.87374565
765.38269135 0.87339532
770.38519260 0.87304632
775.38769385 0.87269862
780.39019510 0.87235223
785.39269635 0.87200711
790.39519760 0.87166327
795.39769885 0.87132069
800.40020010 0.87097935
805.40270135 0.87063925
810.40520260 0.87030036
815.40770385 0.86996269
820.41020510 0.86962621
825.41270635 0.86929092
830.41520760 0.86895680
835.41770885 0.86862385
840.42021011 0.86829205
845.42271136 0.86796139
850.42521261 0.86763186
855.42771386 0.86730345
860.43021511 0.86697615
865.43271636 0.86664995
870.43521761 0.86632484
875.43771886 0.86600081
880.44022011 0.86567785
885.44272136 0.86535595
890.44522261 0.86503510
895.44772386 0.86471529
900.45022511 0.86439652
905.45272636 0.86407876
910.45522761 0.86376203
915.45772886 0.86344629
920.46023012 0.86313156
925.46273137 0.86281781
930.46523262 0.86250504
935.46773387 0.86219325
940.47023512 0.86188242
945.47273637 0.86157254
950.47523762 0.86126361
955.47773887 0.86095562
960.48024012 0.86064857
965.48274137 0.86034244
970.48524262 0.86003722
975.48774387 0.85973291
980.49024512 0.85942951
985.49274637 0.85912700
990.49524762 0.85882538
995.49774887 0.85852464
1000.50025013 0.85822477
1005.50275138 0.85792577
1010.50525263 0.85762763
1015.50775388 0.85733034
1020.51025513 0.85703390
1025.51275638 0.85673830
1030.51525763 0.85644353
1035.51775888 0.85614960
1040.52026013 0.85585648
1045.52276138 0.85556417
1050.52526263 0.85527268
1055.52776388 0.85498199
1060.53026513 0.85469210
1065.53276638 0.85440299
1070.53526763 0.85411468
1075.53776888 0.85382714
1080.54027014 0.85354037
1085.54277139 0.85325438
1090.54527264 0.85296914
1095.54777389 0.85268467
1100.55027514 0.85240094
1105.55277639 0.85211796
1110.55527764 0.85183572
1115.55777889 0.85155422
1120.56028014 0.85127345
1125.56278139 0.85099341
1130.56528264 0.85071408
1135.56778389 0.85043547
1140.57028514 0.85015757
1145.57278639 0.84988038
1150.57528764 0.84960389
1155.57778889 0.84932809
1160.58029015 0.84905299
1165.58279140 0.84877857
1170.58529265 0.84850484
1175.58779390 0.84823178
1180.59029515 0.84795939
1185.59279640 0.84768768
1190.59529765 0.84741662
1195.59779890 0.84714623
1200.60030015 0.84687650
1205.60280140 0.84660741
1210.60530265 0.84633897
1215.60780390 0.84607118
1220.61030515 0.84580402
1225.61280640 0.84553750
1230.61530765 0.84527161
1235.61780890 0.84500634
1240.62031016 0.84474170
1245.62281141 0.84447768
1250.62531266 0.84421427
1255.62781391 0.84395147
1260.63031516 0.84368928
1265.63281641 0.84342769
1270.63531766 0.84316670
1275.63781891 0.84290631
1280.64032016 0.84264651
1285.64282141 0.84238730
1290.64532266 0.84212868
1295.64782391 0.84187063
1300.65032516 0.84161317
1305.65282641 0.84135628
1310.65532766 0.84109996
1315.65782891 0.84084420
1320.66033017 0.84058902
1325.66283142 0.84033439
1330.66533267 0.84008032
1335.66783392 0.83982681
1340.67033517 0.83957384
1345.67283642 0.83932143
1350.67533767 0.83906956
1355.67783892 0.83881823
1360.68034017 0.83856744
1365.68284142 0.83831718
1370.68534267 0.83806746
1375.68784392 0.83781827
1380.69034517 0.83756960
1385.69284642 0.83732145
1390.69534767 0.83707383
1395.69784892 0.83682673
1400.70035018 0.83658013
1405.70285143 0.83633405
1410.70535268 0.83608848
1415.70785393 0.83584342
1420.71035518 0.83559886
1425.71285643 0.83535480
1430.71535768 0.83511123
1435.71785893 0.83486817
1440.72036018 0.83462559
1445.72286143 0.83438350
1450.72536268 0.83414191
1455.72786393 0.83390079
1460.73036518 0.83366016
1465.73286643 0.83342000
1470.73536768 0.83318033
1475.73786893 0.83294112
1480.74037019 0.83270239
1485.74287144 0.83246413
1490.74537269 0.83222633
1495.74787394 0.83198900
1500.75037519 0.83175213
1505.75287644 0.83151572
1510.75537769 0.83127977
1515.75787894 0.83104427
1520.76038019 0.83080922
1525.76288144 0.83057462
1530.76538269 0.83034048
1535.76788394 0.83010677
1540.77038519 0.82987351
1545.77288644 0.82964069
1550.77538769 0.82940831
1555.77788894 0.82917636
1560.78039020 0.82894485
1565.78289145 0.82871377
1570.78539270 0.82848312
1575.78789395 0.82825290
1580.79039520 0.82802311
1585.79289645 0.82779373
1590.79539770 0.82756478
1595.79789895 0.82733625
1600.80040020 0.82710814
1605.80290145 0.82688044
1610.80540270 0.82665315
1615.80790395 0.82642627
1620.81040520 0.82619981
1625.81290645 0.82597375
1630.81540770 0.82574810
1635.81790895 0.82552284
1640.82041021 0.82529800
1645.82291146 0.82507355
1650.82541271 0.82484949
1655.82791396 0.82462584
1660.83041521 0.82440257
1665.83291646 0.82417970
1670.83541771 0.82395722
1675.83791896 0.82373513
1680.84042021 0.82351342
1685.84292146 0.82329210
1690.84542271 0.82307116
1695.84792396 0.82285061
1700.85042521 0.82263043
1705.85292646 0.82241063
1710.85542771 0.82219120
1715.85792896 0.82197215
1720.86043022 0.82175347
1725.86293147 0.82153517
1730.86543272 0.82131723
1735.86793397 0.82109966
1740.87043522 0.82088245
1745.87293647 0.82066561
1750.87543772 0.82044913
1755.87793897 0.82023301
1760.88044022 0.82001725
1765.88294147 0.81980185
1770.88544272 0.81958680
1775.88794397 0.81937211
1780.89044522 0.81915777
1785.89294647 0.81894378
1790.89544772 0.81873015
1795.89794897 0.81851686
1800.90045023 0.81830391
1805.90295148 0.81809132
1810.90545273 0.81787906
1815.90795398 0.81766715
1820.91045523 0.81745558
1825.91295648 0.81724435
1830.91545773 0.81703345
1835.91795898 0.81682289
1840.92046023 0.81661267
1845.92296148 0.81640278
1850.92546273 0.81619322
1855.92796398 0.81598400
1860.93046523 0.81577510
1865.93296648 0.81556653
1870.93546773 0.81535829
1875.93796898 0.81515037
1880.94047024 0.81494277
1885.94297149 0.81473550
1890.94547274 0.81452855
1895.94797399 0.81432192
1900.95047524 0.81411560
1905.95297649 0.81390961
1910.95547774 0.81370393
1915.95797899 0.81349856
1920.96048024 0.81329351
1925.96298149 0.81308877
1930.96548274 0.81288434
1935.96798399 0.81268021
1940.97048524 0.81247640
1945.97298649 0.81227289
1950.97548774 0.81206969
1955.97798899 0.81186680
1960.98049025 0.81166420
1965.98299150 0.81146191
1970.98549275 0.81125992
1975.98799400 0.81105823
1980.99049525 0.81085684
1985.99299650 0.81065574
1990.99549775 0.81045494
1995.99799900 0.81025444
2001.00050025 0.81005423
2006.00300150 0.80985431
2011.00550275 0.80965468
2016.00800400 0.80945534
2021.01050525 0.80925630
2026.01300650 0.80905753
2031.01550775 0.80885906
2036.01800900 0.80866087
2041.02051026 0.80846297
2046.02301151 0.80826535
2051.02551276 0.80806801
2056.02801401 0.80787096
2061.03051526 0.80767418
2066.03301651 0.80747768
2071.03551776 0.80728147
2076.03801901 0.80708552
2081.04052026 0.80688986
2086.04302151 0.80669447
2091.04552276 0.80649935
2096.04802401 0.80630451
2101.05052526 0.80610993
2106.05302651 0.80591563
2111.05552776 0.80572160
2116.05802901 0.80552784
2121.06053027 0.80533434
2126.06303152 0.80514112
2131.06553277 0.80494815
2136.06803402 0.80475546
2141.07053527 0.80456302
2146.07303652 0.80437085
2151.07553777 0.80417894
2156.07803902 0.80398730
2161.08054027 0.80379591
2166.08304152 0.80360478
2171.08554277 0.80341391
2176.08804402 0.80322330
2181.09054527 0.80303294
2186.09304652 0.80284284
2191.09554777 0.80265299
2196.09804902 0.80246340
2201.10055028 0.80227405
2206.10305153 0.80208496
2211.10555278 0.80189613
2216.10805403 0.80170754
2221.11055528 0.80151920
2226.11305653 0.80133110
2231.11555778 0.80114326
2236.11805903 0.80095566
2241.12056028 0.80076831
2246.12306153 0.80058120
2251.12556278 0.80039434
2256.12806403 0.80020771
2261.13056528 0.80002133
2266.13306653 0.79983520
2271.13556778 0.79964930
2276.13806903 0.79946364
2281.14057029 0.79927822
2286.14307154 0.79909304
2291.14557279 0.79890809
2296.14807404 0.79872338
2301.15057529 0.79853891
2306.15307654 0.79835467
2311.15557779 0.79817067
2316.15807904 0.79798689
2321.16058029 0.79780335
2326.16308154 0.79762005
2331.16558279 0.79743697
2336.16808404 0.79725412
2341.17058529 0.79707150
2346.17308654 0.79688911
2351.17558779 0.79670695
2356.17808904 0.79652501
2361.18059030 0.79634330
2366.18309155 0.79616182
2371.18559280 0.79598055
2376.18809405 0.79579952
2381.19059530 0.79561870
2386.19309655 0.79543811
2391.19559780 0.79525774
2396.19809905 0.79507759
2401.20060030 0.79489766
2406.20310155 0.79471795
2411.20560280 0.79453846
2416.20810405 0.79435919
2421.21060530 0.79418013
2426.21310655 0.79400129
2431.21560780 0.79382267
2436.21810905 0.79364426
2441.22061031 0.79346607
2446.22311156 0.79328809
2451.22561281 0.79311032
2456.22811406 0.79293276
2461.23061531 0.79275542
2466.23311656 0.79257829
2471.23561781 0.79240136
2476.23811906 0.79222465
2481.24062031 0.79204815
2486.24312156 0.79187185
2491.24562281 0.79169576
2496.24812406 0.79151988
2501.25062531 0.79134420
2506.25312656 0.79116873
2511.25562781 0.79099347
2516.25812906 0.79081841
2521.26063032 0.79064355
2526.26313157 0.79046890
2531.26563282 0.79029445
2536.26813407 0.79012020
2541.27063532 0.78994615
2546.27313657 0.78977230
2551.27563782 0.78959865
2556.27813907 0.78942521
2561.28064032 0.78925196
2566.28314157 0.78907890
2571.28564282 0.78890605
2576.28814407 0.78873339
2581.29064532 0.78856093
2586.29314657 0.78838866
2591.29564782 0.78821659
2596.29814907 0.78804472
2601.30065033 0.78787303
2606.30315158 0.78770154
2611.30565283 0.78753025
2616.30815408 0.78735914
2621.31065533 0.78718823
2626.31315658 0.78701751
2631.31565783 0.78684697
2636.31815908 0.78667663
2641.32066033 0.78650648
2646.32316158 0.78633651
2651.32566283 0.78616674
2656.32816408 0.78599715
2661.33066533 0.78582774
2666.33316658 0.78565853
2671.33566783 0.78548950
2676.33816908 0.78532065
2681.34067034 0.78515199
2686.34317159 0.78498352
2691.34567284 0.78481523
2696.34817409 0.78464712
2701.35067534 0.78447919
2706.35317659 0.78431144
2711.35567784 0.78414388
2716.35817909 0.78397650
2721.36068034 0.78380930
2726.36318159 0.78364227
2731.36568284 0.78347543
2736.36818409 0.78330877
2741.37068534 0.78314228
2746.37318659 0.78297597
2751.37568784 0.78280984
2756.37818909 0.78264389
2761.38069035 0.78247811
2766.38319160 0.78231251
2771.38569285 0.78214708
2776.38819410 0.78198183
2781.39069535 0.78181676
2786.39319660 0.78165185
2791.39569785 0.78148712
2796.39819910 0.78132256
2801.40070035 0.78115818
2806.40320160 0.78099396
2811.40570285 0.78082992
2816.40820410 0.78066605
2821.41070535 0.78050235
2826.41320660 0.78033882
2831.41570785 0.78017546
2836.41820910 0.78001226
2841.42071036 0.77984924
2846.42321161 0.77968638
2851.42571286 0.77952369
2856.42821411 0.77936117
2861.43071536 0.77919882
2866.43321661 0.77903663
2871.43571786 0.77887460
2876.43821911 0.77871275
2881.44072036 0.77855105
2886.44322161 0.77838952
2891.44572286 0.77822816
2896.44822411 0.77806695
2901.45072536 0.77790592
2906.45322661 0.77774504
2911.45572786 0.77758432
2916.45822911 0.77742377
2921.46073037 0.77726338
2926.46323162 0.77710315
2931.46573287 0.77694308
2936.46823412 0.77678317
2941.47073537 0.77662341
2946.47323662 0.77646382
2951.47573787 0.77630439
2956.47823912 0.77614511
2961.48074037 0.77598599
2966.48324162 0.77582703
2971.48574287 0.77566823
2976.48824412 0.77550958
2981.49074537 0.77535109
2986.49324662 0.77519275
2991.49574787 0.77503457
2996.49824912 0.77487654
3001.50075038 0.77471867
3006.50325163 0.77456095
3011.50575288 0.77440339
3016.50825413 0.77424598
3021.51075538 0.77408872
3026.51325663 0.77393162
3031.51575788 0.77377466
3036.51825913 0.77361786
3041.52076038 0.77346121
3046.52326163 0.77330471
3051.52576288 0.77314836
3056.52826413 0.77299216
3061.53076538 0.77283611
3066.53326663 0.77268021
3071.53576788 0.77252445
3076.53826913 0.77236885
3081.54077039 0.77221339
3086.54327164 0.77205808
3091.54577289 0.77190292
3096.54827414 0.77174791
3101.55077539 0.77159304
3106.55327664 0.77143832
3111.55577789 0.77128374
3116.55827914 0.77112931
3121.56078039 0.77097503
3126.56328164 0.77082089
3131.56578289 0.77066689
3136.56828414 0.77051304
3141.57078539 0.77035933
3146.57328664 0.77020576
3151.57578789 0.77005234
3156.57828914 0.76989906
3161.58079040 0.76974592
3166.58329165 0.76959293
3171.58579290 0.76944007
3176.58829415 0.76928736
3181.59079540 0.76913478
3186.59329665 0.76898235
3191.59579790 0.76883006
3196.59829915 0.76867791
3201.60080040 0.76852589
3206.60330165 0.76837402
3211.60580290 0.76822228
3216.60830415 0.76807068
3221.61080540 0.76791922
3226.61330665 0.76776790
3231.61580790 0.76761671
3236.61830915 0.76746567
3241.62081041 0.76731475
3246.62331166 0.76716398
3251.62581291 0.76701334
3256.62831416 0.76686284
3261.63081541 0.76671247
3266.63331666 0.76656223
3271.63581791 0.76641213
3276.63831916 0.76626217
3281.64082041 0.76611234
3286.64332166 0.76596264
3291.64582291 0.76581308
3296.64832416 0.76566365
3301.65082541 0.76551435
3306.65332666 0.76536518
3311.65582791 0.76521615
3316.65832916 0.76506725
3321.66083042 0.76491847
3326.66333167 0.76476983
3331.66583292 0.76462133
3336.66833417 0.76447295
3341.67083542 0.76432470
3346.67333667 0.76417658
3351.67583792 0.76402859
3356.67833917 0.76388073
3361.68084042 0.76373300
3366.68334167 0.76358540
3371.68584292 0.76343792
3376.68834417 0.76329058
3381.69084542 0.76314336
3386.69334667 0.76299627
3391.69584792 0.76284930
3396.69834917 0.76270247
3401.70085043 0.76255575
3406.70335168 0.76240917
3411.70585293 0.76226271
3416.70835418 0.76211638
3421.71085543 0.76197017
3426.71335668 0.76182409
3431.71585793 0.76167813
3436.71835918 0.76153230
3441.72086043 0.76138659
3446.72336168 0.76124100
3451.72586293 0.76109554
3456.72836418 0.76095020
3461.73086543 0.76080499
3466.73336668 0.76065989
3471.73586793 0.76051492
3476.73836918 0.76037008
3481.74087044 0.76022535
3486.74337169 0.76008075
3491.74587294 0.75993626
3496.74837419 0.75979190
3501.75087544 0.75964766
3506.75337669 0.75950354
3511.75587794 0.75935954
3516.75837919 0.75921566
3521.76088044 0.75907190
3526.76338169 0.75892826
3531.76588294 0.75878473
3536.76838419 0.75864133
3541.77088544 0.75849805
3546.77338669 0.75835488
3551.77588794 0.75821183
3556.77838919 0.75806890
3561.78089045 0.75792609
3566.78339170 0.75778339
3571.78589295 0.75764082
3576.78839420 0.75749836
3581.79089545 0.75735601
3586.79339670 0.75721378
3591.79589795 0.75707167
3596.79839920 0.75692967
3601.80090045 0.75678779
3606.80340170 0.75664603
3611.80590295 0.75650437
3616.80840420 0.75636284
3621.81090545 0.75622142
3626.81340670 0.75608011
3631.81590795 0.75593892
3636.81840920 0.75579784
3641.82091046 0.75565687
3646.82341171 0.75551602
3651.82591296 0.75537528
3656.82841421 0.75523465
3661.83091546 0.75509414
3666.83341671 0.75495373
3671.83591796 0.75481344
3676.83841921 0.75467326
3681.84092046 0.75453320
3686.84342171 0.75439324
3691.84592296 0.75425340
3696.84842421 0.75411366
3701.85092546 0.75397404
3706.85342671 0.75383453
3711.85592796 0.75369512
3716.85842921 0.75355583
3721.86093047 0.75341665
3726.86343172 0.75327758
3731.86593297 0.75313861
3736.86843422 0.75299976
3741.87093547 0.75286101
3746.87343672 0.75272237
3751.87593797 0.75258384
3756.87843922 0.75244542
3761.88094047 0.75230710
3766.88344172 0.75216890
3771.88594297 0.75203080
3776.88844422 0.75189281
3781.89094547 0.75175492
3786.89344672 0.75161714
3791.89594797 0.75147947
3796.89844922 0.75134190
3801.90095048 0.75120444
3806.90345173 0.75106709
3811.90595298 0.75092984
3816.90845423 0.75079270
3821.91095548 0.75065566
3826.91345673 0.75051873
3831.91595798 0.75038190
3836.91845923 0.75024518
3841.92096048 0.75010856
3846.92346173 0.74997204
3851.92596298 0.74983563
3856.92846423 0.74969932
3861.93096548 0.74956312
3866.93346673 0.74942702
3871.93596798 0.74929102
3876.93846923 0.74915512
3881.94097049 0.74901933
3886.94347174 0.74888364
3891.94597299 0.74874805
3896.94847424 0.74861256
3901.95097549 0.74847718
3906.95347674 0.74834189
3911.95597799 0.74820671
3916.95847924 0.74807163
3921.96098049 0.74793665
3926.96348174 0.74780177
3931.96598299 0.74766699
3936.96848424 0.74753231
3941.97098549 0.74739774
3946.97348674 0.74726326
3951.97598799 0.74712888
3956.97848924 0.74699460
3961.98099050 0.74686042
3966.98349175 0.74672634
3971.98599300 0.74659236
3976.98849425 0.74645847
3981.99099550 0.74632469
3986.99349675 0.74619100
3991.99599800 0.74605741
3996.99849925 0.74592392
4002.00100050 0.74579053
4007.00350175 0.74565724
4012.00600300 0.74552404
4017.00850425 0.74539094
4022.01100550 0.74525794
4027.01350675 0.74512503
4032.01600800 0.74499222
4037.01850925 0.74485950
4042.02101051 0.74472689
4047.02351176 0.74459437
4052.02601301 0.74446194
4057.02851426 0.74432961
4062.03101551 0.74419738
4067.03351676 0.74406524
4072.03601801 0.74393319
4077.03851926 0.74380124
4082.04102051 0.74366939
4087.04352176 0.74353763
4092.04602301 0.74340596
4097.04852426 0.74327439
4102.05102551 0.74314291
4107.05352676 0.74301153
4112.05602801 0.74288024
4117.05852926 0.74274904
4122.06103052 0.74261794
4127.06353177 0.74248693
4132.06603302 0.74235601
4137.06853427 0.74222519
4142.07103552 0.74209446
4147.07353677 0.74196382
4152.07603802 0.74183327
4157.07853927 0.74170281
4162.08104052 0.74157245
4167.08354177 0.74144218
4172.08604302 0.74131200
4177.08854427 0.74118191
4182.09104552 0.74105191
4187.09354677 0.74092200
4192.09604802 0.74079219
4197.09854927 0.74066246
4202.10105053 0.74053283
4207.10355178 0.74040328
4212.10605303 0.74027383
4217.10855428 0.74014447
4222.11105553 0.74001519
4227.11355678 0.73988601
4232.11605803 0.73975691
4237.11855928 0.73962790
4242.12106053 0.73949899
4247.12356178 0.73937016
4252.12606303 0.73924142
4257.12856428 0.73911277
4262.13106553 0.73898421
4267.13356678 0.73885573
4272.13606803 0.73872735
4277.13856928 0.73859905
4282.14107054 0.73847084
4287.14357179 0.73834272
4292.14607304 0.73821468
4297.14857429 0.73808674
4302.15107554 0.73795888
4307.15357679 0.73783110
4312.15607804 0.73770342
4317.15857929 0.73757582
4322.16108054 0.73744830
4327.16358179 0.73732088
4332.16608304 0.73719354
4337.16858429 0.73706628
4342.17108554 0.73693911
4347.17358679 0.73681203
4352.17608804 0.73668503
4357.17858929 0.73655812
4362.18109055 0.73643130
4367.18359180 0.73630456
4372.18609305 0.73617790
4377.18859430 0.73605133
4382.19109555 0.73592484
4387.19359680 0.73579844
4392.19609805 0.73567212
4397.19859930 0.73554589
4402.20110055 0.73541974
4407.20360180 0.73529367
4412.20610305 0.73516769
4417.20860430 0.73504179
4422.21110555 0.73491598
4427.21360680 0.73479025
4432.21610805 0.73466460
4437.21860930 0.73453904
4442.22111056 0.73441355
4447.22361181 0.73428815
4452.22611306 0.73416284
4457.22861431 0.73403760
4462.23111556 0.73391245
4467.23361681 0.73378738
4472.23611806 0.73366239
4477.23861931 0.73353749
4482.24112056 0.73341266
4487.24362181 0.73328792
4492.24612306 0.73316326
4497.24862431 0.73303868
4502.25112556 0.73291418
4507.25362681 0.73278976
4512.25612806 0.73266543
4517.25862931 0.73254117
4522.26113057 0.73241700
4527.26363182 0.73229290
4532.26613307 0.73216889
4537.26863432 0.73204495
4542.27113557 0.73192110
4547.27363682 0.73179732
4552.27613807 0.73167363
4557.27863932 0.73155001
4562.28114057 0.73142648
4567.28364182 0.73130302
4572.28614307 0.73117964
4577.28864432 0.73105635
4582.29114557 0.73093313
4587.29364682 0.73080999
4592.29614807 0.73068692
4597.29864932 0.73056394
4602.30115058 0.73044104
4607.30365183 0.73031821
4612.30615308 0.73019546
4617.30865433 0.73007279
4622.31115558 0.72995020
4627.31365683 0.72982769
4632.31615808 0.72970525
4637.31865933 0.72958289
4642.32116058 0.72946061
4647.32366183 0.72933840
4652.32616308 0.72921627
4657.32866433 0.72909422
4662.33116558 0.72897225
4667.33366683 0.72885035
4672.33616808 0.72872853
4677.33866933 0.72860679
4682.34117059 0.72848512
4687.34367184 0.72836353
4692.34617309 0.72824201
4697.34867434 0.72812057
4702.35117559 0.72799921
4707.35367684 0.72787792
4712.35617809 0.72775671
4717.35867934 0.72763557
4722.36118059 0.72751451
4727.36368184 0.72739352
4732.36618309 0.72727261
4737.36868434 0.72715177
4742.37118559 0.72703101
4747.37368684 0.72691032
4752.37618809 0.72678971
4757.37868934 0.72666917
4762.38119060 0.72654870
4767.38369185 0.72642831
4772.38619310 0.72630800
4777.38869435 0.72618776
4782.39119560 0.72606759
4787.39369685 0.72594749
4792.39619810 0.72582747
4797.39869935 0.72570753
4802.40120060 0.72558765
4807.40370185 0.72546785
4812.40620310 0.72534812
4817.40870435 0.72522847
4822.41120560 0.72510889
4827.41370685 0.72498938
4832.41620810 0.72486994
4837.41870935 0.72475058
4842.42121061 0.72463129
4847.42371186 0.72451207
4852.42621311 0.72439292
4857.42871436 0.72427384
4862.43121561 0.72415484
4867.43371686 0.72403591
4872.43621811 0.72391705
4877.43871936 0.72379826
4882.44122061 0.72367955
4887.44372186 0.72356090
4892.44622311 0.72344233
4897.44872436 0.72332382
4902.45122561 0.72320539
4907.45372686 0.72308703
4912.45622811 0.72296874
4917.45872936 0.72285052
4922.46123062 0.72273237
4927.46373187 0.72261429
4932.46623312 0.72249629
4937.46873437 0.72237835
4942.47123562 0.72226048
4947.47373687 0.72214268
4952.47623812 0.72202496
4957.47873937 0.72190730
4962.48124062 0.72178971
4967.48374187 0.72167219
4972.48624312 0.72155474
4977.48874437 0.72143736
4982.49124562 0.72132005
4987.49374687 0.72120281
4992.49624812 0.72108564
4997.49874937 0.72096853
5002.50125063 0.72085150
5007.50375188 0.72073453
5012.50625313 0.72061764
5017.50875438 0.72050081
5022.51125563 0.72038405
5027.51375688 0.72026735
5032.51625813 0.72015073
5037.51875938 0.72003417
5042.52126063 0.71991769
5047.52376188 0.71980127
5052.52626313 0.71968491
5057.52876438 0.71956863
5062.53126563 0.71945241
5067.53376688 0.71933626
5072.53626813 0.71922018
5077.53876938 0.71910416
5082.54127064 0.71898822
5087.54377189 0.71887233
5092.54627314 0.71875652
5097.54877439 0.71864077
5102.55127564 0.71852509
5107.55377689 0.71840948
5112.55627814 0.71829393
5117.55877939 0.71817845
5122.56128064 0.71806304
5127.56378189 0.71794769
5132.56628314 0.71783240
5137.56878439 0.71771719
5142.57128564 0.71760204
5147.57378689 0.71748695
5152.57628814 0.71737193
5157.57878939 0.71725698
5162.58129065 0.71714209
5167.58379190 0.71702727
5172.58629315 0.71691251
5177.58879440 0.71679782
5182.59129565 0.71668320
5187.59379690 0.71656863
5192.59629815 0.71645414
5197.59879940 0.71633971
5202.60130065 0.71622534
5207.60380190 0.71611104
5212.60630315 0.71599680
5217.60880440 0.71588262
5222.61130565 0.71576852
5227.61380690 0.71565447
5232.61630815 0.71554049
5237.61880940 0.71542657
5242.62131066 0.71531272
5247.62381191 0.71519893
5252.62631316 0.71508521
5257.62881441 0.71497155
5262.63131566 0.71485795
5267.63381691 0.71474441
5272.63631816 0.71463094
5277.63881941 0.71451754
5282.64132066 0.71440419
5287.64382191 0.71429091
5292.64632316 0.71417769
5297.64882441 0.71406454
5302.65132566 0.71395144
5307.65382691 0.71383842
5312.65632816 0.71372545
5317.65882941 0.71361254
5322.66133067 0.71349970
5327.66383192 0.71338692
5332.66633317 0.71327421
5337.66883442 0.71316155
5342.67133567 0.71304896
5347.67383692 0.71293643
5352.67633817 0.71282396
5357.67883942 0.71271155
5362.68134067 0.71259921
5367.68384192 0.71248692
5372.68634317 0.71237470
5377.68884442 0.71226254
5382.69134567 0.71215044
5387.69384692 0.71203840
5392.69634817 0.71192643
5397.69884942 0.71181451
5402.70135068 0.71170266
5407.70385193 0.71159086
5412.70635318 0.71147913
5417.70885443 0.71136746
5422.71135568 0.71125585
5427.71385693 0.71114430
5432.71635818 0.71103281
5437.71885943 0.71092138
5442.72136068 0.71081001
5447.72386193 0.71069870
5452.72636318 0.71058745
5457.72886443 0.71047627
5462.73136568 0.71036514
5467.73386693 0.71025407
5472.73636818 0.71014306
5477.73886943 0.71003211
5482.74137069 0.70992122
5487.74387194 0.70981039
5492.74637319 0.70969962
5497.74887444 0.70958891
5502.75137569 0.70947826
5507.75387694 0.70936767
5512.75637819 0.70925714
5517.75887944 0.70914666
5522.76138069 0.70903625
5527.76388194 0.70892589
5532.76638319 0.70881560
5537.76888444 0.70870536
5542.77138569 0.70859518
5547.77388694 0.70848506
5552.77638819 0.70837500
5557.77888944 0.70826499
5562.78139070 0.70815505
5567.78389195 0.70804516
5572.78639320 0.70793533
5577.78889445 0.70782556
5582.79139570 0.70771585
5587.79389695 0.70760619
5592.79639820 0.70749660
5597.79889945 0.70738706
5602.80140070 0.70727758
5607.80390195 0.70716815
5612.80640320 0.70705879
5617.80890445 0.70694948
5622.81140570 0.70684023
5627.81390695 0.70673103
5632.81640820 0.70662190
5637.81890945 0.70651282
5642.82141071 0.70640379
5647.82391196 0.70629483
5652.82641321 0.70618592
5657.82891446 0.70607707
5662.83141571 0.70596827
5667.83391696 0.70585954
5672.83641821 0.70575085
5677.83891946 0.70564223
5682.84142071 0.70553366
5687.84392196 0.70542515
5692.84642321 0.70531669
5697.84892446 0.70520829
5702.85142571 0.70509995
5707.85392696 0.70499166
5712.85642821 0.70488343
5717.85892946 0.70477526
5722.86143072 0.70466714
5727.86393197 0.70455907
5732.86643322 0.70445106
5737.86893447 0.70434311
5742.87143572 0.70423522
5747.87393697 0.70412737
5752.87643822 0.70401959
5757.87893947 0.70391186
5762.88144072 0.70380418
5767.88394197 0.70369656
5772.88644322 0.70358900
5777.88894447 0.70348149
5782.89144572 0.70337403
5787.89394697 0.70326663
5792.89644822 0.70315929
5797.89894947 0.70305200
5802.90145073 0.70294476
5807.90395198 0.70283758
5812.90645323 0.70273046
5817.90895448 0.70262338
5822.91145573 0.70251637
5827.91395698 0.70240940
5832.91645823 0.70230249
5837.91895948 0.70219564
5842.92146073 0.70208884
5847.92396198 0.70198209
5852.92646323 0.70187540
5857.92896448 0.70176876
5862.93146573 0.70166217
5867.93396698 0.70155564
5872.93646823 0.70144917
5877.93896948 0.70134274
5882.94147074 0.70123637
5887.94397199 0.70113005
5892.94647324 0.70102379
5897.94897449 0.70091758
5902.95147574 0.70081142
5907.95397699 0.70070532
5912.95647824 0.70059927
5917.95897949 0.70049327
5922.96148074 0.70038733
5927.96398199 0.70028144
5932.96648324 0.70017560
5937.96898449 0.70006981
5942.97148574 0.69996408
5947.97398699 0.69985840
5952.97648824 0.69975277
5957.97898949 0.69964719
5962.98149075 0.69954167
5967.98399200 0.69943620
5972.98649325 0.69933078
5977.98899450 0.69922542
5982.99149575 0.69912010
5987.99399700 0.69901484
5992.99649825 0.69890963
5997.99899950 0.69880447
6003.00150075 0.69869937
6008.00400200 0.69859431
6013.00650325 0.69848931
6018.00900450 0.69838436
6023.01150575 0.69827946
6028.01400700 0.69817462
6033.01650825 0.69806982
6038.01900950 0.69796508
6043.02151076 0.69786038
6048.02401201 0.69775574
6053.02651326 0.69765115
6058.02901451 0.69754661
6063.03151576 0.69744212
6068.03401701 0.69733769
6073.03651826 0.69723330
6078.03901951 0.69712897
6083.04152076 0.69702468
6088.04402201 0.69692045
6093.04652326 0.69681627
6098.04902451 0.69671214
6103.05152576 0.69660805
6108.05402701 0.69650402
6113.05652826 0.69640004
6118.05902951 0.69629611
6123.06153077 0.69619224
6128.06403202 0.69608841
6133.06653327 0.69598463
6138.06903452 0.69588090
6143.07153577 0.69577722
6148.07403702 0.69567359
6153.07653827 0.69557001
6158.07903952 0.69546649
6163.08154077 0.69536301
6168.08404202 0.69525958
6173.08654327 0.69515620
6178.08904452 0.69505287
6183.09154577 0.69494959
6188.09404702 0.69484636
6193.09654827 0.69474318
6198.09904952 0.69464005
6203.10155078 0.69453697
6208.10405203 0.69443393
6213.10655328 0.69433095
6218.10905453 0.69422802
6223.11155578 0.69412513
6228.11405703 0.69402230
6233.11655828 0.69391951
6238.11905953 0.69381677
6243.12156078 0.69371408
6248.12406203 0.69361144
6253.12656328 0.69350885
6258.12906453 0.69340631
6263.13156578 0.69330382
6268.13406703 0.69320137
6273.13656828 0.69309897
6278.13906953 0.69299662
6283.14157079 0.69289432
6288.14407204 0.69279207
6293.14657329 0.69268987
6298.14907454 0.69258772
6303.15157579 0.69248561
6308.15407704 0.69238355
6313.15657829 0.69228154
6318.15907954 0.69217958
6323.16158079 0.69207766
6328.16408204 0.69197580
6333.16658329 0.69187398
6338.16908454 0.69177221
6343.17158579 0.69167048
6348.17408704 0.69156881
6353.17658829 0.69146718
6358.17908954 0.69136560
6363.18159080 0.69126407
6368.18409205 0.69116258
6373.18659330 0.69106114
6378.18909455 0.69095975
6383.19159580 0.69085841
6388.19409705 0.69075711
6393.19659830 0.69065586
6398.19909955 0.69055466
6403.20160080 0.69045351
6408.20410205 0.69035240
6413.20660330 0.69025134
6418.20910455 0.69015032
6423.21160580 0.69004936
6428.21410705 0.68994844
6433.21660830 0.68984756
6438.21910955 0.68974673
6443.22161081 0.68964595
6448.22411206 0.68954522
6453.22661331 0.68944453
6458.22911456 0.68934389
6463.23161581 0.68924330
6468.23411706 0.68914275
6473.23661831 0.68904225
6478.23911956 0.68894179
6483.24162081 0.68884138
6488.24412206 0.68874102
6493.24662331 0.68864070
6498.24912456 0.68854043
6503.25162581 0.68844020
6508.25412706 0.68834002
6513.25662831 0.68823989
6518.25912956 0.68813980
6523.26163082 0.68803976
6528.26413207 0.68793976
6533.26663332 0.68783981
6538.26913457 0.68773991
6543.27163582 0.68764005
6548.27413707 0.68754023
6553.27663832 0.68744047
6558.27913957 0.68734074
6563.28164082 0.68724106
6568.28414207 0.68714143
6573.28664332 0.68704184
6578.28914457 0.68694230
6583.29164582 0.68684280
6588.29414707 0.68674335
6593.29664832 0.68664394
6598.29914957 0.68654458
6603.30165083 0.68644526
6608.30415208 0.68634599
6613.30665333 0.68624676
6618.30915458 0.68614758
6623.31165583 0.68604844
6628.31415708 0.68594935
6633.31665833 0.68585030
6638.31915958 0.68575130
6643.32166083 0.68565234
6648.32416208 0.68555342
6653.32666333 0.68545455
6658.32916458 0.68535572
6663.33166583 0.68525694
6668.33416708 0.68515820
6673.33666833 0.68505951
6678.33916958 0.68496086
6683.34167084 0.68486225
6688.34417209 0.68476369
6693.34667334 0.68466517
6698.34917459 0.68456670
6703.35167584 0.68446827
6708.35417709 0.68436988
6713.35667834 0.68427154
6718.35917959 0.68417324
6723.36168084 0.68407499
6728.36418209 0.68397678
6733.36668334 0.68387861
6738.36918459 0.68378049
6743.37168584 0.68368241
6748.37418709 0.68358437
6753.37668834 0.68348638
6758.37918959 0.68338842
6763.38169085 0.68329052
6768.38419210 0.68319265
6773.38669335 0.68309483
6778.38919460 0.68299706
6783.39169585 0.68289932
6788.39419710 0.68280163
6793.39669835 0.68270398
6798.39919960 0.68260638
6803.40170085 0.68250882
6808.40420210 0.68241130
6813.40670335 0.68231382
6818.40920460 0.68221639
6823.41170585 0.68211900
6828.41420710 0.68202165
6833.41670835 0.68192434
6838.41920960 0.68182708
6843.42171086 0.68172986
6848.42421211 0.68163268
6853.42671336 0.68153555
6858.42921461 0.68143845
6863.43171586 0.68134140
6868.43421711 0.68124439
6873.43671836 0.68114743
6878.43921961 0.68105050
6883.44172086 0.68095362
6888.44422211 0.68085678
6893.44672336 0.68075999
6898.44922461 0.68066323
6903.45172586 0.68056652
6908.45422711 0.68046985
6913.45672836 0.68037322
6918.45922961 0.68027663
6923.46173087 0.68018008
6928.46423212 0.68008358
6933.46673337 0.67998712
6938.46923462 0.67989070
6943.47173587 0.67979432
6948.47423712 0.67969798
6953.47673837 0.67960168
6958.47923962 0.67950543
6963.48174087 0.67940922
6968.48424212 0.67931304
6973.48674337 0.67921691
6978.48924462 0.67912082
6983.49174587 0.67902478
6988.49424712 0.67892877
6993.49674837 0.67883281
6998.49924962 0.67873688
7003.50175088 0.67864100
7008.50425213 0.67854516
7013.50675338 0.67844936
7018.50925463 0.67835360
7023.51175588 0.67825788
7028.51425713 0.67816220
7033.51675838 0.67806656
7038.51925963 0.67797096
7043.52176088 0.67787541
7048.52426213 0.67777989
7053.52676338 0.67768442
7058.52926463 0.67758899
7063.53176588 0.67749359
7068.53426713 0.67739824
7073.53676838 0.67730293
7078.53926963 0.67720766
7083.54177089 0.67711242
7088.54427214 0.67701723
7093.54677339 0.67692208
7098.54927464 0.67682697
7103.55177589 0.67673190
7108.55427714 0.67663687
7113.55677839 0.67654188
7118.55927964 0.67644693
7123.56178089 0.67635202
7128.56428214 0.67625715
7133.56678339 0.67616232
7138.56928464 0.67606753
7143.57178589 0.67597278
7148.57428714 0.67587807
7153.57678839 0.67578340
7158.57928964 0.67568877
7163.58179090 0.67559418
7168.58429215 0.67549963
7173.58679340 0.67540512
7178.58929465 0.67531065
7183.59179590 0.67521622
7188.59429715 0.67512182
7193.59679840 0.67502747
7198.59929965 0.67493316
7203.60180090 0.67483888
7208.60430215 0.67474465
7213.60680340 0.67465045
7218.60930465 0.67455630
7223.61180590 0.67446218
7228.61430715 0.67436810
7233.61680840 0.67427406
7238.61930965 0.67418006
7243.62181091 0.67408610
7248.62431216 0.67399218
7253.62681341 0.67389830
7258.62931466 0.67380445
7263.63181591 0.67371065
7268.63431716 0.67361688
7273.63681841 0.67352316
7278.63931966 0.67342947
7283.64182091 0.67333582
7288.64432216 0.67324221
7293.64682341 0.67314864
7298.64932466 0.67305510
7303.65182591 0.67296161
7308.65432716 0.67286815
7313.65682841 0.67277473
7318.65932966 0.67268135
7323.66183092 0.67258801
7328.66433217 0.67249471
7333.66683342 0.67240145
7338.66933467 0.67230822
7343.67183592 0.67221503
7348.67433717 0.67212188
7353.67683842 0.67202877
7358.67933967 0.67193570
7363.68184092 0.67184266
7368.68434217 0.67174967
7373.68684342 0.67165671
7378.68934467 0.67156379
7383.69184592 0.67147091
7388.69434717 0.67137806
7393.69684842 0.67128525
7398.69934967 0.67119249
7403.70185093 0.67109975
7408.70435218 0.67100706
7413.70685343 0.67091440
7418.70935468 0.67082179
7423.71185593 0.67072921
7428.71435718 0.67063666
7433.71685843 0.67054416
7438.71935968 0.67045169
7443.72186093 0.67035926
7448.72436218 0.67026687
7453.72686343 0.67017451
7458.72936468 0.67008220
7463.73186593 0.66998992
7468.73436718 0.66989767
7473.73686843 0.66980547
7478.73936968 0.66971330
7483.74187094 0.66962117
7488.74437219 0.66952907
7493.74687344 0.66943702
7498.74937469 0.66934500
7503.75187594 0.66925301
7508.75437719 0.66916107
7513.75687844 0.66906916
7518.75937969 0.66897729
7523.76188094 0.66888545
7528.76438219 0.66879365
7533.76688344 0.66870189
7538.76938469 0.66861017
7543.77188594 0.66851848
7548.77438719 0.66842683
7553.77688844 0.66833522
7558.77938969 0.66824364
7563.78189095 0.66815210
7568.78439220 0.66806059
7573.78689345 0.66796913
7578.78939470 0.66787769
7583.79189595 0.66778630
7588.79439720 0.66769494
7593.79689845 0.66760362
7598.79939970 0.66751233
7603.80190095 0.66742109
7608.80440220 0.66732987
7613.80690345 0.66723870
7618.80940470 0.66714756
7623.81190595 0.66705645
7628.81440720 0.66696538
7633.81690845 0.66687435
7638.81940970 0.66678336
7643.82191096 0.66669240
7648.82441221 0.66660147
7653.82691346 0.66651059
7658.82941471 0.66641974
7663.83191596 0.66632892
7668.83441721 0.66623814
7673.83691846 0.66614740
7678.83941971 0.66605669
7683.84192096 0.66596602
7688.84442221 0.66587538
7693.84692346 0.66578478
7698.84942471 0.66569421
7703.85192596 0.66560368
7708.85442721 0.66551319
7713.85692846 0.66542273
7718.85942971 0.66533231
7723.86193097 0.66524192
7728.86443222 0.66515157
7733.86693347 0.66506125
7738.86943472 0.66497097
7743.87193597 0.66488073
7748.87443722 0.66479052
7753.87693847 0.66470034
7758.87943972 0.66461020
7763.88194097 0.66452010
7768.88444222 0.66443003
7773.88694347 0.66433999
7778.88944472 0.66424999
7783.89194597 0.66416003
7788.89444722 0.66407010
7793.89694847 0.66398021
7798.89944972 0.66389035
7803.90195098 0.66380053
7808.90445223 0.66371074
7813.90695348 0.66362098
7818.90945473 0.66353126
7823.91195598 0.66344158
7828.91445723 0.66335193
7833.91695848 0.66326232
7838.91945973 0.66317274
7843.92196098 0.66308319
7848.92446223 0.66299368
7853.92696348 0.66290420
7858.92946473 0.66281476
7863.93196598 0.66272536
7868.93446723 0.66263598
7873.93696848 0.66254665
7878.93946973 0.66245734
7883.94197099 0.66236808
7888.94447224 0.66227884
7893.94697349 0.66218964
7898.94947474 0.66210048
7903.95197599 0.66201134
7908.95447724 0.66192225
7913.95697849 0.66183318
7918.95947974 0.66174416
7923.96198099 0.66165516
7928.96448224 0.66156620
7933.96698349 0.66147728
7938.96948474 0.66138838
7943.97198599 0.66129953
7948.97448724 0.66121070
7953.97698849 0.66112191
7958.97948974 0.66103316
7963.98199100 0.66094443
7968.98449225 0.66085575
7973.98699350 0.66076709
7978.98949475 0.66067847
7983.99199600 0.66058989
7988.99449725 0.66050133
7993.99699850 0.66041281
7998.99949975 0.66032433
8004.00200100 0.66023588
8009.00450225 0.66014746
8014.00700350 0.66005907
8019.00950475 0.65997072
8024.01200600 0.65988241
8029.01450725 0.65979412
8034.01700850 0.65970587
8039.01950975 0.65961766
8044.02201101 0.65952947
8049.02451226 0.65944132
8054.02701351 0.65935321
8059.02951476 0.65926512
8064.03201601 0.65917707
8069.03451726 0.65908906
8074.03701851 0.65900107
8079.03951976 0.65891312
8084.04202101 0.65882521
8089.04452226 0.65873732
8094.04702351 0.65864947
8099.04952476 0.65856166
8104.05202601 0.65847387
8109.05452726 0.65838612
8114.05702851 0.65829840
8119.05952976 0.65821072
8124.06203102 0.65812306
8129.06453227 0.65803544
8134.06703352 0.65794786
8139.06953477 0.65786030
8144.07203602 0.65777278
8149.07453727 0.65768530
8154.07703852 0.65759784
8159.07953977 0.65751042
8164.08204102 0.65742303
8169.08454227 0.65733567
8174.08704352 0.65724835
8179.08954477 0.65716105
8184.09204602 0.65707380
8189.09454727 0.65698657
8194.09704852 0.65689937
8199.09954977 0.65681221
8204.10205103 0.65672508
8209.10455228 0.65663799
8214.10705353 0.65655092
8219.10955478 0.65646389
8224.11205603 0.65637689
8229.11455728 0.65628992
8234.11705853 0.65620299
8239.11955978 0.65611609
8244.12206103 0.65602922
8249.12456228 0.65594238
8254.12706353 0.65585557
8259.12956478 0.65576880
8264.13206603 0.65568206
8269.13456728 0.65559535
8274.13706853 0.65550867
8279.13956978 0.65542202
8284.14207104 0.65533541
8289.14457229 0.65524883
8294.14707354 0.65516228
8299.14957479 0.65507576
8304.15207604 0.65498928
8309.15457729 0.65490282
8314.15707854 0.65481640
8319.15957979 0.65473001
8324.16208104 0.65464365
8329.16458229 0.65455733
8334.16708354 0.65447103
8339.16958479 0.65438477
8344.17208604 0.65429854
8349.17458729 0.65421234
8354.17708854 0.65412617
8359.17958979 0.65404003
8364.18209105 0.65395393
8369.18459230 0.65386785
8374.18709355 0.65378181
8379.18959480 0.65369580
8384.19209605 0.65360982
8389.19459730 0.65352388
8394.19709855 0.65343796
8399.19959980 0.65335207
8404.20210105 0.65326622
8409.20460230 0.65318040
8414.20710355 0.65309461
8419.20960480 0.65300885
8424.21210605 0.65292312
8429.21460730 0.65283742
8434.21710855 0.65275176
8439.21960980 0.65266612
8444.22211106 0.65258052
8449.22461231 0.65249495
8454.22711356 0.65240940
8459.22961481 0.65232389
8464.23211606 0.65223842
8469.23461731 0.65215297
8474.23711856 0.65206755
8479.23961981 0.65198216
8484.24212106 0.65189681
8489.24462231 0.65181148
8494.24712356 0.65172619
8499.24962481 0.65164093
8504.25212606 0.65155569
8509.25462731 0.65147049
8514.25712856 0.65138532
8519.25962981 0.65130018
8524.26213107 0.65121507
8529.26463232 0.65112999
8534.26713357 0.65104495
8539.26963482 0.65095993
8544.27213607 0.65087494
8549.27463732 0.65078999
8554.27713857 0.65070506
8559.27963982 0.65062017
8564.28214107 0.65053530
8569.28464232 0.65045047
8574.28714357 0.65036566
8579.28964482 0.65028089
8584.29214607 0.65019615
8589.29464732 0.65011144
8594.29714857 0.65002675
8599.29964982 0.64994210
8604.30215108 0.64985748
8609.30465233 0.64977289
8614.30715358 0.64968833
8619.30965483 0.64960380
8624.31215608 0.64951930
8629.31465733 0.64943483
8634.31715858 0.64935038
8639.31965983 0.64926597
8644.32216108 0.64918159
8649.32466233 0.64909724
8654.32716358 0.64901292
8659.32966483 0.64892863
8664.33216608 0.64884437
8669.33466733 0.64876014
8674.33716858 0.64867594
8679.33966983 0.64859177
8684.34217109 0.64850763
8689.34467234 0.64842352
8694.34717359 0.64833944
8699.34967484 0.64825539
8704.35217609 0.64817137
8709.35467734 0.64808738
8714.35717859 0.64800342
8719.35967984 0.64791948
8724.36218109 0.64783558
8729.36468234 0.64775171
8734.36718359 0.64766787
8739.36968484 0.64758405
8744.37218609 0.64750027
8749.37468734 0.64741651
8754.37718859 0.64733279
8759.37968984 0.64724909
8764.38219110 0.64716543
8769.38469235 0.64708179
8774.38719360 0.64699818
8779.38969485 0.64691461
8784.39219610 0.64683106
8789.39469735 0.64674754
8794.39719860 0.64666405
8799.39969985 0.64658059
8804.40220110 0.64649716
8809.40470235 0.64641376
8814.40720360 0.64633039
8819.40970485 0.64624704
8824.41220610 0.64616373
8829.41470735 0.64608044
8834.41720860 0.64599719
8839.41970985 0.64591396
8844.42221111 0.64583076
8849.42471236 0.64574760
8854.42721361 0.64566446
8859.42971486 0.64558135
8864.43221611 0.64549826
8869.43471736 0.64541521
8874.43721861 0.64533219
8879.43971986 0.64524919
8884.44222111 0.64516623
8889.44472236 0.64508329
8894.44722361 0.64500038
8899.44972486 0.64491750
8904.45222611 0.64483465
8909.45472736 0.64475183
8914.45722861 0.64466904
8919.45972986 0.64458627
8924.46223112 0.64450354
8929.46473237 0.64442083
8934.46723362 0.64433815
8939.46973487 0.64425551
8944.47223612 0.64417288
8949.47473737 0.64409029
8954.47723862 0.64400773
8959.47973987 0.64392519
8964.48224112 0.64384269
8969.48474237 0.64376021
8974.48724362 0.64367776
8979.48974487 0.64359534
8984.49224612 0.64351295
8989.49474737 0.64343058
8994.49724862 0.64334825
8999.49974987 0.64326594
9004.50225113 0.64318366
9009.50475238 0.64310141
9014.50725363 0.64301919
9019.50975488 0.64293699
9024.51225613 0.64285483
9029.51475738 0.64277269
9034.51725863 0.64269058
9039.51975988 0.64260850
9044.52226113 0.64252644
9049.52476238 0.64244442
9054.52726363 0.64236242
9059.52976488 0.64228045
9064.53226613 0.64219851
9069.53476738 0.64211660
9074.53726863 0.64203471
9079.53976988 0.64195286
9084.54227114 0.64187103
9089.54477239 0.64178923
9094.54727364 0.64170745
9099.54977489 0.64162571
9104.55227614 0.64154399
9109.55477739 0.64146230
9114.55727864 0.64138064
9119.55977989 0.64129901
9124.56228114 0.64121740
9129.56478239 0.64113582
9134.56728364 0.64105427
9139.56978489 0.64097275
9144.57228614 0.64089125
9149.57478739 0.64080979
9154.57728864 0.64072835
9159.57978989 0.64064694
9164.58229115 0.64056555
9169.58479240 0.64048419
9174.58729365 0.64040286
9179.58979490 0.64032156
9184.59229615 0.64024029
9189.59479740 0.64015904
9194.59729865 0.64007782
9199.59979990 0.63999663
9204.60230115 0.63991547
9209.60480240 0.63983433
9214.60730365 0.63975322
9219.60980490 0.63967214
9224.61230615 0.63959108
9229.61480740 0.63951006
9234.61730865 0.63942906
9239.61980990 0.63934808
9244.62231116 0.63926714
9249.62481241 0.63918622
9254.62731366 0.63910533
9259.62981491 0.63902447
9264.63231616 0.63894363
9269.63481741 0.63886282
9274.63731866 0.63878204
9279.63981991 0.63870128
9284.64232116 0.63862055
9289.64482241 0.63853985
9294.64732366 0.63845918
9299.64982491 0.63837853
9304.65232616 0.63829791
9309.65482741 0.63821732
9314.65732866 0.63813675
9319.65982991 0.63805622
9324.66233117 0.63797570
9329.66483242 0.63789522
9334.66733367 0.63781476
9339.66983492 0.63773433
9344.67233617 0.63765392
9349.67483742 0.63757355
9354.67733867 0.63749320
9359.67983992 0.63741287
9364.68234117 0.63733257
9369.68484242 0.63725230
9374.68734367 0.63717206
9379.68984492 0.63709184
9384.69234617 0.63701165
9389.69484742 0.63693149
9394.69734867 0.63685135
9399.69984992 0.63677124
9404.70235118 0.63669116
9409.70485243 0.63661110
9414.70735368 0.63653107
9419.70985493 0.63645106
9424.71235618 0.63637109
9429.71485743 0.63629114
9434.71735868 0.63621121
9439.71985993 0.63613131
9444.72236118 0.63605144
9449.72486243 0.63597160
9454.72736368 0.63589178
9459.72986493 0.63581198
9464.73236618 0.63573222
9469.73486743 0.63565248
9474.73736868 0.63557276
9479.73986993 0.63549308
9484.74237119 0.63541341
9489.74487244 0.63533378
9494.74737369 0.63525417
9499.74987494 0.63517459
9504.75237619 0.63509503
9509.75487744 0.63501550
9514.75737869 0.63493600
9519.75987994 0.63485652
9524.76238119 0.63477707
9529.76488244 0.63469764
9534.76738369 0.63461824
9539.76988494 0.63453887
9544.77238619 0.63445952
9549.77488744 0.63438020
9554.77738869 0.63430091
9559.77988994 0.63422164
9564.78239120 0.63414239
9569.78489245 0.63406318
9574.78739370 0.63398398
9579.78989495 0.63390482
9584.79239620 0.63382568
9589.79489745 0.63374656
9594.79739870 0.63366748
9599.79989995 0.63358841
9604.80240120 0.63350938
9609.80490245 0.63343037
9614.80740370 0.63335138
9619.80990495 0.63327242
9624.81240620 0.63319349
9629.81490745 0.63311458
9634.81740870 0.63303570
9639.81990995 0.63295684
9644.82241121 0.63287801
9649.82491246 0.63279921
9654.82741371 0.63272043
9659.82991496 0.63264167
9664.83241621 0.63256294
9669.83491746 0.63248424
9674.83741871 0.63240556
9679.83991996 0.63232691
9684.84242121 0.63224829
9689.84492246 0.63216968
9694.84742371 0.63209111
9699.84992496 0.63201256
9704.85242621 0.63193403
9709.85492746 0.63185553
9714.85742871 0.63177706
9719.85992996 0.63169861
9724.86243122 0.63162019
9729.86493247 0.63154179
9734.86743372 0.63146342
9739.86993497 0.63138507
9744.87243622 0.63130675
9749.87493747 0.63122845
9754.87743872 0.63115018
9759.87993997 0.63107194
9764.88244122 0.63099371
9769.88494247 0.63091552
9774.88744372 0.63083735
9779.88994497 0.63075920
9784.89244622 0.63068108
9789.89494747 0.63060299
9794.89744872 0.63052492
9799.89994997 0.63044687
9804.90245123 0.63036885
9809.90495248 0.63029085
9814.90745373 0.63021288
9819.90995498 0.63013494
9824.91245623 0.63005702
9829.91495748 0.62997912
9834.91745873 0.62990125
9839.91995998 0.62982341
9844.92246123 0.62974559
9849.92496248 0.62966779
9854.92746373 0.62959002
9859.92996498 0.62951227
9864.93246623 0.62943455
9869.93496748 0.62935686
9874.93746873 0.62927918
9879.93996998 0.62920154
9884.94247124 0.62912391
9889.94497249 0.62904632
9894.94747374 0.62896874
9899.94997499 0.62889120
9904.95247624 0.62881367
9909.95497749 0.62873617
9914.95747874 0.62865870
9919.95997999 0.62858125
9924.96248124 0.62850383
9929.96498249 0.62842643
9934.96748374 0.62834905
9939.96998499 0.62827170
9944.97248624 0.62819437
9949.97498749 0.62811707
9954.97748874 0.62803979
9959.97998999 0.62796254
9964.98249125 0.62788531
9969.98499250 0.62780811
9974.98749375 0.62773093
9979.98999500 0.62765377
9984.99249625 0.62757664
9989.99499750 0.62749953
9994.99749875 0.62742245
10000.00000000 0.62734539
