0.00000000 1.00000000
5.00250125 0.98836517
10.00500250 0.98122922
15.00750375 0.97559970
20.01000500 0.97083434
25.01250625 0.96665488
30.01500750 0.96290742
35.01750875 0.95949507
40.02001001 0.95635187
45.02251126 0.95343045
50.02501251 0.95069545
55.02751376 0.94811966
60.03001501 0.94568170
65.03251626 0.94336435
70.03501751 0.94115361
75.03751876 0.93903785
80.04002001 0.93700734
85.04252126 0.93505384
90.04502251 0.93317029
95.04752376 0.93135062
100.05002501 0.92958953
105.05252626 0.92788240
110.05502751 0.92622514
115.05752876 0.92461416
120.06003002 0.92304623
125.06253127 0.92151847
130.06503252 0.92002831
135.06753377 0.91857341
140.07003502 0.91715167
145.07253627 0.91576116
150.07503752 0.91440014
155.07753877 0.91306701
160.08004002 0.91176030
165.08254127 0.91047868
170.08504252 0.90922091
175.08754377 0.90798583
180.09004502 0.90677240
185.09254627 0.90557962
190.09504752 0.90440658
195.09754877 0.90325245
200.10005003 0.90211642
205.10255128 0.90099775
210.10505253 0.89989575
215.10755378 0.89880978
220.11005503 0.89773922
225.11255628 0.89668350
230.11505753 0.89564209
235.11755878 0.89461447
240.12006003 0.89360017
245.12256128 0.89259873
250.12506253 0.89160973
255.12756378 0.89063276
260.13006503 0.88966744
265.13256628 0.88871340
270.13506753 0.88777029
275.13756878 0.88683780
280.14007004 0.88591559
285.14257129 0.88500338
290.14507254 0.88410089
295.14757379 0.88320783
300.15007504 0.88232395
305.15257629 0.88144900
310.15507754 0.88058274
315.15757879 0.87972496
320.16008004 0.87887542
325.16258129 0.87803393
330.16508254 0.87720028
335.16758379 0.87637428
340.17008504 0.87555574
345.17258629 0.87474449
350.17508754 0.87394036
355.17758879 0.87314319
360.18009005 0.87235281
365.18259130 0.87156907
370.18509255 0.87079184
375.18759380 0.87002096
380.19009505 0.86925630
385.19259630 0.86849773
390.19509755 0.86774511
395.19759880 0.86699834
400.20010005 0.86625729
405.20260130 0.86552184
410.20510255 0.86479189
415.20760380 0.86406732
420.21010505 0.86334804
425.21260630 0.86263394
430.21510755 0.86192492
435.21760880 0.86122089
440.22011006 0.86052175
445.22261131 0.85982743
450.22511256 0.85913782
455.22761381 0.85845286
460.23011506 0.85777245
465.23261631 0.85709651
470.23511756 0.85642498
475.23761881 0.85575777
480.24012006 0.85509481
485.24262131 0.85443603
490.24512256 0.85378136
495.24762381 0.85313074
500.25012506 0.85248410
505.25262631 0.85184138
510.25512756 0.85120251
515.25762881 0.85056743
520.26013007 0.84993609
525.26263132 0.84930842
530.26513257 0.84868438
535.26763382 0.84806391
540.27013507 0.84744694
545.27263632 0.84683344
550.27513757 0.84622336
555.27763882 0.84561663
560.28014007 0.84501322
565.28264132 0.84441307
570.28514257 0.84381614
575.28764382 0.84322239
580.29014507 0.84263177
585.29264632 0.84204424
590.29514757 0.84145976
595.29764882 0.84087828
600.30015008 0.84029976
605.30265133 0.83972417
610.30515258 0.83915147
615.30765383 0.83858161
620.31015508 0.83801457
625.31265633 0.83745030
630.31515758 0.83688877
635.31765883 0.83632995
640.32016008 0.83577381
645.32266133 0.83522030
650.32516258 0.83466939
655.32766383 0.83412106
660.33016508 0.83357528
665.33266633 0.83303200
670.33516758 0.83249121
675.33766883 0.83195287
680.34017009 0.83141696
685.34267134 0.83088344
690.34517259 0.83035228
695.34767384 0.82982347
700.35017509 0.82929697
705.35267634 0.82877276
710.35517759 0.82825081
715.35767884 0.82773109
720.36018009 0.82721359
725.36268134 0.82669827
730.36518259 0.82618512
735.36768384 0.82567410
740.37018509 0.82516520
745.37268634 0.82465839
750.37518759 0.82415365
755.37768884 0.82365096
760.38019010 0.82315030
765.38269135 0.82265164
770.38519260 0.82215497
775.38769385 0.82166026
780.39019510 0.82116750
785.39269635 0.82067666
790.39519760 0.82018773
795.39769885 0.81970068
800.40020010 0.81921549
805.40270135 0.81873216
810.40520260 0.81825065
815.40770385 0.81777096
820.41020510 0.81729306
825.41270635 0.81681694
830.41520760 0.81634258
835.41770885 0.81586996
840.42021011 0.81539906
845.42271136 0.81492988
850.42521261 0.81446238
855.42771386 0.81399657
860.43021511 0.81353242
865.43271636 0.81306991
870.43521761 0.81260904
875.43771886 0.81214978
880.44022011 0.81169212
885.44272136 0.81123605
890.44522261 0.81078155
895.44772386 0.81032862
900.45022511 0.80987722
905.45272636 0.80942736
910.45522761 0.80897902
915.45772886 0.80853218
920.46023012 0.80808683
925.46273137 0.80764296
930.46523262 0.80720055
935.46773387 0.80675960
940.47023512 0.80632009
945.47273637 0.80588201
950.47523762 0.80544534
955.47773887 0.80501008
960.48024012 0.80457621
965.48274137 0.80414372
970.48524262 0.80371260
975.48774387 0.80328284
980.49024512 0.80285443
985.49274637 0.80242735
990.49524762 0.80200160
995.49774887 0.80157716
1000.50025013 0.80115403
1005.50275138 0.80073219
1010.50525263 0.80031164
1015.50775388 0.79989236
1020.51025513 0.79947434
1025.51275638 0.79905758
1030.51525763 0.79864206
1035.51775888 0.79822777
1040.52026013 0.79781471
1045.52276138 0.79740287
1050.52526263 0.79699223
1055.52776388 0.79658279
1060.53026513 0.79617453
1065.53276638 0.79576746
1070.53526763 0.79536155
1075.53776888 0.79495680
1080.54027014 0.79455321
1085.54277139 0.79415076
1090.54527264 0.79374945
1095.54777389 0.79334927
1100.55027514 0.79295020
1105.55277639 0.79255225
1110.55527764 0.79215540
1115.55777889 0.79175964
1120.56028014 0.79136497
1125.56278139 0.79097138
1130.56528264 0.79057886
1135.56778389 0.79018741
1140.57028514 0.78979701
1145.57278639 0.78940766
1150.57528764 0.78901936
1155.57778889 0.78863209
1160.58029015 0.78824584
1165.58279140 0.78786062
1170.58529265 0.78747641
1175.58779390 0.78709321
1180.59029515 0.78671101
1185.59279640 0.78632980
1190.59529765 0.78594958
1195.59779890 0.78557033
1200.60030015 0.78519206
1205.60280140 0.78481476
1210.60530265 0.78443842
1215.60780390 0.78406303
1220.61030515 0.78368859
1225.61280640 0.78331509
1230.61530765 0.78294252
1235.61780890 0.78257089
1240.62031016 0.78220018
1245.62281141 0.78183038
1250.62531266 0.78146150
1255.62781391 0.78109352
1260.63031516 0.78072645
1265.63281641 0.78036027
1270.63531766 0.77999497
1275.63781891 0.77963056
1280.64032016 0.77926703
1285.64282141 0.77890436
1290.64532266 0.77854257
1295.64782391 0.77818164
1300.65032516 0.77782156
1305.65282641 0.77746233
1310.65532766 0.77710395
1315.65782891 0.77674641
1320.66033017 0.77638970
1325.66283142 0.77603382
1330.66533267 0.77567877
1335.66783392 0.77532454
1340.67033517 0.77497113
1345.67283642 0.77461852
1350.67533767 0.77426672
1355.67783892 0.77391572
1360.68034017 0.77356552
1365.68284142 0.77321611
1370.68534267 0.77286749
1375.68784392 0.77251964
1380.69034517 0.77217258
1385.69284642 0.77182629
1390.69534767 0.77148077
1395.69784892 0.77113601
1400.70035018 0.77079201
1405.70285143 0.77044877
1410.70535268 0.77010628
1415.70785393 0.76976454
1420.71035518 0.76942354
1425.71285643 0.76908328
1430.71535768 0.76874375
1435.71785893 0.76840495
1440.72036018 0.76806688
1445.72286143 0.76772954
1450.72536268 0.76739291
1455.72786393 0.76705699
1460.73036518 0.76672179
1465.73286643 0.76638729
1470.73536768 0.76605350
1475.73786893 0.76572040
1480.74037019 0.76538800
1485.74287144 0.76505630
1490.74537269 0.76472528
1495.74787394 0.76439494
1500.75037519 0.76406529
1505.75287644 0.76373631
1510.75537769 0.76340800
1515.75787894 0.76308037
1520.76038019 0.76275340
1525.76288144 0.76242709
1530.76538269 0.76210145
1535.76788394 0.76177646
1540.77038519 0.76145212
1545.77288644 0.76112843
1550.77538769 0.76080539
1555.77788894 0.76048298
1560.78039020 0.76016122
1565.78289145 0.75984010
1570.78539270 0.75951960
1575.78789395 0.75919974
1580.79039520 0.75888050
1585.79289645 0.75856189
1590.79539770 0.75824390
1595.79789895 0.75792652
1600.80040020 0.75760976
1605.80290145 0.75729360
1610.80540270 0.75697806
1615.80790395 0.75666312
1620.81040520 0.75634878
1625.81290645 0.75603504
1630.81540770 0.75572190
1635.81790895 0.75540935
1640.82041021 0.75509739
1645.82291146 0.75478602
1650.82541271 0.75447523
1655.82791396 0.75416502
1660.83041521 0.75385540
1665.83291646 0.75354635
1670.83541771 0.75323787
1675.83791896 0.75292996
1680.84042021 0.75262262
1685.84292146 0.75231585
1690.84542271 0.75200964
1695.84792396 0.75170398
1700.85042521 0.75139889
1705.85292646 0.75109435
1710.85542771 0.75079036
1715.85792896 0.75048692
1720.86043022 0.75018403
1725.86293147 0.74988169
1730.86543272 0.74957988
1735.86793397 0.74927862
1740.87043522 0.74897789
1745.87293647 0.74867769
1750.87543772 0.74837803
1755.87793897 0.74807890
1760.88044022 0.74778030
1765.88294147 0.74748222
1770.88544272 0.74718466
1775.88794397 0.74688762
1780.89044522 0.74659111
1785.89294647 0.74629510
1790.89544772 0.74599961
1795.89794897 0.74570464
1800.90045023 0.74541017
1805.90295148 0.74511620
1810.90545273 0.74482274
1815.90795398 0.74452979
1820.91045523 0.74423733
1825.91295648 0.74394537
1830.91545773 0.74365391
1835.91795898 0.74336294
1840.92046023 0.74307246
1845.92296148 0.74278247
1850.92546273 0.74249297
1855.92796398 0.74220396
1860.93046523 0.74191542
1865.93296648 0.74162737
1870.93546773 0.74133980
1875.93796898 0.74105270
1880.94047024 0.74076608
1885.94297149 0.74047993
1890.94547274 0.74019425
1895.94797399 0.73990904
1900.95047524 0.73962430
1905.95297649 0.73934002
1910.95547774 0.73905621
1915.95797899 0.73877286
1920.96048024 0.73848996
1925.96298149 0.73820753
1930.96548274 0.73792555
1935.96798399 0.73764402
1940.97048524 0.73736294
1945.97298649 0.73708232
1950.97548774 0.73680214
1955.97798899 0.73652241
1960.98049025 0.73624313
1965.98299150 0.73596428
1970.98549275 0.73568588
1975.98799400 0.73540792
1980.99049525 0.73513039
1985.99299650 0.73485330
1990.99549775 0.73457664
1995.99799900 0.73430042
2001.00050025 0.73402463
2006.00300150 0.73374926
2011.00550275 0.73347432
2016.00800400 0.73319981
2021.01050525 0.73292572
2026.01300650 0.73265206
2031.01550775 0.73237881
2036.01800900 0.73210599
2041.02051026 0.73183358
2046.02301151 0.73156158
2051.02551276 0.73129000
2056.02801401 0.73101884
2061.03051526 0.73074808
2066.03301651 0.73047773
2071.03551776 0.73020779
2076.03801901 0.72993826
2081.04052026 0.72966913
2086.04302151 0.72940041
2091.04552276 0.72913208
2096.04802401 0.72886416
2101.05052526 0.72859663
2106.05302651 0.72832951
2111.05552776 0.72806277
2116.05802901 0.72779643
2121.06053027 0.72753049
2126.06303152 0.72726493
2131.06553277 0.72699977
2136.06803402 0.72673499
2141.07053527 0.72647060
2146.07303652 0.72620660
2151.07553777 0.72594298
2156.07803902 0.72567974
2161.08054027 0.72541689
2166.08304152 0.72515441
2171.08554277 0.72489231
2176.08804402 0.72463059
2181.09054527 0.72436925
2186.09304652 0.72410827
2191.09554777 0.72384768
2196.09804902 0.72358745
2201.10055028 0.72332760
2206.10305153 0.72306811
2211.10555278 0.72280899
2216.10805403 0.72255024
2221.11055528 0.72229185
2226.11305653 0.72203383
2231.11555778 0.72177617
2236.11805903 0.72151887
2241.12056028 0.72126193
2246.12306153 0.72100535
2251.12556278 0.72074912
2256.12806403 0.72049326
2261.13056528 0.72023775
2266.13306653 0.71998259
2271.13556778 0.71972778
2276.13806903 0.71947333
2281.14057029 0.71921922
2286.14307154 0.71896547
2291.14557279 0.71871206
2296.14807404 0.71845900
2301.15057529 0.71820628
2306.15307654 0.71795391
2311.15557779 0.71770188
2316.15807904 0.71745020
2321.16058029 0.71719885
2326.16308154 0.71694784
2331.16558279 0.71669718
2336.16808404 0.71644685
2341.17058529 0.71619685
2346.17308654 0.71594719
2351.17558779 0.71569787
2356.17808904 0.71544887
2361.18059030 0.71520021
2366.18309155 0.71495188
2371.18559280 0.71470388
2376.18809405 0.71445621
2381.19059530 0.71420886
2386.19309655 0.71396184
2391.19559780 0.71371515
2396.19809905 0.71346878
2401.20060030 0.71322273
2406.20310155 0.71297700
2411.20560280 0.71273160
2416.20810405 0.71248652
2421.21060530 0.71224175
2426.21310655 0.71199730
2431.21560780 0.71175317
2436.21810905 0.71150936
2441.22061031 0.71126585
2446.22311156 0.71102267
2451.22561281 0.71077979
2456.22811406 0.71053723
2461.23061531 0.71029498
2466.23311656 0.71005304
2471.23561781 0.70981141
2476.23811906 0.70957008
2481.24062031 0.70932906
2486.24312156 0.70908835
2491.24562281 0.70884794
2496.24812406 0.70860784
2501.25062531 0.70836804
2506.25312656 0.70812854
2511.25562781 0.70788934
2516.25812906 0.70765044
2521.26063032 0.70741185
2526.26313157 0.70717355
2531.26563282 0.70693554
2536.26813407 0.70669784
2541.27063532 0.70646043
2546.27313657 0.70622331
2551.27563782 0.70598649
2556.27813907 0.70574996
2561.28064032 0.70551372
2566.28314157 0.70527778
2571.28564282 0.70504212
2576.28814407 0.70480675
2581.29064532 0.70457168
2586.29314657 0.70433689
2591.29564782 0.70410238
2596.29814907 0.70386816
2601.30065033 0.70363423
2606.30315158 0.70340058
2611.30565283 0.70316722
2616.30815408 0.70293413
2621.31065533 0.70270133
2626.31315658 0.70246881
2631.31565783 0.70223657
2636.31815908 0.70200461
2641.32066033 0.70177292
2646.32316158 0.70154152
2651.32566283 0.70131039
2656.32816408 0.70107953
2661.33066533 0.70084895
2666.33316658 0.70061865
2671.33566783 0.70038862
2676.33816908 0.70015886
2681.34067034 0.69992937
2686.34317159 0.69970015
2691.34567284 0.69947121
2696.34817409 0.69924253
2701.35067534 0.69901412
2706.35317659 0.69878598
2711.35567784 0.69855811
2716.35817909 0.69833050
2721.36068034 0.69810316
2726.36318159 0.69787609
2731.36568284 0.69764927
2736.36818409 0.69742272
2741.37068534 0.69719644
2746.37318659 0.69697041
2751.37568784 0.69674465
2756.37818909 0.69651915
2761.38069035 0.69629390
2766.38319160 0.69606892
2771.38569285 0.69584419
2776.38819410 0.69561972
2781.39069535 0.69539551
2786.39319660 0.69517155
2791.39569785 0.69494785
2796.39819910 0.69472441
2801.40070035 0.69450121
2806.40320160 0.69427827
2811.40570285 0.69405559
2816.40820410 0.69383315
2821.41070535 0.69361097
2826.41320660 0.69338903
2831.41570785 0.69316735
2836.41820910 0.69294591
2841.42071036 0.69272472
2846.42321161 0.69250378
2851.42571286 0.69228309
2856.42821411 0.69206265
2861.43071536 0.69184244
2866.43321661 0.69162249
2871.43571786 0.69140278
2876.43821911 0.69118331
2881.44072036 0.69096408
2886.44322161 0.69074510
2891.44572286 0.69052636
2896.44822411 0.69030786
2901.45072536 0.69008960
2906.45322661 0.68987158
2911.45572786 0.68965380
2916.45822911 0.68943625
2921.46073037 0.68921895
2926.46323162 0.68900188
2931.46573287 0.68878505
2936.46823412 0.68856845
2941.47073537 0.68835209
2946.47323662 0.68813597
2951.47573787 0.68792008
2956.47823912 0.68770442
2961.48074037 0.68748899
2966.48324162 0.68727380
2971.48574287 0.68705884
2976.48824412 0.68684411
2981.49074537 0.68662961
2986.49324662 0.68641534
2991.49574787 0.68620130
2996.49824912 0.68598748
3001.50075038 0.68577390
3006.50325163 0.68556054
3011.50575288 0.68534741
3016.50825413 0.68513451
3021.51075538 0.68492183
3026.51325663 0.68470938
3031.51575788 0.68449715
3036.51825913 0.68428514
3041.52076038 0.68407336
3046.52326163 0.68386180
3051.52576288 0.68365046
3056.52826413 0.68343935
3061.53076538 0.68322846
3066.53326663 0.68301778
3071.53576788 0.68280733
3076.53826913 0.68259709
3081.54077039 0.68238708
3086.54327164 0.68217728
3091.54577289 0.68196770
3096.54827414 0.68175834
3101.55077539 0.68154920
3106.55327664 0.68134027
3111.55577789 0.68113155
3116.55827914 0.68092305
3121.56078039 0.68071477
3126.56328164 0.68050670
3131.56578289 0.68029884
3136.56828414 0.68009120
3141.57078539 0.67988377
3146.57328664 0.67967655
3151.57578789 0.67946954
3156.57828914 0.67926274
3161.58079040 0.67905616
3166.58329165 0.67884978
3171.58579290 0.67864361
3176.58829415 0.67843765
3181.59079540 0.67823190
3186.59329665 0.67802636
3191.59579790 0.67782102
3196.59829915 0.67761590
3201.60080040 0.67741097
3206.60330165 0.67720626
3211.60580290 0.67700174
3216.60830415 0.67679744
3221.61080540 0.67659334
3226.61330665 0.67638944
3231.61580790 0.67618574
3236.61830915 0.67598225
3241.62081041 0.67577896
3246.62331166 0.67557587
3251.62581291 0.67537298
3256.62831416 0.67517030
3261.63081541 0.67496781
3266.63331666 0.67476552
3271.63581791 0.67456344
3276.63831916 0.67436155
3281.64082041 0.67415986
3286.64332166 0.67395837
3291.64582291 0.67375708
3296.64832416 0.67355598
3301.65082541 0.67335508
3306.65332666 0.67315438
3311.65582791 0.67295387
3316.65832916 0.67275356
3321.66083042 0.67255344
3326.66333167 0.67235352
3331.66583292 0.67215379
3336.66833417 0.67195425
3341.67083542 0.67175491
3346.67333667 0.67155576
3351.67583792 0.67135680
3356.67833917 0.67115803
3361.68084042 0.67095946
3366.68334167 0.67076107
3371.68584292 0.67056288
3376.68834417 0.67036487
3381.69084542 0.67016706
3386.69334667 0.66996943
3391.69584792 0.66977200
3396.69834917 0.66957475
3401.70085043 0.66937769
3406.70335168 0.66918081
3411.70585293 0.66898413
3416.70835418 0.66878762
3421.71085543 0.66859131
3426.71335668 0.66839518
3431.71585793 0.66819924
3436.71835918 0.66800348
3441.72086043 0.66780791
3446.72336168 0.66761252
3451.72586293 0.66741731
3456.72836418 0.66722229
3461.73086543 0.66702744
3466.73336668 0.66683279
3471.73586793 0.66663831
3476.73836918 0.66644401
3481.74087044 0.66624990
3486.74337169 0.66605597
3491.74587294 0.66586221
3496.74837419 0.66566864
3501.75087544 0.66547525
3506.75337669 0.66528203
3511.75587794 0.66508900
3516.75837919 0.66489614
3521.76088044 0.66470346
3526.76338169 0.66451096
3531.76588294 0.66431864
3536.76838419 0.66412649
3541.77088544 0.66393452
3546.77338669 0.66374272
3551.77588794 0.66355110
3556.77838919 0.66335966
3561.78089045 0.66316839
3566.78339170 0.66297729
3571.78589295 0.66278637
3576.78839420 0.66259562
3581.79089545 0.66240505
3586.79339670 0.66221465
3591.79589795 0.66202442
3596.79839920 0.66183437
3601.80090045 0.66164448
3606.80340170 0.66145477
3611.80590295 0.66126523
3616.80840420 0.66107586
3621.81090545 0.66088666
3626.81340670 0.66069763
3631.81590795 0.66050877
3636.81840920 0.66032007
3641.82091046 0.66013155
3646.82341171 0.65994320
3651.82591296 0.65975501
3656.82841421 0.65956700
3661.83091546 0.65937915
3666.83341671 0.65919146
3671.83591796 0.65900395
3676.83841921 0.65881660
3681.84092046 0.65862941
3686.84342171 0.65844240
3691.84592296 0.65825554
3696.84842421 0.65806886
3701.85092546 0.65788233
3706.85342671 0.65769598
3711.85592796 0.65750978
3716.85842921 0.65732375
3721.86093047 0.65713789
3726.86343172 0.65695218
3731.86593297 0.65676664
3736.86843422 0.65658126
3741.87093547 0.65639605
3746.87343672 0.65621099
3751.87593797 0.65602610
3756.87843922 0.65584136
3761.88094047 0.65565679
3766.88344172 0.65547238
3771.88594297 0.65528813
3776.88844422 0.65510404
3781.89094547 0.65492011
3786.89344672 0.65473633
3791.89594797 0.65455272
3796.89844922 0.65436926
3801.90095048 0.65418596
3806.90345173 0.65400282
3811.90595298 0.65381984
3816.90845423 0.65363701
3821.91095548 0.65345435
3826.91345673 0.65327183
3831.91595798 0.65308948
3836.91845923 0.65290728
3841.92096048 0.65272523
3846.92346173 0.65254334
3851.92596298 0.65236161
3856.92846423 0.65218003
3861.93096548 0.65199860
3866.93346673 0.65181733
3871.93596798 0.65163621
3876.93846923 0.65145525
3881.94097049 0.65127444
3886.94347174 0.65109378
3891.94597299 0.65091327
3896.94847424 0.65073292
3901.95097549 0.65055272
3906.95347674 0.65037267
3911.95597799 0.65019277
3916.95847924 0.65001302
3921.96098049 0.64983342
3926.96348174 0.64965397
3931.96598299 0.64947468
3936.96848424 0.64929553
3941.97098549 0.64911653
3946.97348674 0.64893768
3951.97598799 0.64875898
3956.97848924 0.64858043
3961.98099050 0.64840203
3966.98349175 0.64822378
3971.98599300 0.64804567
3976.98849425 0.64786771
3981.99099550 0.64768990
3986.99349675 0.64751223
3991.99599800 0.64733471
3996.99849925 0.64715734
4002.00100050 0.64698012
4007.00350175 0.64680304
4012.00600300 0.64662610
4017.00850425 0.64644931
4022.01100550 0.64627267
4027.01350675 0.64609617
4032.01600800 0.64591981
4037.01850925 0.64574360
4042.02101051 0.64556753
4047.02351176 0.64539161
4052.02601301 0.64521583
4057.02851426 0.64504019
4062.03101551 0.64486469
4067.03351676 0.64468934
4072.03601801 0.64451413
4077.03851926 0.64433906
4082.04102051 0.64416413
4087.04352176 0.64398935
4092.04602301 0.64381470
4097.04852426 0.64364020
4102.05102551 0.64346584
4107.05352676 0.64329161
4112.05602801 0.64311753
4117.05852926 0.64294359
4122.06103052 0.64276979
4127.06353177 0.64259612
4132.06603302 0.64242260
4137.06853427 0.64224921
4142.07103552 0.64207596
4147.07353677 0.64190285
4152.07603802 0.64172988
4157.07853927 0.64155705
4162.08104052 0.64138435
4167.08354177 0.64121179
4172.08604302 0.64103937
4177.08854427 0.64086709
4182.09104552 0.64069494
4187.09354677 0.64052292
4192.09604802 0.64035105
4197.09854927 0.64017931
4202.10105053 0.64000770
4207.10355178 0.63983623
4212.10605303 0.63966490
4217.10855428 0.63949370
4222.11105553 0.63932263
4227.11355678 0.63915170
4232.11605803 0.63898090
4237.11855928 0.63881024
4242.12106053 0.63863970
4247.12356178 0.63846931
4252.12606303 0.63829904
4257.12856428 0.63812891
4262.13106553 0.63795891
4267.13356678 0.63778905
4272.13606803 0.63761931
4277.13856928 0.63744971
4282.14107054 0.63728024
4287.14357179 0.63711090
4292.14607304 0.63694169
4297.14857429 0.63677261
4302.15107554 0.63660366
4307.15357679 0.63643485
4312.15607804 0.63626616
4317.15857929 0.63609760
4322.16108054 0.63592917
4327.16358179 0.63576088
4332.16608304 0.63559271
4337.16858429 0.63542467
4342.17108554 0.63525676
4347.17358679 0.63508898
4352.17608804 0.63492132
4357.17858929 0.63475380
4362.18109055 0.63458640
4367.18359180 0.63441913
4372.18609305 0.63425199
4377.18859430 0.63408497
4382.19109555 0.63391808
4387.19359680 0.63375132
4392.19609805 0.63358468
4397.19859930 0.63341818
4402.20110055 0.63325179
4407.20360180 0.63308554
4412.20610305 0.63291940
4417.20860430 0.63275340
4422.21110555 0.63258752
4427.21360680 0.63242176
4432.21610805 0.63225613
4437.21860930 0.63209062
4442.22111056 0.63192524
4447.22361181 0.63175998
4452.22611306 0.63159485
4457.22861431 0.63142984
4462.23111556 0.63126495
4467.23361681 0.63110019
4472.23611806 0.63093555
4477.23861931 0.63077103
4482.24112056 0.63060663
4487.24362181 0.63044236
4492.24612306 0.63027821
4497.24862431 0.63011418
4502.25112556 0.62995028
4507.25362681 0.62978649
4512.25612806 0.62962283
4517.25862931 0.62945928
4522.26113057 0.62929586
4527.26363182 0.62913256
4532.26613307 0.62896938
4537.26863432 0.62880632
4542.27113557 0.62864338
4547.27363682 0.62848056
4552.27613807 0.62831786
4557.27863932 0.62815528
4562.28114057 0.62799282
4567.28364182 0.62783048
4572.28614307 0.62766825
4577.28864432 0.62750615
4582.29114557 0.62734416
4587.29364682 0.62718229
4592.29614807 0.62702054
4597.29864932 0.62685891
4602.30115058 0.62669740
4607.30365183 0.62653600
4612.30615308 0.62637472
4617.30865433 0.62621356
4622.31115558 0.62605252
4627.31365683 0.62589159
4632.31615808 0.62573077
4637.31865933 0.62557008
4642.32116058 0.62540950
4647.32366183 0.62524904
4652.32616308 0.62508869
4657.32866433 0.62492846
4662.33116558 0.62476834
4667.33366683 0.62460834
4672.33616808 0.62444845
4677.33866933 0.62428868
4682.34117059 0.62412902
4687.34367184 0.62396948
4692.34617309 0.62381005
4697.34867434 0.62365074
4702.35117559 0.62349154
4707.35367684 0.62333245
4712.35617809 0.62317348
4717.35867934 0.62301462
4722.36118059 0.62285587
4727.36368184 0.62269724
4732.36618309 0.62253872
4737.36868434 0.62238031
4742.37118559 0.62222201
4747.37368684 0.62206383
4752.37618809 0.62190576
4757.37868934 0.62174780
4762.38119060 0.62158995
4767.38369185 0.62143221
4772.38619310 0.62127459
4777.38869435 0.62111708
4782.39119560 0.62095967
4787.39369685 0.62080238
4792.39619810 0.62064520
4797.39869935 0.62048813
4802.40120060 0.62033117
4807.40370185 0.62017431
4812.40620310 0.62001757
4817.40870435 0.61986094
4822.41120560 0.61970442
4827.41370685 0.61954801
4832.41620810 0.61939170
4837.41870935 0.61923551
4842.42121061 0.61907942
4847.42371186 0.61892345
4852.42621311 0.61876758
4857.42871436 0.61861182
4862.43121561 0.61845617
4867.43371686 0.61830062
4872.43621811 0.61814519
4877.43871936 0.61798986
4882.44122061 0.61783464
4887.44372186 0.61767952
4892.44622311 0.61752452
4897.44872436 0.61736962
4902.45122561 0.61721483
4907.45372686 0.61706014
4912.45622811 0.61690556
4917.45872936 0.61675109
4922.46123062 0.61659672
4927.46373187 0.61644246
4932.46623312 0.61628830
4937.46873437 0.61613425
4942.47123562 0.61598031
4947.47373687 0.61582647
4952.47623812 0.61567273
4957.47873937 0.61551911
4962.48124062 0.61536558
4967.48374187 0.61521216
4972.48624312 0.61505885
4977.48874437 0.61490564
4982.49124562 0.61475253
4987.49374687 0.61459953
4992.49624812 0.61444663
4997.49874937 0.61429383
5002.50125063 0.61414114
5007.50375188 0.61398855
5012.50625313 0.61383607
5017.50875438 0.61368369
5022.51125563 0.61353141
5027.51375688 0.61337923
5032.51625813 0.61322716
5037.51875938 0.61307518
5042.52126063 0.61292331
5047.52376188 0.61277155
5052.52626313 0.61261988
5057.52876438 0.61246832
5062.53126563 0.61231686
5067.53376688 0.61216550
5072.53626813 0.61201424
5077.53876938 0.61186308
5082.54127064 0.61171202
5087.54377189 0.61156107
5092.54627314 0.61141021
5097.54877439 0.61125946
5102.55127564 0.61110880
5107.55377689 0.61095825
5112.55627814 0.61080780
5117.55877939 0.61065744
5122.56128064 0.61050719
5127.56378189 0.61035703
5132.56628314 0.61020698
5137.56878439 0.61005702
5142.57128564 0.60990716
5147.57378689 0.60975741
5152.57628814 0.60960775
5157.57878939 0.60945819
5162.58129065 0.60930873
5167.58379190 0.60915936
5172.58629315 0.60901010
5177.58879440 0.60886093
5182.59129565 0.60871187
5187.59379690 0.60856289
5192.59629815 0.60841402
5197.59879940 0.60826525
5202.60130065 0.60811657
5207.60380190 0.60796799
5212.60630315 0.60781951
5217.60880440 0.60767112
5222.61130565 0.60752283
5227.61380690 0.60737464
5232.61630815 0.60722654
5237.61880940 0.60707854
5242.62131066 0.60693064
5247.62381191 0.60678283
5252.62631316 0.60663512
5257.62881441 0.60648750
5262.63131566 0.60633998
5267.63381691 0.60619256
5272.63631816 0.60604523
5277.63881941 0.60589800
5282.64132066 0.60575086
5287.64382191 0.60560382
5292.64632316 0.60545687
5297.64882441 0.60531001
5302.65132566 0.60516326
5307.65382691 0.60501659
5312.65632816 0.60487002
5317.65882941 0.60472355
5322.66133067 0.60457716
5327.66383192 0.60443088
5332.66633317 0.60428468
5337.66883442 0.60413858
5342.67133567 0.60399257
5347.67383692 0.60384666
5352.67633817 0.60370084
5357.67883942 0.60355511
5362.68134067 0.60340948
5367.68384192 0.60326394
5372.68634317 0.60311849
5377.68884442 0.60297313
5382.69134567 0.60282787
5387.69384692 0.60268270
5392.69634817 0.60253762
5397.69884942 0.60239263
5402.70135068 0.60224774
5407.70385193 0.60210293
5412.70635318 0.60195822
5417.70885443 0.60181360
5422.71135568 0.60166907
5427.71385693 0.60152463
5432.71635818 0.60138029
5437.71885943 0.60123603
5442.72136068 0.60109187
5447.72386193 0.60094779
5452.72636318 0.60080381
5457.72886443 0.60065992
5462.73136568 0.60051612
5467.73386693 0.60037240
5472.73636818 0.60022878
5477.73886943 0.60008525
5482.74137069 0.59994181
5487.74387194 0.59979846
5492.74637319 0.59965519
5497.74887444 0.59951202
5502.75137569 0.59936894
5507.75387694 0.59922594
5512.75637819 0.59908303
5517.75887944 0.59894022
5522.76138069 0.59879749
5527.76388194 0.59865485
5532.76638319 0.59851230
5537.76888444 0.59836984
5542.77138569 0.59822746
5547.77388694 0.59808518
5552.77638819 0.59794298
5557.77888944 0.59780087
5562.78139070 0.59765885
5567.78389195 0.59751692
5572.78639320 0.59737507
5577.78889445 0.59723331
5582.79139570 0.59709164
5587.79389695 0.59695006
5592.79639820 0.59680856
5597.79889945 0.59666715
5602.80140070 0.59652583
5607.80390195 0.59638459
5612.80640320 0.59624344
5617.80890445 0.59610238
5622.81140570 0.59596140
5627.81390695 0.59582051
5632.81640820 0.59567971
5637.81890945 0.59553899
5642.82141071 0.59539836
5647.82391196 0.59525781
5652.82641321 0.59511735
5657.82891446 0.59497698
5662.83141571 0.59483669
5667.83391696 0.59469648
5672.83641821 0.59455636
5677.83891946 0.59441633
5682.84142071 0.59427638
5687.84392196 0.59413652
5692.84642321 0.59399674
5697.84892446 0.59385705
5702.85142571 0.59371744
5707.85392696 0.59357791
5712.85642821 0.59343847
5717.85892946 0.59329911
5722.86143072 0.59315984
5727.86393197 0.59302065
5732.86643322 0.59288155
5737.86893447 0.59274253
5742.87143572 0.59260359
5747.87393697 0.59246473
5752.87643822 0.59232596
5757.87893947 0.59218728
5762.88144072 0.59204867
5767.88394197 0.59191015
5772.88644322 0.59177171
5777.88894447 0.59163336
5782.89144572 0.59149509
5787.89394697 0.59135690
5792.89644822 0.59121879
5797.89894947 0.59108076
5802.90145073 0.59094282
5807.90395198 0.59080496
5812.90645323 0.59066718
5817.90895448 0.59052949
5822.91145573 0.59039187
5827.91395698 0.59025434
5832.91645823 0.59011689
5837.91895948 0.58997952
5842.92146073 0.58984223
5847.92396198 0.58970503
5852.92646323 0.58956790
5857.92896448 0.58943086
5862.93146573 0.58929389
5867.93396698 0.58915701
5872.93646823 0.58902021
5877.93896948 0.58888349
5882.94147074 0.58874685
5887.94397199 0.58861029
5892.94647324 0.58847381
5897.94897449 0.58833741
5902.95147574 0.58820109
5907.95397699 0.58806485
5912.95647824 0.58792869
5917.95897949 0.58779262
5922.96148074 0.58765662
5927.96398199 0.58752070
5932.96648324 0.58738486
5937.96898449 0.58724910
5942.97148574 0.58711341
5947.97398699 0.58697781
5952.97648824 0.58684229
5957.97898949 0.58670685
5962.98149075 0.58657148
5967.98399200 0.58643619
5972.98649325 0.58630099
5977.98899450 0.58616586
5982.99149575 0.58603081
5987.99399700 0.58589584
5992.99649825 0.58576094
5997.99899950 0.58562613
6003.00150075 0.58549139
6008.00400200 0.58535673
6013.00650325 0.58522215
6018.00900450 0.58508765
6023.01150575 0.58495322
6028.01400700 0.58481887
6033.01650825 0.58468460
6038.01900950 0.58455041
6043.02151076 0.58441629
6048.02401201 0.58428225
6053.02651326 0.58414829
6058.02901451 0.58401441
6063.03151576 0.58388060
6068.03401701 0.58374687
6073.03651826 0.58361321
6078.03901951 0.58347964
6083.04152076 0.58334613
6088.04402201 0.58321271
6093.04652326 0.58307936
6098.04902451 0.58294609
6103.05152576 0.58281289
6108.05402701 0.58267977
6113.05652826 0.58254673
6118.05902951 0.58241376
6123.06153077 0.58228087
6128.06403202 0.58214805
6133.06653327 0.58201531
6138.06903452 0.58188265
6143.07153577 0.58175005
6148.07403702 0.58161754
6153.07653827 0.58148510
6158.07903952 0.58135274
6163.08154077 0.58122045
6168.08404202 0.58108823
6173.08654327 0.58095609
6178.08904452 0.58082403
6183.09154577 0.58069203
6188.09404702 0.58056012
6193.09654827 0.58042828
6198.09904952 0.58029651
6203.10155078 0.58016482
6208.10405203 0.58003320
6213.10655328 0.57990165
6218.10905453 0.57977018
6223.11155578 0.57963878
6228.11405703 0.57950746
6233.11655828 0.57937621
6238.11905953 0.57924503
6243.12156078 0.57911393
6248.12406203 0.57898290
6253.12656328 0.57885195
6258.12906453 0.57872106
6263.13156578 0.57859026
6268.13406703 0.57845952
6273.13656828 0.57832886
6278.13906953 0.57819826
6283.14157079 0.57806775
6288.14407204 0.57793730
6293.14657329 0.57780693
6298.14907454 0.57767663
6303.15157579 0.57754640
6308.15407704 0.57741625
6313.15657829 0.57728616
6318.15907954 0.57715615
6323.16158079 0.57702622
6328.16408204 0.57689635
6333.16658329 0.57676655
6338.16908454 0.57663683
6343.17158579 0.57650718
6348.17408704 0.57637760
6353.17658829 0.57624809
6358.17908954 0.57611866
6363.18159080 0.57598929
6368.18409205 0.57586000
6373.18659330 0.57573077
6378.18909455 0.57560162
6383.19159580 0.57547254
6388.19409705 0.57534353
6393.19659830 0.57521459
6398.19909955 0.57508573
6403.20160080 0.57495693
6408.20410205 0.57482820
6413.20660330 0.57469955
6418.20910455 0.57457096
6423.21160580 0.57444245
6428.21410705 0.57431400
6433.21660830 0.57418563
6438.21910955 0.57405732
6443.22161081 0.57392909
6448.22411206 0.57380092
6453.22661331 0.57367283
6458.22911456 0.57354480
6463.23161581 0.57341685
6468.23411706 0.57328896
6473.23661831 0.57316114
6478.23911956 0.57303340
6483.24162081 0.57290572
6488.24412206 0.57277811
6493.24662331 0.57265057
6498.24912456 0.57252310
6503.25162581 0.57239570
6508.25412706 0.57226837
6513.25662831 0.57214110
6518.25912956 0.57201391
6523.26163082 0.57188678
6528.26413207 0.57175973
6533.26663332 0.57163274
6538.26913457 0.57150582
6543.27163582 0.57137896
6548.27413707 0.57125218
6553.27663832 0.57112546
6558.27913957 0.57099882
6563.28164082 0.57087224
6568.28414207 0.57074573
6573.28664332 0.57061928
6578.28914457 0.57049291
6583.29164582 0.57036660
6588.29414707 0.57024036
6593.29664832 0.57011419
6598.29914957 0.56998808
6603.30165083 0.56986204
6608.30415208 0.56973607
6613.30665333 0.56961017
6618.30915458 0.56948433
6623.31165583 0.56935856
6628.31415708 0.56923286
6633.31665833 0.56910723
6638.31915958 0.56898166
6643.32166083 0.56885616
6648.32416208 0.56873072
6653.32666333 0.56860535
6658.32916458 0.56848005
6663.33166583 0.56835482
6668.33416708 0.56822965
6673.33666833 0.56810454
6678.33916958 0.56797951
6683.34167084 0.56785454
6688.34417209 0.56772963
6693.34667334 0.56760480
6698.34917459 0.56748002
6703.35167584 0.56735532
6708.35417709 0.56723068
6713.35667834 0.56710610
6718.35917959 0.56698159
6723.36168084 0.56685715
6728.36418209 0.56673277
6733.36668334 0.56660846
6738.36918459 0.56648421
6743.37168584 0.56636003
6748.37418709 0.56623591
6753.37668834 0.56611186
6758.37918959 0.56598787
6763.38169085 0.56586395
6768.38419210 0.56574009
6773.38669335 0.56561630
6778.38919460 0.56549257
6783.39169585 0.56536891
6788.39419710 0.56524531
6793.39669835 0.56512178
6798.39919960 0.56499831
6803.40170085 0.56487490
6808.40420210 0.56475156
6813.40670335 0.56462829
6818.40920460 0.56450507
6823.41170585 0.56438193
6828.41420710 0.56425884
6833.41670835 0.56413582
6838.41920960 0.56401286
6843.42171086 0.56388997
6848.42421211 0.56376714
6853.42671336 0.56364438
6858.42921461 0.56352168
6863.43171586 0.56339904
6868.43421711 0.56327646
6873.43671836 0.56315395
6878.43921961 0.56303150
6883.44172086 0.56290912
6888.44422211 0.56278679
6893.44672336 0.56266454
6898.44922461 0.56254234
6903.45172586 0.56242021
6908.45422711 0.56229814
6913.45672836 0.56217613
6918.45922961 0.56205418
6923.46173087 0.56193230
6928.46423212 0.56181048
6933.46673337 0.56168872
6938.46923462 0.56156703
6943.47173587 0.56144540
6948.47423712 0.56132383
6953.47673837 0.56120232
6958.47923962 0.56108087
6963.48174087 0.56095949
6968.48424212 0.56083817
6973.48674337 0.56071691
6978.48924462 0.56059571
6983.49174587 0.56047458
6988.49424712 0.56035350
6993.49674837 0.56023249
6998.49924962 0.56011154
7003.50175088 0.55999065
7008.50425213 0.55986982
7013.50675338 0.55974905
7018.50925463 0.55962835
7023.51175588 0.55950770
7028.51425713 0.55938712
7033.51675838 0.55926660
7038.51925963 0.55914614
7043.52176088 0.55902574
7048.52426213 0.55890540
7053.52676338 0.55878512
7058.52926463 0.55866491
7063.53176588 0.55854475
7068.53426713 0.55842465
7073.53676838 0.55830462
7078.53926963 0.55818465
7083.54177089 0.55806473
7088.54427214 0.55794488
7093.54677339 0.55782508
7098.54927464 0.55770535
7103.55177589 0.55758568
7108.55427714 0.55746607
7113.55677839 0.55734651
7118.55927964 0.55722702
7123.56178089 0.55710759
7128.56428214 0.55698821
7133.56678339 0.55686890
7138.56928464 0.55674965
7143.57178589 0.55663045
7148.57428714 0.55651132
7153.57678839 0.55639225
7158.57928964 0.55627323
7163.58179090 0.55615428
7168.58429215 0.55603538
7173.58679340 0.55591654
7178.58929465 0.55579776
7183.59179590 0.55567905
7188.59429715 0.55556039
7193.59679840 0.55544179
7198.59929965 0.55532324
7203.60180090 0.55520476
7208.60430215 0.55508634
7213.60680340 0.55496797
7218.60930465 0.55484967
7223.61180590 0.55473142
7228.61430715 0.55461323
7233.61680840 0.55449510
7238.61930965 0.55437703
7243.62181091 0.55425901
7248.62431216 0.55414106
7253.62681341 0.55402316
7258.62931466 0.55390532
7263.63181591 0.55378754
7268.63431716 0.55366982
7273.63681841 0.55355215
7278.63931966 0.55343455
7283.64182091 0.55331700
7288.64432216 0.55319951
7293.64682341 0.55308208
7298.64932466 0.55296470
7303.65182591 0.55284738
7308.65432716 0.55273012
7313.65682841 0.55261292
7318.65932966 0.55249577
7323.66183092 0.55237869
7328.66433217 0.55226166
7333.66683342 0.55214468
7338.66933467 0.55202777
7343.67183592 0.55191091
7348.67433717 0.55179411
7353.67683842 0.55167736
7358.67933967 0.55156068
7363.68184092 0.55144405
7368.68434217 0.55132747
7373.68684342 0.55121096
7378.68934467 0.55109450
7383.69184592 0.55097809
7388.69434717 0.55086175
7393.69684842 0.55074546
7398.69934967 0.55062922
7403.70185093 0.55051304
7408.70435218 0.55039692
7413.70685343 0.55028086
7418.70935468 0.55016485
7423.71185593 0.55004890
7428.71435718 0.54993300
7433.71685843 0.54981716
7438.71935968 0.54970138
7443.72186093 0.54958565
7448.72436218 0.54946998
7453.72686343 0.54935436
7458.72936468 0.54923880
7463.73186593 0.54912330
7468.73436718 0.54900785
7473.73686843 0.54889246
7478.73936968 0.54877712
7483.74187094 0.54866184
7488.74437219 0.54854661
7493.74687344 0.54843144
7498.74937469 0.54831633
7503.75187594 0.54820127
7508.75437719 0.54808626
7513.75687844 0.54797131
7518.75937969 0.54785642
7523.76188094 0.54774158
7528.76438219 0.54762679
7533.76688344 0.54751206
7538.76938469 0.54739739
7543.77188594 0.54728277
7548.77438719 0.54716820
7553.77688844 0.54705369
7558.77938969 0.54693924
7563.78189095 0.54682484
7568.78439220 0.54671049
7573.78689345 0.54659620
7578.78939470 0.54648196
7583.79189595 0.54636778
7588.79439720 0.54625365
7593.79689845 0.54613957
7598.79939970 0.54602555
7603.80190095 0.54591159
7608.80440220 0.54579767
7613.80690345 0.54568382
7618.80940470 0.54557001
7623.81190595 0.54545626
7628.81440720 0.54534256
7633.81690845 0.54522892
7638.81940970 0.54511533
7643.82191096 0.54500180
7648.82441221 0.54488832
7653.82691346 0.54477489
7658.82941471 0.54466152
7663.83191596 0.54454820
7668.83441721 0.54443493
7673.83691846 0.54432171
7678.83941971 0.54420855
7683.84192096 0.54409545
7688.84442221 0.54398239
7693.84692346 0.54386939
7698.84942471 0.54375645
7703.85192596 0.54364355
7708.85442721 0.54353071
7713.85692846 0.54341792
7718.85942971 0.54330519
7723.86193097 0.54319250
7728.86443222 0.54307987
7733.86693347 0.54296730
7738.86943472 0.54285477
7743.87193597 0.54274230
7748.87443722 0.54262988
7753.87693847 0.54251752
7758.87943972 0.54240520
7763.88194097 0.54229294
7768.88444222 0.54218073
7773.88694347 0.54206858
7778.88944472 0.54195647
7783.89194597 0.54184442
7788.89444722 0.54173242
7793.89694847 0.54162047
7798.89944972 0.54150858
7803.90195098 0.54139673
7808.90445223 0.54128494
7813.90695348 0.54117320
7818.90945473 0.54106151
7823.91195598 0.54094988
7828.91445723 0.54083829
7833.91695848 0.54072676
7838.91945973 0.54061528
7843.92196098 0.54050385
7848.92446223 0.54039247
7853.92696348 0.54028115
7858.92946473 0.54016987
7863.93196598 0.54005865
7868.93446723 0.53994748
7873.93696848 0.53983635
7878.93946973 0.53972529
7883.94197099 0.53961427
7888.94447224 0.53950330
7893.94697349 0.53939238
7898.94947474 0.53928152
7903.95197599 0.53917071
7908.95447724 0.53905994
7913.95697849 0.53894923
7918.95947974 0.53883857
7923.96198099 0.53872796
7928.96448224 0.53861740
7933.96698349 0.53850689
7938.96948474 0.53839643
7943.97198599 0.53828603
7948.97448724 0.53817567
7953.97698849 0.53806536
7958.97948974 0.53795511
7963.98199100 0.53784490
7968.98449225 0.53773475
7973.98699350 0.53762464
7978.98949475 0.53751459
7983.99199600 0.53740458
7988.99449725 0.53729463
7993.99699850 0.53718473
7998.99949975 0.53707487
8004.00200100 0.53696507
8009.00450225 0.53685531
8014.00700350 0.53674561
8019.00950475 0.53663596
8024.01200600 0.53652635
8029.01450725 0.53641680
8034.01700850 0.53630729
8039.01950975 0.53619784
8044.02201101 0.53608843
8049.02451226 0.53597908
8054.02701351 0.53586977
8059.02951476 0.53576051
8064.03201601 0.53565131
8069.03451726 0.53554215
8074.03701851 0.53543304
8079.03951976 0.53532398
8084.04202101 0.53521497
8089.04452226 0.53510601
8094.04702351 0.53499710
8099.04952476 0.53488824
8104.05202601 0.53477942
8109.05452726 0.53467066
8114.05702851 0.53456194
8119.05952976 0.53445328
8124.06203102 0.53434466
8129.06453227 0.53423609
8134.06703352 0.53412757
8139.06953477 0.53401910
8144.07203602 0.53391068
8149.07453727 0.53380231
8154.07703852 0.53369398
8159.07953977 0.53358570
8164.08204102 0.53347748
8169.08454227 0.53336930
8174.08704352 0.53326117
8179.08954477 0.53315308
8184.09204602 0.53304505
8189.09454727 0.53293706
8194.09704852 0.53282912
8199.09954977 0.53272123
8204.10205103 0.53261339
8209.10455228 0.53250560
8214.10705353 0.53239785
8219.10955478 0.53229016
8224.11205603 0.53218251
8229.11455728 0.53207491
8234.11705853 0.53196735
8239.11955978 0.53185985
8244.12206103 0.53175239
8249.12456228 0.53164498
8254.12706353 0.53153762
8259.12956478 0.53143030
8264.13206603 0.53132304
8269.13456728 0.53121582
8274.13706853 0.53110864
8279.13956978 0.53100152
8284.14207104 0.53089444
8289.14457229 0.53078741
8294.14707354 0.53068043
8299.14957479 0.53057349
8304.15207604 0.53046661
8309.15457729 0.53035977
8314.15707854 0.53025297
8319.15957979 0.53014623
8324.16208104 0.53003953
8329.16458229 0.52993287
8334.16708354 0.52982627
8339.16958479 0.52971971
8344.17208604 0.52961320
8349.17458729 0.52950674
8354.17708854 0.52940032
8359.17958979 0.52929395
8364.18209105 0.52918762
8369.18459230 0.52908134
8374.18709355 0.52897511
8379.18959480 0.52886893
8384.19209605 0.52876279
8389.19459730 0.52865670
8394.19709855 0.52855066
8399.19959980 0.52844466
8404.20210105 0.52833871
8409.20460230 0.52823280
8414.20710355 0.52812694
8419.20960480 0.52802113
8424.21210605 0.52791536
8429.21460730 0.52780964
8434.21710855 0.52770397
8439.21960980 0.52759834
8444.22211106 0.52749276
8449.22461231 0.52738722
8454.22711356 0.52728173
8459.22961481 0.52717628
8464.23211606 0.52707089
8469.23461731 0.52696553
8474.23711856 0.52686023
8479.23961981 0.52675496
8484.24212106 0.52664975
8489.24462231 0.52654458
8494.24712356 0.52643946
8499.24962481 0.52633438
8504.25212606 0.52622934
8509.25462731 0.52612436
8514.25712856 0.52601941
8519.25962981 0.52591452
8524.26213107 0.52580967
8529.26463232 0.52570486
8534.26713357 0.52560010
8539.26963482 0.52549538
8544.27213607 0.52539071
8549.27463732 0.52528609
8554.27713857 0.52518151
8559.27963982 0.52507697
8564.28214107 0.52497248
8569.28464232 0.52486804
8574.28714357 0.52476364
8579.28964482 0.52465928
8584.29214607 0.52455497
8589.29464732 0.52445071
8594.29714857 0.52434649
8599.29964982 0.52424231
8604.30215108 0.52413818
8609.30465233 0.52403410
8614.30715358 0.52393006
8619.30965483 0.52382606
8624.31215608 0.52372211
8629.31465733 0.52361820
8634.31715858 0.52351434
8639.31965983 0.52341052
8644.32216108 0.52330674
8649.32466233 0.52320301
8654.32716358 0.52309933
8659.32966483 0.52299568
8664.33216608 0.52289209
8669.33466733 0.52278853
8674.33716858 0.52268503
8679.33966983 0.52258156
8684.34217109 0.52247814
8689.34467234 0.52237476
8694.34717359 0.52227143
8699.34967484 0.52216814
8704.35217609 0.52206490
8709.35467734 0.52196170
8714.35717859 0.52185854
8719.35967984 0.52175543
8724.36218109 0.52165236
8729.36468234 0.52154933
8734.36718359 0.52144635
8739.36968484 0.52134341
8744.37218609 0.52124052
8749.37468734 0.52113767
8754.37718859 0.52103486
8759.37968984 0.52093209
8764.38219110 0.52082937
8769.38469235 0.52072670
8774.38719360 0.52062406
8779.38969485 0.52052147
8784.39219610 0.52041893
8789.39469735 0.52031642
8794.39719860 0.52021396
8799.39969985 0.52011154
8804.40220110 0.52000917
8809.40470235 0.51990684
8814.40720360 0.51980455
8819.40970485 0.51970231
8824.41220610 0.51960010
8829.41470735 0.51949795
8834.41720860 0.51939583
8839.41970985 0.51929376
8844.42221111 0.51919173
8849.42471236 0.51908974
8854.42721361 0.51898779
8859.42971486 0.51888589
8864.43221611 0.51878403
8869.43471736 0.51868222
8874.43721861 0.51858044
8879.43971986 0.51847871
8884.44222111 0.51837702
8889.44472236 0.51827538
8894.44722361 0.51817377
8899.44972486 0.51807221
8904.45222611 0.51797069
8909.45472736 0.51786922
8914.45722861 0.51776778
8919.45972986 0.51766639
8924.46223112 0.51756504
8929.46473237 0.51746373
8934.46723362 0.51736247
8939.46973487 0.51726124
8944.47223612 0.51716006
8949.47473737 0.51705892
8954.47723862 0.51695783
8959.47973987 0.51685677
8964.48224112 0.51675576
8969.48474237 0.51665479
8974.48724362 0.51655386
8979.48974487 0.51645297
8984.49224612 0.51635213
8989.49474737 0.51625132
8994.49724862 0.51615056
8999.49974987 0.51604984
9004.50225113 0.51594916
9009.50475238 0.51584853
9014.50725363 0.51574793
9019.50975488 0.51564738
9024.51225613 0.51554687
9029.51475738 0.51544640
9034.51725863 0.51534597
9039.51975988 0.51524558
9044.52226113 0.51514523
9049.52476238 0.51504493
9054.52726363 0.51494467
9059.52976488 0.51484444
9064.53226613 0.51474426
9069.53476738 0.51464412
9074.53726863 0.51454402
9079.53976988 0.51444397
9084.54227114 0.51434395
9089.54477239 0.51424398
9094.54727364 0.51414404
9099.54977489 0.51404415
9104.55227614 0.51394430
9109.55477739 0.51384448
9114.55727864 0.51374471
9119.55977989 0.51364499
9124.56228114 0.51354530
9129.56478239 0.51344565
9134.56728364 0.51334604
9139.56978489 0.51324648
9144.57228614 0.51314695
9149.57478739 0.51304746
9154.57728864 0.51294802
9159.57978989 0.51284862
9164.58229115 0.51274925
9169.58479240 0.51264993
9174.58729365 0.51255065
9179.58979490 0.51245141
9184.59229615 0.51235221
9189.59479740 0.51225304
9194.59729865 0.51215392
9199.59979990 0.51205484
9204.60230115 0.51195580
9209.60480240 0.51185680
9214.60730365 0.51175785
9219.60980490 0.51165893
9224.61230615 0.51156005
9229.61480740 0.51146121
9234.61730865 0.51136241
9239.61980990 0.51126365
9244.62231116 0.51116493
9249.62481241 0.51106625
9254.62731366 0.51096761
9259.62981491 0.51086901
9264.63231616 0.51077046
9269.63481741 0.51067194
9274.63731866 0.51057346
9279.63981991 0.51047502
9284.64232116 0.51037662
9289.64482241 0.51027826
9294.64732366 0.51017994
9299.64982491 0.51008166
9304.65232616 0.50998341
9309.65482741 0.50988521
9314.65732866 0.50978705
9319.65982991 0.50968893
9324.66233117 0.50959084
9329.66483242 0.50949280
9334.66733367 0.50939480
9339.66983492 0.50929683
9344.67233617 0.50919891
9349.67483742 0.50910102
9354.67733867 0.50900317
9359.67983992 0.50890537
9364.68234117 0.50880760
9369.68484242 0.50870987
9374.68734367 0.50861218
9379.68984492 0.50851453
9384.69234617 0.50841692
9389.69484742 0.50831934
9394.69734867 0.50822181
9399.69984992 0.50812431
9404.70235118 0.50802686
9409.70485243 0.50792944
9414.70735368 0.50783206
9419.70985493 0.50773472
9424.71235618 0.50763742
9429.71485743 0.50754016
9434.71735868 0.50744294
9439.71985993 0.50734576
9444.72236118 0.50724861
9449.72486243 0.50715150
9454.72736368 0.50705444
9459.72986493 0.50695741
9464.73236618 0.50686042
9469.73486743 0.50676346
9474.73736868 0.50666655
9479.73986993 0.50656968
9484.74237119 0.50647284
9489.74487244 0.50637604
9494.74737369 0.50627928
9499.74987494 0.50618256
9504.75237619 0.50608588
9509.75487744 0.50598923
9514.75737869 0.50589262
9519.75987994 0.50579606
9524.76238119 0.50569953
9529.76488244 0.50560303
9534.76738369 0.50550658
9539.76988494 0.50541016
9544.77238619 0.50531379
9549.77488744 0.50521745
9554.77738869 0.50512115
9559.77988994 0.50502488
9564.78239120 0.50492866
9569.78489245 0.50483247
9574.78739370 0.50473632
9579.78989495 0.50464021
9584.79239620 0.50454413
9589.79489745 0.50444810
9594.79739870 0.50435210
9599.79989995 0.50425614
9604.80240120 0.50416021
9609.80490245 0.50406433
9614.80740370 0.50396848
9619.80990495 0.50387267
9624.81240620 0.50377690
9629.81490745 0.50368116
9634.81740870 0.50358547
9639.81990995 0.50348981
9644.82241121 0.50339418
9649.82491246 0.50329860
9654.82741371 0.50320305
9659.82991496 0.50310754
9664.83241621 0.50301207
9669.83491746 0.50291663
9674.83741871 0.50282124
9679.83991996 0.50272587
9684.84242121 0.50263055
9689.84492246 0.50253526
9694.84742371 0.50244002
9699.84992496 0.50234480
9704.85242621 0.50224963
9709.85492746 0.50215449
9714.85742871 0.50205939
9719.85992996 0.50196433
9724.86243122 0.50186930
9729.86493247 0.50177431
9734.86743372 0.50167936
9739.86993497 0.50158444
9744.87243622 0.50148956
9749.87493747 0.50139472
9754.87743872 0.50129991
9759.87993997 0.50120514
9764.88244122 0.50111041
9769.88494247 0.50101572
9774.88744372 0.50092106
9779.88994497 0.50082644
9784.89244622 0.50073185
9789.89494747 0.50063730
9794.89744872 0.50054279
9799.89994997 0.50044831
9804.90245123 0.50035388
9809.90495248 0.50025947
9814.90745373 0.50016511
9819.90995498 0.50007078
9824.91245623 0.49997648
9829.91495748 0.49988223
9834.91745873 0.49978801
9839.91995998 0.49969382
9844.92246123 0.49959968
9849.92496248 0.49950556
9854.92746373 0.49941149
9859.92996498 0.49931745
9864.93246623 0.49922345
9869.93496748 0.49912948
9874.93746873 0.49903555
9879.93996998 0.49894166
9884.94247124 0.49884780
9889.94497249 0.49875397
9894.94747374 0.49866019
9899.94997499 0.49856644
9904.95247624 0.49847272
9909.95497749 0.49837905
9914.95747874 0.49828540
9919.95997999 0.49819180
9924.96248124 0.49809823
9929.96498249 0.49800469
9934.96748374 0.49791119
9939.96998499 0.49781773
9944.97248624 0.49772430
9949.97498749 0.49763091
9954.97748874 0.49753755
9959.97998999 0.49744423
9964.98249125 0.49735095
9969.98499250 0.49725770
9974.98749375 0.49716448
9979.98999500 0.49707130
9984.99249625 0.49697816
9989.99499750 0.49688505
9994.99749875 0.49679198
10000.00000000 0.49669895
