0.00000000 1.00000000
5.00250125 0.99048489
10.00500250 0.98502023
15.00750375 0.98080177
20.01000500 0.97727951
25.01250625 0.97422433
30.01500750 0.97151131
35.01750875 0.96906222
40.02001001 0.96682390
45.02251126 0.96475826
50.02501251 0.96283691
55.02751376 0.96103814
60.03001501 0.95934487
65.03251626 0.95774348
70.03501751 0.95622286
75.03751876 0.95477386
80.04002001 0.95338885
85.04252126 0.95206136
90.04502251 0.95078591
95.04752376 0.94955775
100.05002501 0.94837280
105.05252626 0.94722747
110.05502751 0.94611862
115.05752876 0.94504347
120.06003002 0.94399957
125.06253127 0.94298472
130.06503252 0.94199695
135.06753377 0.94103448
140.07003502 0.94009572
145.07253627 0.93917923
150.07503752 0.93828368
155.07753877 0.93740788
160.08004002 0.93655073
165.08254127 0.93571123
170.08504252 0.93488845
175.08754377 0.93408154
180.09004502 0.93328972
185.09254627 0.93251227
190.09504752 0.93174850
195.09754877 0.93099780
200.10005003 0.93025959
205.10255128 0.92953332
210.10505253 0.92881849
215.10755378 0.92811462
220.11005503 0.92742128
225.11255628 0.92673805
230.11505753 0.92606454
235.11755878 0.92540038
240.12006003 0.92474523
245.12256128 0.92409877
250.12506253 0.92346068
255.12756378 0.92283069
260.13006503 0.92220850
265.13256628 0.92159388
270.13506753 0.92098656
275.13756878 0.92038631
280.14007004 0.91979292
285.14257129 0.91920618
290.14507254 0.91862587
295.14757379 0.91805181
300.15007504 0.91748383
305.15257629 0.91692173
310.15507754 0.91636537
315.15757879 0.91581457
320.16008004 0.91526920
325.16258129 0.91472910
330.16508254 0.91419413
335.16758379 0.91366416
340.17008504 0.91313907
345.17258629 0.91261872
350.17508754 0.91210301
355.17758879 0.91159183
360.18009005 0.91108505
365.18259130 0.91058258
370.18509255 0.91008431
375.18759380 0.90959016
380.19009505 0.90910002
385.19259630 0.90861381
390.19509755 0.90813144
395.19759880 0.90765283
400.20010005 0.90717789
405.20260130 0.90670655
410.20510255 0.90623874
415.20760380 0.90577437
420.21010505 0.90531338
425.21260630 0.90485571
430.21510755 0.90440128
435.21760880 0.90395003
440.22011006 0.90350190
445.22261131 0.90305683
450.22511256 0.90261477
455.22761381 0.90217565
460.23011506 0.90173943
465.23261631 0.90130604
470.23511756 0.90087544
475.23761881 0.90044758
480.24012006 0.90002241
485.24262131 0.89959988
490.24512256 0.89917995
495.24762381 0.89876257
500.25012506 0.89834770
505.25262631 0.89793530
510.25512756 0.89752532
515.25762881 0.89711774
520.26013007 0.89671250
525.26263132 0.89630957
530.26513257 0.89590891
535.26763382 0.89551050
540.27013507 0.89511428
545.27263632 0.89472024
550.27513757 0.89432834
555.27763882 0.89393853
560.28014007 0.89355080
565.28264132 0.89316512
570.28514257 0.89278144
575.28764382 0.89239975
580.29014507 0.89202002
585.29264632 0.89164221
590.29514757 0.89126630
595.29764882 0.89089226
600.30015008 0.89052007
605.30265133 0.89014970
610.30515258 0.88978113
615.30765383 0.88941433
620.31015508 0.88904928
625.31265633 0.88868596
630.31515758 0.88832433
635.31765883 0.88796439
640.32016008 0.88760611
645.32266133 0.88724947
650.32516258 0.88689444
655.32766383 0.88654101
660.33016508 0.88618916
665.33266633 0.88583887
670.33516758 0.88549011
675.33766883 0.88514287
680.34017009 0.88479713
685.34267134 0.88445288
690.34517259 0.88411009
695.34767384 0.88376875
700.35017509 0.88342884
705.35267634 0.88309035
710.35517759 0.88275325
715.35767884 0.88241754
720.36018009 0.88208319
725.36268134 0.88175019
730.36518259 0.88141853
735.36768384 0.88108819
740.37018509 0.88075916
745.37268634 0.88043142
750.37518759 0.88010496
755.37768884 0.87977976
760.38019010 0.87945581
765.38269135 0.87913310
770.38519260 0.87881162
775.38769385 0.87849134
780.39019510 0.87817227
785.39269635 0.87785438
790.39519760 0.87753767
795.39769885 0.87722212
800.40020010 0.87690772
805.40270135 0.87659446
810.40520260 0.87628232
815.40770385 0.87597131
820.41020510 0.87566140
825.41270635 0.87535258
830.41520760 0.87504485
835.41770885 0.87473819
840.42021011 0.87443259
845.42271136 0.87412805
850.42521261 0.87382455
855.42771386 0.87352209
860.43021511 0.87322065
865.43271636 0.87292022
870.43521761 0.87262080
875.43771886 0.87232237
880.44022011 0.87202493
885.44272136 0.87172847
890.44522261 0.87143297
895.44772386 0.87113844
900.45022511 0.87084485
905.45272636 0.87055221
910.45522761 0.87026051
915.45772886 0.86996973
920.46023012 0.86967987
925.46273137 0.86939091
930.46523262 0.86910287
935.46773387 0.86881571
940.47023512 0.86852945
945.47273637 0.86824406
950.47523762 0.86795955
955.47773887 0.86767590
960.48024012 0.86739311
965.48274137 0.86711117
970.48524262 0.86683007
975.48774387 0.86654981
980.49024512 0.86627038
985.49274637 0.86599177
990.49524762 0.86571398
995.49774887 0.86543700
1000.50025013 0.86516083
1005.50275138 0.86488545
1010.50525263 0.86461086
1015.50775388 0.86433706
1020.51025513 0.86406403
1025.51275638 0.86379178
1030.51525763 0.86352030
1035.51775888 0.86324957
1040.52026013 0.86297960
1045.52276138 0.86271038
1050.52526263 0.86244191
1055.52776388 0.86217417
1060.53026513 0.86190716
1065.53276638 0.86164088
1070.53526763 0.86137532
1075.53776888 0.86111048
1080.54027014 0.86084635
1085.54277139 0.86058293
1090.54527264 0.86032020
1095.54777389 0.86005817
1100.55027514 0.85979683
1105.55277639 0.85953618
1110.55527764 0.85927621
1115.55777889 0.85901691
1120.56028014 0.85875829
1125.56278139 0.85850033
1130.56528264 0.85824303
1135.56778389 0.85798639
1140.57028514 0.85773040
1145.57278639 0.85747506
1150.57528764 0.85722037
1155.57778889 0.85696631
1160.58029015 0.85671289
1165.58279140 0.85646010
1170.58529265 0.85620793
1175.58779390 0.85595639
1180.59029515 0.85570546
1185.59279640 0.85545515
1190.59529765 0.85520545
1195.59779890 0.85495635
1200.60030015 0.85470785
1205.60280140 0.85445995
1210.60530265 0.85421265
1215.60780390 0.85396594
1220.61030515 0.85371981
1225.61280640 0.85347426
1230.61530765 0.85322929
1235.61780890 0.85298490
1240.62031016 0.85274108
1245.62281141 0.85249783
1250.62531266 0.85225514
1255.62781391 0.85201301
1260.63031516 0.85177144
1265.63281641 0.85153042
1270.63531766 0.85128995
1275.63781891 0.85105003
1280.64032016 0.85081065
1285.64282141 0.85057181
1290.64532266 0.85033350
1295.64782391 0.85009574
1300.65032516 0.84985850
1305.65282641 0.84962178
1310.65532766 0.84938560
1315.65782891 0.84914993
1320.66033017 0.84891478
1325.66283142 0.84868014
1330.66533267 0.84844602
1335.66783392 0.84821240
1340.67033517 0.84797929
1345.67283642 0.84774668
1350.67533767 0.84751457
1355.67783892 0.84728296
1360.68034017 0.84705184
1365.68284142 0.84682122
1370.68534267 0.84659108
1375.68784392 0.84636142
1380.69034517 0.84613225
1385.69284642 0.84590356
1390.69534767 0.84567534
1395.69784892 0.84544760
1400.70035018 0.84522033
1405.70285143 0.84499353
1410.70535268 0.84476720
1415.70785393 0.84454133
1420.71035518 0.84431592
1425.71285643 0.84409097
1430.71535768 0.84386648
1435.71785893 0.84364244
1440.72036018 0.84341885
1445.72286143 0.84319571
1450.72536268 0.84297301
1455.72786393 0.84275076
1460.73036518 0.84252895
1465.73286643 0.84230758
1470.73536768 0.84208665
1475.73786893 0.84186615
1480.74037019 0.84164609
1485.74287144 0.84142645
1490.74537269 0.84120724
1495.74787394 0.84098846
1500.75037519 0.84077009
1505.75287644 0.84055216
1510.75537769 0.84033463
1515.75787894 0.84011753
1520.76038019 0.83990084
1525.76288144 0.83968456
1530.76538269 0.83946869
1535.76788394 0.83925323
1540.77038519 0.83903818
1545.77288644 0.83882353
1550.77538769 0.83860928
1555.77788894 0.83839543
1560.78039020 0.83818198
1565.78289145 0.83796892
1570.78539270 0.83775626
1575.78789395 0.83754399
1580.79039520 0.83733211
1585.79289645 0.83712062
1590.79539770 0.83690951
1595.79789895 0.83669879
1600.80040020 0.83648845
1605.80290145 0.83627849
1610.80540270 0.83606891
1615.80790395 0.83585970
1620.81040520 0.83565087
1625.81290645 0.83544242
1630.81540770 0.83523433
1635.81790895 0.83502662
1640.82041021 0.83481927
1645.82291146 0.83461228
1650.82541271 0.83440566
1655.82791396 0.83419941
1660.83041521 0.83399351
1665.83291646 0.83378797
1670.83541771 0.83358279
1675.83791896 0.83337797
1680.84042021 0.83317350
1685.84292146 0.83296938
1690.84542271 0.83276561
1695.84792396 0.83256220
1700.85042521 0.83235912
1705.85292646 0.83215640
1710.85542771 0.83195402
1715.85792896 0.83175198
1720.86043022 0.83155028
1725.86293147 0.83134892
1730.86543272 0.83114790
1735.86793397 0.83094722
1740.87043522 0.83074687
1745.87293647 0.83054685
1750.87543772 0.83034717
1755.87793897 0.83014782
1760.88044022 0.82994879
1765.88294147 0.82975009
1770.88544272 0.82955172
1775.88794397 0.82935368
1780.89044522 0.82915595
1785.89294647 0.82895855
1790.89544772 0.82876147
1795.89794897 0.82856470
1800.90045023 0.82836826
1805.90295148 0.82817213
1810.90545273 0.82797631
1815.90795398 0.82778081
1820.91045523 0.82758562
1825.91295648 0.82739074
1830.91545773 0.82719617
1835.91795898 0.82700191
1840.92046023 0.82680796
1845.92296148 0.82661431
1850.92546273 0.82642096
1855.92796398 0.82622792
1860.93046523 0.82603517
1865.93296648 0.82584273
1870.93546773 0.82565059
1875.93796898 0.82545874
1880.94047024 0.82526719
1885.94297149 0.82507594
1890.94547274 0.82488498
1895.94797399 0.82469431
1900.95047524 0.82450394
1905.95297649 0.82431385
1910.95547774 0.82412406
1915.95797899 0.82393455
1920.96048024 0.82374532
1925.96298149 0.82355639
1930.96548274 0.82336774
1935.96798399 0.82317937
1940.97048524 0.82299128
1945.97298649 0.82280347
1950.97548774 0.82261595
1955.97798899 0.82242870
1960.98049025 0.82224173
1965.98299150 0.82205504
1970.98549275 0.82186862
1975.98799400 0.82168247
1980.99049525 0.82149660
1985.99299650 0.82131100
1990.99549775 0.82112568
1995.99799900 0.82094062
2001.00050025 0.82075583
2006.00300150 0.82057131
2011.00550275 0.82038705
2016.00800400 0.82020306
2021.01050525 0.82001934
2026.01300650 0.81983587
2031.01550775 0.81965267
2036.01800900 0.81946974
2041.02051026 0.81928706
2046.02301151 0.81910464
2051.02551276 0.81892248
2056.02801401 0.81874058
2061.03051526 0.81855894
2066.03301651 0.81837755
2071.03551776 0.81819641
2076.03801901 0.81801553
2081.04052026 0.81783490
2086.04302151 0.81765453
2091.04552276 0.81747440
2096.04802401 0.81729452
2101.05052526 0.81711490
2106.05302651 0.81693552
2111.05552776 0.81675638
2116.05802901 0.81657750
2121.06053027 0.81639885
2126.06303152 0.81622046
2131.06553277 0.81604230
2136.06803402 0.81586439
2141.07053527 0.81568672
2146.07303652 0.81550929
2151.07553777 0.81533210
2156.07803902 0.81515515
2161.08054027 0.81497844
2166.08304152 0.81480196
2171.08554277 0.81462572
2176.08804402 0.81444972
2181.09054527 0.81427395
2186.09304652 0.81409841
2191.09554777 0.81392311
2196.09804902 0.81374804
2201.10055028 0.81357319
2206.10305153 0.81339859
2211.10555278 0.81322420
2216.10805403 0.81305005
2221.11055528 0.81287613
2226.11305653 0.81270243
2231.11555778 0.81252896
2236.11805903 0.81235572
2241.12056028 0.81218270
2246.12306153 0.81200990
2251.12556278 0.81183733
2256.12806403 0.81166497
2261.13056528 0.81149284
2266.13306653 0.81132094
2271.13556778 0.81114925
2276.13806903 0.81097778
2281.14057029 0.81080653
2286.14307154 0.81063549
2291.14557279 0.81046467
2296.14807404 0.81029407
2301.15057529 0.81012369
2306.15307654 0.80995352
2311.15557779 0.80978356
2316.15807904 0.80961382
2321.16058029 0.80944429
2326.16308154 0.80927497
2331.16558279 0.80910586
2336.16808404 0.80893696
2341.17058529 0.80876827
2346.17308654 0.80859980
2351.17558779 0.80843152
2356.17808904 0.80826346
2361.18059030 0.80809560
2366.18309155 0.80792795
2371.18559280 0.80776051
2376.18809405 0.80759327
2381.19059530 0.80742623
2386.19309655 0.80725940
2391.19559780 0.80709277
2396.19809905 0.80692634
2401.20060030 0.80676011
2406.20310155 0.80659409
2411.20560280 0.80642826
2416.20810405 0.80626263
2421.21060530 0.80609721
2426.21310655 0.80593198
2431.21560780 0.80576694
2436.21810905 0.80560211
2441.22061031 0.80543747
2446.22311156 0.80527303
2451.22561281 0.80510878
2456.22811406 0.80494472
2461.23061531 0.80478086
2466.23311656 0.80461719
2471.23561781 0.80445372
2476.23811906 0.80429043
2481.24062031 0.80412734
2486.24312156 0.80396444
2491.24562281 0.80380172
2496.24812406 0.80363920
2501.25062531 0.80347687
2506.25312656 0.80331472
2511.25562781 0.80315276
2516.25812906 0.80299099
2521.26063032 0.80282940
2526.26313157 0.80266800
2531.26563282 0.80250679
2536.26813407 0.80234576
2541.27063532 0.80218491
2546.27313657 0.80202425
2551.27563782 0.80186377
2556.27813907 0.80170347
2561.28064032 0.80154336
2566.28314157 0.80138342
2571.28564282 0.80122367
2576.28814407 0.80106409
2581.29064532 0.80090470
2586.29314657 0.80074548
2591.29564782 0.80058645
2596.29814907 0.80042759
2601.30065033 0.80026891
2606.30315158 0.80011040
2611.30565283 0.79995207
2616.30815408 0.79979392
2621.31065533 0.79963594
2626.31315658 0.79947814
2631.31565783 0.79932051
2636.31815908 0.79916305
2641.32066033 0.79900577
2646.32316158 0.79884866
2651.32566283 0.79869172
2656.32816408 0.79853495
2661.33066533 0.79837836
2666.33316658 0.79822193
2671.33566783 0.79806568
2676.33816908 0.79790959
2681.34067034 0.79775368
2686.34317159 0.79759793
2691.34567284 0.79744235
2696.34817409 0.79728693
2701.35067534 0.79713169
2706.35317659 0.79697661
2711.35567784 0.79682170
2716.35817909 0.79666695
2721.36068034 0.79651237
2726.36318159 0.79635795
2731.36568284 0.79620369
2736.36818409 0.79604960
2741.37068534 0.79589567
2746.37318659 0.79574191
2751.37568784 0.79558831
2756.37818909 0.79543487
2761.38069035 0.79528159
2766.38319160 0.79512847
2771.38569285 0.79497551
2776.38819410 0.79482271
2781.39069535 0.79467007
2786.39319660 0.79451759
2791.39569785 0.79436527
2796.39819910 0.79421310
2801.40070035 0.79406110
2806.40320160 0.79390925
2811.40570285 0.79375755
2816.40820410 0.79360602
2821.41070535 0.79345464
2826.41320660 0.79330341
2831.41570785 0.79315234
2836.41820910 0.79300142
2841.42071036 0.79285066
2846.42321161 0.79270005
2851.42571286 0.79254960
2856.42821411 0.79239930
2861.43071536 0.79224915
2866.43321661 0.79209915
2871.43571786 0.79194930
2876.43821911 0.79179961
2881.44072036 0.79165006
2886.44322161 0.79150067
2891.44572286 0.79135142
2896.44822411 0.79120233
2901.45072536 0.79105338
2906.45322661 0.79090458
2911.45572786 0.79075593
2916.45822911 0.79060743
2921.46073037 0.79045908
2926.46323162 0.79031087
2931.46573287 0.79016281
2936.46823412 0.79001489
2941.47073537 0.78986713
2946.47323662 0.78971950
2951.47573787 0.78957202
2956.47823912 0.78942469
2961.48074037 0.78927750
2966.48324162 0.78913045
2971.48574287 0.78898355
2976.48824412 0.78883679
2981.49074537 0.78869018
2986.49324662 0.78854370
2991.49574787 0.78839737
2996.49824912 0.78825118
3001.50075038 0.78810513
3006.50325163 0.78795922
3011.50575288 0.78781345
3016.50825413 0.78766782
3021.51075538 0.78752233
3026.51325663 0.78737698
3031.51575788 0.78723177
3036.51825913 0.78708670
3041.52076038 0.78694177
3046.52326163 0.78679697
3051.52576288 0.78665231
3056.52826413 0.78650779
3061.53076538 0.78636341
3066.53326663 0.78621916
3071.53576788 0.78607505
3076.53826913 0.78593107
3081.54077039 0.78578723
3086.54327164 0.78564352
3091.54577289 0.78549995
3096.54827414 0.78535651
3101.55077539 0.78521321
3106.55327664 0.78507004
3111.55577789 0.78492700
3116.55827914 0.78478410
3121.56078039 0.78464133
3126.56328164 0.78449869
3131.56578289 0.78435619
3136.56828414 0.78421381
3141.57078539 0.78407157
3146.57328664 0.78392945
3151.57578789 0.78378747
3156.57828914 0.78364562
3161.58079040 0.78350390
3166.58329165 0.78336231
3171.58579290 0.78322084
3176.58829415 0.78307951
3181.59079540 0.78293830
3186.59329665 0.78279722
3191.59579790 0.78265628
3196.59829915 0.78251545
3201.60080040 0.78237476
3206.60330165 0.78223419
3211.60580290 0.78209375
3216.60830415 0.78195344
3221.61080540 0.78181325
3226.61330665 0.78167319
3231.61580790 0.78153325
3236.61830915 0.78139344
3241.62081041 0.78125375
3246.62331166 0.78111419
3251.62581291 0.78097475
3256.62831416 0.78083544
3261.63081541 0.78069625
3266.63331666 0.78055718
3271.63581791 0.78041823
3276.63831916 0.78027941
3281.64082041 0.78014071
3286.64332166 0.78000214
3291.64582291 0.77986368
3296.64832416 0.77972535
3301.65082541 0.77958714
3306.65332666 0.77944904
3311.65582791 0.77931107
3316.65832916 0.77917322
3321.66083042 0.77903549
3326.66333167 0.77889788
3331.66583292 0.77876039
3336.66833417 0.77862302
3341.67083542 0.77848577
3346.67333667 0.77834863
3351.67583792 0.77821162
3356.67833917 0.77807472
3361.68084042 0.77793794
3366.68334167 0.77780128
3371.68584292 0.77766473
3376.68834417 0.77752830
3381.69084542 0.77739199
3386.69334667 0.77725580
3391.69584792 0.77711972
3396.69834917 0.77698375
3401.70085043 0.77684791
3406.70335168 0.77671217
3411.70585293 0.77657656
3416.70835418 0.77644105
3421.71085543 0.77630567
3426.71335668 0.77617039
3431.71585793 0.77603523
3436.71835918 0.77590019
3441.72086043 0.77576525
3446.72336168 0.77563043
3451.72586293 0.77549573
3456.72836418 0.77536113
3461.73086543 0.77522665
3466.73336668 0.77509228
3471.73586793 0.77495803
3476.73836918 0.77482388
3481.74087044 0.77468985
3486.74337169 0.77455592
3491.74587294 0.77442211
3496.74837419 0.77428841
3501.75087544 0.77415482
3506.75337669 0.77402134
3511.75587794 0.77388797
3516.75837919 0.77375470
3521.76088044 0.77362155
3526.76338169 0.77348851
3531.76588294 0.77335557
3536.76838419 0.77322275
3541.77088544 0.77309003
3546.77338669 0.77295742
3551.77588794 0.77282492
3556.77838919 0.77269253
3561.78089045 0.77256024
3566.78339170 0.77242806
3571.78589295 0.77229599
3576.78839420 0.77216402
3581.79089545 0.77203216
3586.79339670 0.77190041
3591.79589795 0.77176877
3596.79839920 0.77163722
3601.80090045 0.77150579
3606.80340170 0.77137446
3611.80590295 0.77124323
3616.80840420 0.77111211
3621.81090545 0.77098110
3626.81340670 0.77085018
3631.81590795 0.77071938
3636.81840920 0.77058867
3641.82091046 0.77045807
3646.82341171 0.77032758
3651.82591296 0.77019718
3656.82841421 0.77006689
3661.83091546 0.76993671
3666.83341671 0.76980662
3671.83591796 0.76967664
3676.83841921 0.76954676
3681.84092046 0.76941698
3686.84342171 0.76928730
3691.84592296 0.76915773
3696.84842421 0.76902825
3701.85092546 0.76889888
3706.85342671 0.76876961
3711.85592796 0.76864044
3716.85842921 0.76851136
3721.86093047 0.76838239
3726.86343172 0.76825352
3731.86593297 0.76812475
3736.86843422 0.76799608
3741.87093547 0.76786750
3746.87343672 0.76773903
3751.87593797 0.76761065
3756.87843922 0.76748238
3761.88094047 0.76735420
3766.88344172 0.76722612
3771.88594297 0.76709814
3776.88844422 0.76697025
3781.89094547 0.76684247
3786.89344672 0.76671478
3791.89594797 0.76658719
3796.89844922 0.76645969
3801.90095048 0.76633229
3806.90345173 0.76620499
3811.90595298 0.76607779
3816.90845423 0.76595068
3821.91095548 0.76582366
3826.91345673 0.76569675
3831.91595798 0.76556993
3836.91845923 0.76544320
3841.92096048 0.76531657
3846.92346173 0.76519003
3851.92596298 0.76506359
3856.92846423 0.76493724
3861.93096548 0.76481099
3866.93346673 0.76468483
3871.93596798 0.76455877
3876.93846923 0.76443280
3881.94097049 0.76430692
3886.94347174 0.76418114
3891.94597299 0.76405545
3896.94847424 0.76392985
3901.95097549 0.76380435
3906.95347674 0.76367894
3911.95597799 0.76355362
3916.95847924 0.76342839
3921.96098049 0.76330326
3926.96348174 0.76317821
3931.96598299 0.76305326
3936.96848424 0.76292840
3941.97098549 0.76280364
3946.97348674 0.76267896
3951.97598799 0.76255437
3956.97848924 0.76242988
3961.98099050 0.76230547
3966.98349175 0.76218116
3971.98599300 0.76205694
3976.98849425 0.76193280
3981.99099550 0.76180876
3986.99349675 0.76168481
3991.99599800 0.76156094
3996.99849925 0.76143717
4002.00100050 0.76131348
4007.00350175 0.76118988
4012.00600300 0.76106638
4017.00850425 0.76094296
4022.01100550 0.76081963
4027.01350675 0.76069638
4032.01600800 0.76057323
4037.01850925 0.76045016
4042.02101051 0.76032718
4047.02351176 0.76020429
4052.02601301 0.76008149
4057.02851426 0.75995877
4062.03101551 0.75983614
4067.03351676 0.75971360
4072.03601801 0.75959114
4077.03851926 0.75946878
4082.04102051 0.75934649
4087.04352176 0.75922430
4092.04602301 0.75910219
4097.04852426 0.75898016
4102.05102551 0.75885822
4107.05352676 0.75873637
4112.05602801 0.75861460
4117.05852926 0.75849292
4122.06103052 0.75837132
4127.06353177 0.75824981
4132.06603302 0.75812838
4137.06853427 0.75800704
4142.07103552 0.75788578
4147.07353677 0.75776461
4152.07603802 0.75764352
4157.07853927 0.75752251
4162.08104052 0.75740159
4167.08354177 0.75728075
4172.08604302 0.75715999
4177.08854427 0.75703932
4182.09104552 0.75691873
4187.09354677 0.75679823
4192.09604802 0.75667780
4197.09854927 0.75655746
4202.10105053 0.75643721
4207.10355178 0.75631703
4212.10605303 0.75619694
4217.10855428 0.75607692
4222.11105553 0.75595700
4227.11355678 0.75583715
4232.11605803 0.75571738
4237.11855928 0.75559770
4242.12106053 0.75547809
4247.12356178 0.75535857
4252.12606303 0.75523913
4257.12856428 0.75511977
4262.13106553 0.75500049
4267.13356678 0.75488129
4272.13606803 0.75476217
4277.13856928 0.75464313
4282.14107054 0.75452418
4287.14357179 0.75440530
4292.14607304 0.75428650
4297.14857429 0.75416778
4302.15107554 0.75404914
4307.15357679 0.75393058
4312.15607804 0.75381210
4317.15857929 0.75369370
4322.16108054 0.75357537
4327.16358179 0.75345713
4332.16608304 0.75333896
4337.16858429 0.75322087
4342.17108554 0.75310287
4347.17358679 0.75298494
4352.17608804 0.75286708
4357.17858929 0.75274931
4362.18109055 0.75263161
4367.18359180 0.75251399
4372.18609305 0.75239645
4377.18859430 0.75227898
4382.19109555 0.75216160
4387.19359680 0.75204429
4392.19609805 0.75192705
4397.19859930 0.75180990
4402.20110055 0.75169282
4407.20360180 0.75157581
4412.20610305 0.75145889
4417.20860430 0.75134203
4422.21110555 0.75122526
4427.21360680 0.75110856
4432.21610805 0.75099194
4437.21860930 0.75087539
4442.22111056 0.75075892
4447.22361181 0.75064252
4452.22611306 0.75052620
4457.22861431 0.75040995
4462.23111556 0.75029378
4467.23361681 0.75017769
4472.23611806 0.75006167
4477.23861931 0.74994572
4482.24112056 0.74982985
4487.24362181 0.74971405
4492.24612306 0.74959832
4497.24862431 0.74948267
4502.25112556 0.74936710
4507.25362681 0.74925160
4512.25612806 0.74913617
4517.25862931 0.74902081
4522.26113057 0.74890553
4527.26363182 0.74879032
4532.26613307 0.74867519
4537.26863432 0.74856013
4542.27113557 0.74844514
4547.27363682 0.74833022
4552.27613807 0.74821538
4557.27863932 0.74810061
4562.28114057 0.74798591
4567.28364182 0.74787128
4572.28614307 0.74775673
4577.28864432 0.74764225
4582.29114557 0.74752784
4587.29364682 0.74741350
4592.29614807 0.74729923
4597.29864932 0.74718504
4602.30115058 0.74707092
4607.30365183 0.74695686
4612.30615308 0.74684288
4617.30865433 0.74672897
4622.31115558 0.74661513
4627.31365683 0.74650137
4632.31615808 0.74638767
4637.31865933 0.74627404
4642.32116058 0.74616048
4647.32366183 0.74604700
4652.32616308 0.74593358
4657.32866433 0.74582024
4662.33116558 0.74570696
4667.33366683 0.74559375
4672.33616808 0.74548062
4677.33866933 0.74536755
4682.34117059 0.74525455
4687.34367184 0.74514163
4692.34617309 0.74502877
4697.34867434 0.74491598
4702.35117559 0.74480326
4707.35367684 0.74469061
4712.35617809 0.74457802
4717.35867934 0.74446551
4722.36118059 0.74435306
4727.36368184 0.74424069
4732.36618309 0.74412838
4737.36868434 0.74401614
4742.37118559 0.74390397
4747.37368684 0.74379186
4752.37618809 0.74367982
4757.37868934 0.74356786
4762.38119060 0.74345596
4767.38369185 0.74334412
4772.38619310 0.74323236
4777.38869435 0.74312066
4782.39119560 0.74300903
4787.39369685 0.74289746
4792.39619810 0.74278596
4797.39869935 0.74267453
4802.40120060 0.74256317
4807.40370185 0.74245187
4812.40620310 0.74234064
4817.40870435 0.74222948
4822.41120560 0.74211838
4827.41370685 0.74200735
4832.41620810 0.74189638
4837.41870935 0.74178548
4842.42121061 0.74167465
4847.42371186 0.74156388
4852.42621311 0.74145318
4857.42871436 0.74134254
4862.43121561 0.74123197
4867.43371686 0.74112147
4872.43621811 0.74101103
4877.43871936 0.74090065
4882.44122061 0.74079034
4887.44372186 0.74068010
4892.44622311 0.74056992
4897.44872436 0.74045980
4902.45122561 0.74034975
4907.45372686 0.74023976
4912.45622811 0.74012984
4917.45872936 0.74001999
4922.46123062 0.73991019
4927.46373187 0.73980046
4932.46623312 0.73969080
4937.46873437 0.73958120
4942.47123562 0.73947166
4947.47373687 0.73936218
4952.47623812 0.73925277
4957.47873937 0.73914343
4962.48124062 0.73903414
4967.48374187 0.73892492
4972.48624312 0.73881577
4977.48874437 0.73870667
4982.49124562 0.73859764
4987.49374687 0.73848868
4992.49624812 0.73837977
4997.49874937 0.73827093
5002.50125063 0.73816215
5007.50375188 0.73805343
5012.50625313 0.73794478
5017.50875438 0.73783618
5022.51125563 0.73772765
5027.51375688 0.73761919
5032.51625813 0.73751078
5037.51875938 0.73740244
5042.52126063 0.73729415
5047.52376188 0.73718593
5052.52626313 0.73707777
5057.52876438 0.73696968
5062.53126563 0.73686164
5067.53376688 0.73675367
5072.53626813 0.73664575
5077.53876938 0.73653790
5082.54127064 0.73643011
5087.54377189 0.73632238
5092.54627314 0.73621471
5097.54877439 0.73610710
5102.55127564 0.73599955
5107.55377689 0.73589207
5112.55627814 0.73578464
5117.55877939 0.73567727
5122.56128064 0.73556997
5127.56378189 0.73546272
5132.56628314 0.73535553
5137.56878439 0.73524841
5142.57128564 0.73514134
5147.57378689 0.73503434
5152.57628814 0.73492739
5157.57878939 0.73482050
5162.58129065 0.73471368
5167.58379190 0.73460691
5172.58629315 0.73450020
5177.58879440 0.73439355
5182.59129565 0.73428696
5187.59379690 0.73418043
5192.59629815 0.73407396
5197.59879940 0.73396755
5202.60130065 0.73386120
5207.60380190 0.73375490
5212.60630315 0.73364867
5217.60880440 0.73354249
5222.61130565 0.73343637
5227.61380690 0.73333031
5232.61630815 0.73322431
5237.61880940 0.73311836
5242.62131066 0.73301248
5247.62381191 0.73290665
5252.62631316 0.73280088
5257.62881441 0.73269517
5262.63131566 0.73258952
5267.63381691 0.73248392
5272.63631816 0.73237838
5277.63881941 0.73227290
5282.64132066 0.73216748
5287.64382191 0.73206211
5292.64632316 0.73195680
5297.64882441 0.73185155
5302.65132566 0.73174636
5307.65382691 0.73164122
5312.65632816 0.73153614
5317.65882941 0.73143111
5322.66133067 0.73132615
5327.66383192 0.73122124
5332.66633317 0.73111638
5337.66883442 0.73101159
5342.67133567 0.73090685
5347.67383692 0.73080216
5352.67633817 0.73069753
5357.67883942 0.73059296
5362.68134067 0.73048845
5367.68384192 0.73038399
5372.68634317 0.73027959
5377.68884442 0.73017524
5382.69134567 0.73007095
5387.69384692 0.72996671
5392.69634817 0.72986253
5397.69884942 0.72975840
5402.70135068 0.72965434
5407.70385193 0.72955032
5412.70635318 0.72944636
5417.70885443 0.72934246
5422.71135568 0.72923861
5427.71385693 0.72913482
5432.71635818 0.72903108
5437.71885943 0.72892740
5442.72136068 0.72882377
5447.72386193 0.72872020
5452.72636318 0.72861668
5457.72886443 0.72851321
5462.73136568 0.72840980
5467.73386693 0.72830645
5472.73636818 0.72820315
5477.73886943 0.72809990
5482.74137069 0.72799671
5487.74387194 0.72789357
5492.74637319 0.72779049
5497.74887444 0.72768746
5502.75137569 0.72758448
5507.75387694 0.72748156
5512.75637819 0.72737869
5517.75887944 0.72727587
5522.76138069 0.72717311
5527.76388194 0.72707040
5532.76638319 0.72696775
5537.76888444 0.72686515
5542.77138569 0.72676260
5547.77388694 0.72666011
5552.77638819 0.72655767
5557.77888944 0.72645528
5562.78139070 0.72635294
5567.78389195 0.72625066
5572.78639320 0.72614843
5577.78889445 0.72604625
5582.79139570 0.72594413
5587.79389695 0.72584206
5592.79639820 0.72574004
5597.79889945 0.72563807
5602.80140070 0.72553616
5607.80390195 0.72543430
5612.80640320 0.72533249
5617.80890445 0.72523073
5622.81140570 0.72512903
5627.81390695 0.72502737
5632.81640820 0.72492577
5637.81890945 0.72482423
5642.82141071 0.72472273
5647.82391196 0.72462128
5652.82641321 0.72451989
5657.82891446 0.72441855
5662.83141571 0.72431726
5667.83391696 0.72421602
5672.83641821 0.72411483
5677.83891946 0.72401369
5682.84142071 0.72391261
5687.84392196 0.72381158
5692.84642321 0.72371059
5697.84892446 0.72360966
5702.85142571 0.72350878
5707.85392696 0.72340795
5712.85642821 0.72330717
5717.85892946 0.72320645
5722.86143072 0.72310577
5727.86393197 0.72300514
5732.86643322 0.72290457
5737.86893447 0.72280404
5742.87143572 0.72270357
5747.87393697 0.72260314
5752.87643822 0.72250277
5757.87893947 0.72240244
5762.88144072 0.72230217
5767.88394197 0.72220195
5772.88644322 0.72210177
5777.88894447 0.72200165
5782.89144572 0.72190157
5787.89394697 0.72180155
5792.89644822 0.72170158
5797.89894947 0.72160165
5802.90145073 0.72150178
5807.90395198 0.72140195
5812.90645323 0.72130218
5817.90895448 0.72120245
5822.91145573 0.72110277
5827.91395698 0.72100314
5832.91645823 0.72090357
5837.91895948 0.72080404
5842.92146073 0.72070456
5847.92396198 0.72060512
5852.92646323 0.72050574
5857.92896448 0.72040641
5862.93146573 0.72030712
5867.93396698 0.72020789
5872.93646823 0.72010870
5877.93896948 0.72000956
5882.94147074 0.71991047
5887.94397199 0.71981143
5892.94647324 0.71971244
5897.94897449 0.71961350
5902.95147574 0.71951460
5907.95397699 0.71941575
5912.95647824 0.71931695
5917.95897949 0.71921820
5922.96148074 0.71911950
5927.96398199 0.71902084
5932.96648324 0.71892224
5937.96898449 0.71882368
5942.97148574 0.71872516
5947.97398699 0.71862670
5952.97648824 0.71852828
5957.97898949 0.71842992
5962.98149075 0.71833160
5967.98399200 0.71823332
5972.98649325 0.71813510
5977.98899450 0.71803692
5982.99149575 0.71793879
5987.99399700 0.71784070
5992.99649825 0.71774267
5997.99899950 0.71764468
6003.00150075 0.71754673
6008.00400200 0.71744884
6013.00650325 0.71735099
6018.00900450 0.71725319
6023.01150575 0.71715543
6028.01400700 0.71705773
6033.01650825 0.71696007
6038.01900950 0.71686245
6043.02151076 0.71676488
6048.02401201 0.71666736
6053.02651326 0.71656989
6058.02901451 0.71647246
6063.03151576 0.71637508
6068.03401701 0.71627774
6073.03651826 0.71618045
6078.03901951 0.71608321
6083.04152076 0.71598601
6088.04402201 0.71588886
6093.04652326 0.71579176
6098.04902451 0.71569470
6103.05152576 0.71559768
6108.05402701 0.71550072
6113.05652826 0.71540380
6118.05902951 0.71530692
6123.06153077 0.71521009
6128.06403202 0.71511330
6133.06653327 0.71501657
6138.06903452 0.71491987
6143.07153577 0.71482322
6148.07403702 0.71472662
6153.07653827 0.71463007
6158.07903952 0.71453355
6163.08154077 0.71443709
6168.08404202 0.71434066
6173.08654327 0.71424429
6178.08904452 0.71414796
6183.09154577 0.71405167
6188.09404702 0.71395543
6193.09654827 0.71385923
6198.09904952 0.71376308
6203.10155078 0.71366697
6208.10405203 0.71357091
6213.10655328 0.71347489
6218.10905453 0.71337892
6223.11155578 0.71328299
6228.11405703 0.71318711
6233.11655828 0.71309127
6238.11905953 0.71299547
6243.12156078 0.71289972
6248.12406203 0.71280402
6253.12656328 0.71270835
6258.12906453 0.71261274
6263.13156578 0.71251716
6268.13406703 0.71242163
6273.13656828 0.71232615
6278.13906953 0.71223070
6283.14157079 0.71213531
6288.14407204 0.71203995
6293.14657329 0.71194464
6298.14907454 0.71184937
6303.15157579 0.71175415
6308.15407704 0.71165897
6313.15657829 0.71156384
6318.15907954 0.71146874
6323.16158079 0.71137369
6328.16408204 0.71127869
6333.16658329 0.71118373
6338.16908454 0.71108881
6343.17158579 0.71099393
6348.17408704 0.71089910
6353.17658829 0.71080431
6358.17908954 0.71070956
6363.18159080 0.71061486
6368.18409205 0.71052020
6373.18659330 0.71042558
6378.18909455 0.71033101
6383.19159580 0.71023648
6388.19409705 0.71014199
6393.19659830 0.71004754
6398.19909955 0.70995314
6403.20160080 0.70985878
6408.20410205 0.70976446
6413.20660330 0.70967019
6418.20910455 0.70957595
6423.21160580 0.70948176
6428.21410705 0.70938761
6433.21660830 0.70929351
6438.21910955 0.70919945
6443.22161081 0.70910542
6448.22411206 0.70901144
6453.22661331 0.70891751
6458.22911456 0.70882361
6463.23161581 0.70872976
6468.23411706 0.70863595
6473.23661831 0.70854218
6478.23911956 0.70844845
6483.24162081 0.70835477
6488.24412206 0.70826112
6493.24662331 0.70816752
6498.24912456 0.70807396
6503.25162581 0.70798044
6508.25412706 0.70788697
6513.25662831 0.70779353
6518.25912956 0.70770014
6523.26163082 0.70760679
6528.26413207 0.70751347
6533.26663332 0.70742020
6538.26913457 0.70732698
6543.27163582 0.70723379
6548.27413707 0.70714064
6553.27663832 0.70704754
6558.27913957 0.70695448
6563.28164082 0.70686145
6568.28414207 0.70676847
6573.28664332 0.70667553
6578.28914457 0.70658263
6583.29164582 0.70648977
6588.29414707 0.70639695
6593.29664832 0.70630418
6598.29914957 0.70621144
6603.30165083 0.70611874
6608.30415208 0.70602609
6613.30665333 0.70593347
6618.30915458 0.70584090
6623.31165583 0.70574837
6628.31415708 0.70565587
6633.31665833 0.70556342
6638.31915958 0.70547101
6643.32166083 0.70537863
6648.32416208 0.70528630
6653.32666333 0.70519401
6658.32916458 0.70510176
6663.33166583 0.70500955
6668.33416708 0.70491738
6673.33666833 0.70482524
6678.33916958 0.70473315
6683.34167084 0.70464110
6688.34417209 0.70454909
6693.34667334 0.70445712
6698.34917459 0.70436519
6703.35167584 0.70427329
6708.35417709 0.70418144
6713.35667834 0.70408963
6718.35917959 0.70399786
6723.36168084 0.70390612
6728.36418209 0.70381443
6733.36668334 0.70372277
6738.36918459 0.70363116
6743.37168584 0.70353958
6748.37418709 0.70344805
6753.37668834 0.70335655
6758.37918959 0.70326509
6763.38169085 0.70317367
6768.38419210 0.70308229
6773.38669335 0.70299095
6778.38919460 0.70289965
6783.39169585 0.70280839
6788.39419710 0.70271716
6793.39669835 0.70262598
6798.39919960 0.70253483
6803.40170085 0.70244373
6808.40420210 0.70235266
6813.40670335 0.70226163
6818.40920460 0.70217064
6823.41170585 0.70207969
6828.41420710 0.70198878
6833.41670835 0.70189790
6838.41920960 0.70180707
6843.42171086 0.70171627
6848.42421211 0.70162551
6853.42671336 0.70153479
6858.42921461 0.70144411
6863.43171586 0.70135346
6868.43421711 0.70126286
6873.43671836 0.70117229
6878.43921961 0.70108176
6883.44172086 0.70099127
6888.44422211 0.70090082
6893.44672336 0.70081040
6898.44922461 0.70072003
6903.45172586 0.70062969
6908.45422711 0.70053939
6913.45672836 0.70044913
6918.45922961 0.70035890
6923.46173087 0.70026872
6928.46423212 0.70017857
6933.46673337 0.70008846
6938.46923462 0.69999838
6943.47173587 0.69990835
6948.47423712 0.69981835
6953.47673837 0.69972839
6958.47923962 0.69963846
6963.48174087 0.69954858
6968.48424212 0.69945873
6973.48674337 0.69936892
6978.48924462 0.69927915
6983.49174587 0.69918941
6988.49424712 0.69909971
6993.49674837 0.69901005
6998.49924962 0.69892043
7003.50175088 0.69883084
7008.50425213 0.69874129
7013.50675338 0.69865178
7018.50925463 0.69856230
7023.51175588 0.69847286
7028.51425713 0.69838346
7033.51675838 0.69829410
7038.51925963 0.69820477
7043.52176088 0.69811548
7048.52426213 0.69802622
7053.52676338 0.69793701
7058.52926463 0.69784783
7063.53176588 0.69775868
7068.53426713 0.69766958
7073.53676838 0.69758050
7078.53926963 0.69749147
7083.54177089 0.69740247
7088.54427214 0.69731351
7093.54677339 0.69722459
7098.54927464 0.69713570
7103.55177589 0.69704685
7108.55427714 0.69695803
7113.55677839 0.69686925
7118.55927964 0.69678051
7123.56178089 0.69669181
7128.56428214 0.69660314
7133.56678339 0.69651450
7138.56928464 0.69642590
7143.57178589 0.69633734
7148.57428714 0.69624882
7153.57678839 0.69616033
7158.57928964 0.69607187
7163.58179090 0.69598346
7168.58429215 0.69589507
7173.58679340 0.69580673
7178.58929465 0.69571842
7183.59179590 0.69563014
7188.59429715 0.69554190
7193.59679840 0.69545370
7198.59929965 0.69536553
7203.60180090 0.69527740
7208.60430215 0.69518931
7213.60680340 0.69510125
7218.60930465 0.69501322
7223.61180590 0.69492523
7228.61430715 0.69483728
7233.61680840 0.69474936
7238.61930965 0.69466147
7243.62181091 0.69457363
7248.62431216 0.69448581
7253.62681341 0.69439804
7258.62931466 0.69431029
7263.63181591 0.69422259
7268.63431716 0.69413492
7273.63681841 0.69404728
7278.63931966 0.69395968
7283.64182091 0.69387211
7288.64432216 0.69378458
7293.64682341 0.69369708
7298.64932466 0.69360962
7303.65182591 0.69352220
7308.65432716 0.69343480
7313.65682841 0.69334745
7318.65932966 0.69326012
7323.66183092 0.69317284
7328.66433217 0.69308558
7333.66683342 0.69299837
7338.66933467 0.69291118
7343.67183592 0.69282403
7348.67433717 0.69273692
7353.67683842 0.69264984
7358.67933967 0.69256279
7363.68184092 0.69247578
7368.68434217 0.69238881
7373.68684342 0.69230187
7378.68934467 0.69221496
7383.69184592 0.69212809
7388.69434717 0.69204125
7393.69684842 0.69195444
7398.69934967 0.69186767
7403.70185093 0.69178094
7408.70435218 0.69169423
7413.70685343 0.69160757
7418.70935468 0.69152093
7423.71185593 0.69143433
7428.71435718 0.69134777
7433.71685843 0.69126123
7438.71935968 0.69117474
7443.72186093 0.69108827
7448.72436218 0.69100184
7453.72686343 0.69091545
7458.72936468 0.69082908
7463.73186593 0.69074276
7468.73436718 0.69065646
7473.73686843 0.69057020
7478.73936968 0.69048397
7483.74187094 0.69039778
7488.74437219 0.69031162
7493.74687344 0.69022549
7498.74937469 0.69013940
7503.75187594 0.69005334
7508.75437719 0.68996731
7513.75687844 0.68988132
7518.75937969 0.68979536
7523.76188094 0.68970944
7528.76438219 0.68962354
7533.76688344 0.68953768
7538.76938469 0.68945186
7543.77188594 0.68936607
7548.77438719 0.68928031
7553.77688844 0.68919458
7558.77938969 0.68910889
7563.78189095 0.68902323
7568.78439220 0.68893760
7573.78689345 0.68885201
7578.78939470 0.68876644
7583.79189595 0.68868092
7588.79439720 0.68859542
7593.79689845 0.68850996
7598.79939970 0.68842453
7603.80190095 0.68833913
7608.80440220 0.68825377
7613.80690345 0.68816844
7618.80940470 0.68808314
7623.81190595 0.68799788
7628.81440720 0.68791264
7633.81690845 0.68782744
7638.81940970 0.68774228
7643.82191096 0.68765714
7648.82441221 0.68757204
7653.82691346 0.68748697
7658.82941471 0.68740193
7663.83191596 0.68731693
7668.83441721 0.68723196
7673.83691846 0.68714702
7678.83941971 0.68706211
7683.84192096 0.68697724
7688.84442221 0.68689239
7693.84692346 0.68680758
7698.84942471 0.68672280
7703.85192596 0.68663806
7708.85442721 0.68655334
7713.85692846 0.68646866
7718.85942971 0.68638401
7723.86193097 0.68629940
7728.86443222 0.68621481
7733.86693347 0.68613026
7738.86943472 0.68604574
7743.87193597 0.68596125
7748.87443722 0.68587679
7753.87693847 0.68579236
7758.87943972 0.68570797
7763.88194097 0.68562361
7768.88444222 0.68553928
7773.88694347 0.68545498
7778.88944472 0.68537071
7783.89194597 0.68528648
7788.89444722 0.68520227
7793.89694847 0.68511810
7798.89944972 0.68503396
7803.90195098 0.68494986
7808.90445223 0.68486578
7813.90695348 0.68478173
7818.90945473 0.68469772
7823.91195598 0.68461374
7828.91445723 0.68452979
7833.91695848 0.68444587
7838.91945973 0.68436198
7843.92196098 0.68427812
7848.92446223 0.68419430
7853.92696348 0.68411050
7858.92946473 0.68402674
7863.93196598 0.68394301
7868.93446723 0.68385931
7873.93696848 0.68377564
7878.93946973 0.68369200
7883.94197099 0.68360840
7888.94447224 0.68352482
7893.94697349 0.68344128
7898.94947474 0.68335776
7903.95197599 0.68327428
7908.95447724 0.68319083
7913.95697849 0.68310741
7918.95947974 0.68302402
7923.96198099 0.68294066
7928.96448224 0.68285733
7933.96698349 0.68277403
7938.96948474 0.68269077
7943.97198599 0.68260753
7948.97448724 0.68252433
7953.97698849 0.68244115
7958.97948974 0.68235801
7963.98199100 0.68227490
7968.98449225 0.68219182
7973.98699350 0.68210876
7978.98949475 0.68202574
7983.99199600 0.68194275
7988.99449725 0.68185979
7993.99699850 0.68177686
7998.99949975 0.68169396
8004.00200100 0.68161110
8009.00450225 0.68152826
8014.00700350 0.68144545
8019.00950475 0.68136267
8024.01200600 0.68127993
8029.01450725 0.68119721
8034.01700850 0.68111452
8039.01950975 0.68103187
8044.02201101 0.68094924
8049.02451226 0.68086664
8054.02701351 0.68078408
8059.02951476 0.68070154
8064.03201601 0.68061904
8069.03451726 0.68053656
8074.03701851 0.68045412
8079.03951976 0.68037170
8084.04202101 0.68028931
8089.04452226 0.68020696
8094.04702351 0.68012463
8099.04952476 0.68004234
8104.05202601 0.67996007
8109.05452726 0.67987784
8114.05702851 0.67979563
8119.05952976 0.67971345
8124.06203102 0.67963131
8129.06453227 0.67954919
8134.06703352 0.67946710
8139.06953477 0.67938505
8144.07203602 0.67930302
8149.07453727 0.67922102
8154.07703852 0.67913905
8159.07953977 0.67905711
8164.08204102 0.67897520
8169.08454227 0.67889332
8174.08704352 0.67881147
8179.08954477 0.67872965
8184.09204602 0.67864786
8189.09454727 0.67856610
8194.09704852 0.67848436
8199.09954977 0.67840266
8204.10205103 0.67832099
8209.10455228 0.67823934
8214.10705353 0.67815773
8219.10955478 0.67807614
8224.11205603 0.67799458
8229.11455728 0.67791305
8234.11705853 0.67783156
8239.11955978 0.67775009
8244.12206103 0.67766865
8249.12456228 0.67758724
8254.12706353 0.67750585
8259.12956478 0.67742450
8264.13206603 0.67734318
8269.13456728 0.67726188
8274.13706853 0.67718061
8279.13956978 0.67709938
8284.14207104 0.67701817
8289.14457229 0.67693699
8294.14707354 0.67685584
8299.14957479 0.67677472
8304.15207604 0.67669362
8309.15457729 0.67661256
8314.15707854 0.67653152
8319.15957979 0.67645052
8324.16208104 0.67636954
8329.16458229 0.67628859
8334.16708354 0.67620767
8339.16958479 0.67612678
8344.17208604 0.67604591
8349.17458729 0.67596508
8354.17708854 0.67588427
8359.17958979 0.67580350
8364.18209105 0.67572275
8369.18459230 0.67564203
8374.18709355 0.67556133
8379.18959480 0.67548067
8384.19209605 0.67540003
8389.19459730 0.67531943
8394.19709855 0.67523885
8399.19959980 0.67515830
8404.20210105 0.67507778
8409.20460230 0.67499728
8414.20710355 0.67491682
8419.20960480 0.67483638
8424.21210605 0.67475597
8429.21460730 0.67467559
8434.21710855 0.67459524
8439.21960980 0.67451491
8444.22211106 0.67443462
8449.22461231 0.67435435
8454.22711356 0.67427411
8459.22961481 0.67419389
8464.23211606 0.67411371
8469.23461731 0.67403355
8474.23711856 0.67395342
8479.23961981 0.67387332
8484.24212106 0.67379325
8489.24462231 0.67371321
8494.24712356 0.67363319
8499.24962481 0.67355320
8504.25212606 0.67347324
8509.25462731 0.67339331
8514.25712856 0.67331340
8519.25962981 0.67323352
8524.26213107 0.67315367
8529.26463232 0.67307385
8534.26713357 0.67299406
8539.26963482 0.67291429
8544.27213607 0.67283455
8549.27463732 0.67275484
8554.27713857 0.67267515
8559.27963982 0.67259550
8564.28214107 0.67251587
8569.28464232 0.67243627
8574.28714357 0.67235669
8579.28964482 0.67227714
8584.29214607 0.67219763
8589.29464732 0.67211813
8594.29714857 0.67203867
8599.29964982 0.67195923
8604.30215108 0.67187982
8609.30465233 0.67180044
8614.30715358 0.67172108
8619.30965483 0.67164176
8624.31215608 0.67156246
8629.31465733 0.67148318
8634.31715858 0.67140394
8639.31965983 0.67132472
8644.32216108 0.67124552
8649.32466233 0.67116636
8654.32716358 0.67108722
8659.32966483 0.67100811
8664.33216608 0.67092903
8669.33466733 0.67084997
8674.33716858 0.67077094
8679.33966983 0.67069194
8684.34217109 0.67061296
8689.34467234 0.67053401
8694.34717359 0.67045509
8699.34967484 0.67037620
8704.35217609 0.67029733
8709.35467734 0.67021849
8714.35717859 0.67013967
8719.35967984 0.67006089
8724.36218109 0.66998213
8729.36468234 0.66990339
8734.36718359 0.66982469
8739.36968484 0.66974601
8744.37218609 0.66966735
8749.37468734 0.66958872
8754.37718859 0.66951012
8759.37968984 0.66943155
8764.38219110 0.66935300
8769.38469235 0.66927448
8774.38719360 0.66919599
8779.38969485 0.66911752
8784.39219610 0.66903908
8789.39469735 0.66896067
8794.39719860 0.66888228
8799.39969985 0.66880392
8804.40220110 0.66872558
8809.40470235 0.66864727
8814.40720360 0.66856899
8819.40970485 0.66849073
8824.41220610 0.66841250
8829.41470735 0.66833430
8834.41720860 0.66825612
8839.41970985 0.66817797
8844.42221111 0.66809985
8849.42471236 0.66802175
8854.42721361 0.66794368
8859.42971486 0.66786563
8864.43221611 0.66778761
8869.43471736 0.66770962
8874.43721861 0.66763165
8879.43971986 0.66755371
8884.44222111 0.66747580
8889.44472236 0.66739791
8894.44722361 0.66732004
8899.44972486 0.66724221
8904.45222611 0.66716440
8909.45472736 0.66708661
8914.45722861 0.66700885
8919.45972986 0.66693112
8924.46223112 0.66685341
8929.46473237 0.66677573
8934.46723362 0.66669807
8939.46973487 0.66662045
8944.47223612 0.66654284
8949.47473737 0.66646526
8954.47723862 0.66638771
8959.47973987 0.66631018
8964.48224112 0.66623268
8969.48474237 0.66615521
8974.48724362 0.66607776
8979.48974487 0.66600034
8984.49224612 0.66592294
8989.49474737 0.66584557
8994.49724862 0.66576822
8999.49974987 0.66569090
9004.50225113 0.66561360
9009.50475238 0.66553633
9014.50725363 0.66545909
9019.50975488 0.66538187
9024.51225613 0.66530468
9029.51475738 0.66522751
9034.51725863 0.66515036
9039.51975988 0.66507325
9044.52226113 0.66499616
9049.52476238 0.66491909
9054.52726363 0.66484205
9059.52976488 0.66476503
9064.53226613 0.66468804
9069.53476738 0.66461108
9074.53726863 0.66453414
9079.53976988 0.66445722
9084.54227114 0.66438033
9089.54477239 0.66430347
9094.54727364 0.66422663
9099.54977489 0.66414982
9104.55227614 0.66407303
9109.55477739 0.66399627
9114.55727864 0.66391953
9119.55977989 0.66384282
9124.56228114 0.66376613
9129.56478239 0.66368946
9134.56728364 0.66361283
9139.56978489 0.66353621
9144.57228614 0.66345963
9149.57478739 0.66338306
9154.57728864 0.66330653
9159.57978989 0.66323001
9164.58229115 0.66315352
9169.58479240 0.66307706
9174.58729365 0.66300062
9179.58979490 0.66292421
9184.59229615 0.66284782
9189.59479740 0.66277146
9194.59729865 0.66269512
9199.59979990 0.66261881
9204.60230115 0.66254252
9209.60480240 0.66246625
9214.60730365 0.66239001
9219.60980490 0.66231380
9224.61230615 0.66223761
9229.61480740 0.66216144
9234.61730865 0.66208530
9239.61980990 0.66200918
9244.62231116 0.66193309
9249.62481241 0.66185702
9254.62731366 0.66178098
9259.62981491 0.66170496
9264.63231616 0.66162897
9269.63481741 0.66155300
9274.63731866 0.66147706
9279.63981991 0.66140114
9284.64232116 0.66132524
9289.64482241 0.66124937
9294.64732366 0.66117352
9299.64982491 0.66109770
9304.65232616 0.66102190
9309.65482741 0.66094613
9314.65732866 0.66087038
9319.65982991 0.66079465
9324.66233117 0.66071895
9329.66483242 0.66064328
9334.66733367 0.66056762
9339.66983492 0.66049200
9344.67233617 0.66041639
9349.67483742 0.66034081
9354.67733867 0.66026526
9359.67983992 0.66018973
9364.68234117 0.66011422
9369.68484242 0.66003874
9374.68734367 0.65996328
9379.68984492 0.65988784
9384.69234617 0.65981243
9389.69484742 0.65973705
9394.69734867 0.65966168
9399.69984992 0.65958635
9404.70235118 0.65951103
9409.70485243 0.65943574
9414.70735368 0.65936047
9419.70985493 0.65928523
9424.71235618 0.65921001
9429.71485743 0.65913482
9434.71735868 0.65905965
9439.71985993 0.65898450
9444.72236118 0.65890938
9449.72486243 0.65883428
9454.72736368 0.65875920
9459.72986493 0.65868415
9464.73236618 0.65860912
9469.73486743 0.65853412
9474.73736868 0.65845914
9479.73986993 0.65838418
9484.74237119 0.65830925
9489.74487244 0.65823434
9494.74737369 0.65815945
9499.74987494 0.65808459
9504.75237619 0.65800975
9509.75487744 0.65793494
9514.75737869 0.65786015
9519.75987994 0.65778538
9524.76238119 0.65771064
9529.76488244 0.65763592
9534.76738369 0.65756122
9539.76988494 0.65748655
9544.77238619 0.65741190
9549.77488744 0.65733727
9554.77738869 0.65726267
9559.77988994 0.65718809
9564.78239120 0.65711353
9569.78489245 0.65703900
9574.78739370 0.65696449
9579.78989495 0.65689001
9584.79239620 0.65681554
9589.79489745 0.65674110
9594.79739870 0.65666669
9599.79989995 0.65659230
9604.80240120 0.65651793
9609.80490245 0.65644358
9614.80740370 0.65636926
9619.80990495 0.65629496
9624.81240620 0.65622068
9629.81490745 0.65614643
9634.81740870 0.65607220
9639.81990995 0.65599799
9644.82241121 0.65592381
9649.82491246 0.65584965
9654.82741371 0.65577551
9659.82991496 0.65570140
9664.83241621 0.65562730
9669.83491746 0.65555324
9674.83741871 0.65547919
9679.83991996 0.65540517
9684.84242121 0.65533117
9689.84492246 0.65525719
9694.84742371 0.65518324
9699.84992496 0.65510931
9704.85242621 0.65503540
9709.85492746 0.65496152
9714.85742871 0.65488766
9719.85992996 0.65481382
9724.86243122 0.65474000
9729.86493247 0.65466621
9734.86743372 0.65459244
9739.86993497 0.65451869
9744.87243622 0.65444497
9749.87493747 0.65437127
9754.87743872 0.65429759
9759.87993997 0.65422393
9764.88244122 0.65415030
9769.88494247 0.65407669
9774.88744372 0.65400310
9779.88994497 0.65392953
9784.89244622 0.65385599
9789.89494747 0.65378247
9794.89744872 0.65370897
9799.89994997 0.65363550
9804.90245123 0.65356205
9809.90495248 0.65348862
9814.90745373 0.65341521
9819.90995498 0.65334182
9824.91245623 0.65326846
9829.91495748 0.65319512
9834.91745873 0.65312181
9839.91995998 0.65304851
9844.92246123 0.65297524
9849.92496248 0.65290199
9854.92746373 0.65282876
9859.92996498 0.65275556
9864.93246623 0.65268238
9869.93496748 0.65260922
9874.93746873 0.65253608
9879.93996998 0.65246296
9884.94247124 0.65238987
9889.94497249 0.65231680
9894.94747374 0.65224375
9899.94997499 0.65217072
9904.95247624 0.65209772
9909.95497749 0.65202474
9914.95747874 0.65195178
9919.95997999 0.65187884
9924.96248124 0.65180593
9929.96498249 0.65173303
9934.96748374 0.65166016
9939.96998499 0.65158732
9944.97248624 0.65151449
9949.97498749 0.65144169
9954.97748874 0.65136890
9959.97998999 0.65129614
9964.98249125 0.65122341
9969.98499250 0.65115069
9974.98749375 0.65107800
9979.98999500 0.65100532
9984.99249625 0.65093267
9989.99499750 0.65086005
9994.99749875 0.65078744
10000.00000000 0.65071486
