0.00000000 1.00000000
5.00250125 0.98997793
10.00500250 0.98401435
15.00750375 0.97934742
20.01000500 0.97541698
25.01250625 0.97198485
30.01500750 0.96891963
35.01750875 0.96613846
40.02001001 0.96358484
45.02251126 0.96121818
50.02501251 0.95900823
55.02751376 0.95693173
60.03001501 0.95497046
65.03251626 0.95310979
70.03501751 0.95133783
75.03751876 0.94964472
80.04002001 0.94802227
85.04252126 0.94646349
90.04502251 0.94496246
95.04752376 0.94351406
100.05002501 0.94211384
105.05252626 0.94075792
110.05502751 0.93944288
115.05752876 0.93816569
120.06003002 0.93692367
125.06253127 0.93571441
130.06503252 0.93453576
135.06753377 0.93338577
140.07003502 0.93226268
145.07253627 0.93116491
150.07503752 0.93009099
155.07753877 0.92903960
160.08004002 0.92800954
165.08254127 0.92699968
170.08504252 0.92600901
175.08754377 0.92503657
180.09004502 0.92408150
185.09254627 0.92314299
190.09504752 0.92222028
195.09754877 0.92131267
200.10005003 0.92041953
205.10255128 0.91954023
210.10505253 0.91867422
215.10755378 0.91782096
220.11005503 0.91697996
225.11255628 0.91615075
230.11505753 0.91533289
235.11755878 0.91452597
240.12006003 0.91372960
245.12256128 0.91294340
250.12506253 0.91216704
255.12756378 0.91140019
260.13006503 0.91064253
265.13256628 0.90989377
270.13506753 0.90915362
275.13756878 0.90842183
280.14007004 0.90769814
285.14257129 0.90698231
290.14507254 0.90627411
295.14757379 0.90557333
300.15007504 0.90487974
305.15257629 0.90419316
310.15507754 0.90351339
315.15757879 0.90284026
320.16008004 0.90217358
325.16258129 0.90151319
330.16508254 0.90085893
335.16758379 0.90021065
340.17008504 0.89956819
345.17258629 0.89893143
350.17508754 0.89830022
355.17758879 0.89767442
360.18009005 0.89705393
365.18259130 0.89643860
370.18509255 0.89582834
375.18759380 0.89522302
380.19009505 0.89462253
385.19259630 0.89402678
390.19509755 0.89343566
395.19759880 0.89284908
400.20010005 0.89226693
405.20260130 0.89168913
410.20510255 0.89111559
415.20760380 0.89054623
420.21010505 0.88998096
425.21260630 0.88941971
430.21510755 0.88886239
435.21760880 0.88830894
440.22011006 0.88775927
445.22261131 0.88721332
450.22511256 0.88667103
455.22761381 0.88613231
460.23011506 0.88559712
465.23261631 0.88506539
470.23511756 0.88453706
475.23761881 0.88401206
480.24012006 0.88349035
485.24262131 0.88297186
490.24512256 0.88245655
495.24762381 0.88194435
500.25012506 0.88143523
505.25262631 0.88092912
510.25512756 0.88042598
515.25762881 0.87992577
520.26013007 0.87942844
525.26263132 0.87893393
530.26513257 0.87844222
535.26763382 0.87795326
540.27013507 0.87746699
545.27263632 0.87698340
550.27513757 0.87650243
555.27763882 0.87602404
560.28014007 0.87554821
565.28264132 0.87507489
570.28514257 0.87460404
575.28764382 0.87413564
580.29014507 0.87366965
585.29264632 0.87320603
590.29514757 0.87274475
595.29764882 0.87228578
600.30015008 0.87182909
605.30265133 0.87137465
610.30515258 0.87092242
615.30765383 0.87047239
620.31015508 0.87002452
625.31265633 0.86957878
630.31515758 0.86913514
635.31765883 0.86869359
640.32016008 0.86825408
645.32266133 0.86781661
650.32516258 0.86738113
655.32766383 0.86694763
660.33016508 0.86651609
665.33266633 0.86608647
670.33516758 0.86565877
675.33766883 0.86523294
680.34017009 0.86480898
685.34267134 0.86438685
690.34517259 0.86396655
695.34767384 0.86354804
700.35017509 0.86313131
705.35267634 0.86271633
710.35517759 0.86230309
715.35767884 0.86189157
720.36018009 0.86148175
725.36268134 0.86107360
730.36518259 0.86066712
735.36768384 0.86026228
740.37018509 0.85985906
745.37268634 0.85945745
750.37518759 0.85905743
755.37768884 0.85865899
760.38019010 0.85826210
765.38269135 0.85786676
770.38519260 0.85747293
775.38769385 0.85708062
780.39019510 0.85668980
785.39269635 0.85630046
790.39519760 0.85591258
795.39769885 0.85552615
800.40020010 0.85514116
805.40270135 0.85475759
810.40520260 0.85437542
815.40770385 0.85399464
820.41020510 0.85361525
825.41270635 0.85323722
830.41520760 0.85286054
835.41770885 0.85248520
840.42021011 0.85211119
845.42271136 0.85173850
850.42521261 0.85136710
855.42771386 0.85099700
860.43021511 0.85062817
865.43271636 0.85026062
870.43521761 0.84989431
875.43771886 0.84952925
880.44022011 0.84916542
885.44272136 0.84880282
890.44522261 0.84844142
895.44772386 0.84808122
900.45022511 0.84772222
905.45272636 0.84736439
910.45522761 0.84700773
915.45772886 0.84665222
920.46023012 0.84629787
925.46273137 0.84594465
930.46523262 0.84559257
935.46773387 0.84524160
940.47023512 0.84489174
945.47273637 0.84454298
950.47523762 0.84419531
955.47773887 0.84384873
960.48024012 0.84350322
965.48274137 0.84315877
970.48524262 0.84281538
975.48774387 0.84247304
980.49024512 0.84213173
985.49274637 0.84179145
990.49524762 0.84145220
995.49774887 0.84111396
1000.50025013 0.84077673
1005.50275138 0.84044049
1010.50525263 0.84010525
1015.50775388 0.83977099
1020.51025513 0.83943770
1025.51275638 0.83910538
1030.51525763 0.83877402
1035.51775888 0.83844361
1040.52026013 0.83811414
1045.52276138 0.83778562
1050.52526263 0.83745803
1055.52776388 0.83713136
1060.53026513 0.83680560
1065.53276638 0.83648076
1070.53526763 0.83615682
1075.53776888 0.83583378
1080.54027014 0.83551163
1085.54277139 0.83519036
1090.54527264 0.83486997
1095.54777389 0.83455045
1100.55027514 0.83423180
1105.55277639 0.83391400
1110.55527764 0.83359706
1115.55777889 0.83328097
1120.56028014 0.83296571
1125.56278139 0.83265129
1130.56528264 0.83233770
1135.56778389 0.83202493
1140.57028514 0.83171298
1145.57278639 0.83140184
1150.57528764 0.83109150
1155.57778889 0.83078197
1160.58029015 0.83047323
1165.58279140 0.83016529
1170.58529265 0.82985812
1175.58779390 0.82955174
1180.59029515 0.82924613
1185.59279640 0.82894129
1190.59529765 0.82863721
1195.59779890 0.82833389
1200.60030015 0.82803132
1205.60280140 0.82772950
1210.60530265 0.82742843
1215.60780390 0.82712810
1220.61030515 0.82682850
1225.61280640 0.82652962
1230.61530765 0.82623148
1235.61780890 0.82593405
1240.62031016 0.82563734
1245.62281141 0.82534134
1250.62531266 0.82504605
1255.62781391 0.82475146
1260.63031516 0.82445756
1265.63281641 0.82416436
1270.63531766 0.82387185
1275.63781891 0.82358002
1280.64032016 0.82328888
1285.64282141 0.82299841
1290.64532266 0.82270861
1295.64782391 0.82241948
1300.65032516 0.82213101
1305.65282641 0.82184320
1310.65532766 0.82155605
1315.65782891 0.82126955
1320.66033017 0.82098370
1325.66283142 0.82069850
1330.66533267 0.82041393
1335.66783392 0.82013000
1340.67033517 0.81984670
1345.67283642 0.81956404
1350.67533767 0.81928199
1355.67783892 0.81900057
1360.68034017 0.81871977
1365.68284142 0.81843958
1370.68534267 0.81816000
1375.68784392 0.81788103
1380.69034517 0.81760267
1385.69284642 0.81732490
1390.69534767 0.81704774
1395.69784892 0.81677116
1400.70035018 0.81649518
1405.70285143 0.81621978
1410.70535268 0.81594497
1415.70785393 0.81567073
1420.71035518 0.81539708
1425.71285643 0.81512400
1430.71535768 0.81485149
1435.71785893 0.81457954
1440.72036018 0.81430817
1445.72286143 0.81403735
1450.72536268 0.81376709
1455.72786393 0.81349739
1460.73036518 0.81322824
1465.73286643 0.81295964
1470.73536768 0.81269158
1475.73786893 0.81242407
1480.74037019 0.81215710
1485.74287144 0.81189067
1490.74537269 0.81162477
1495.74787394 0.81135940
1500.75037519 0.81109457
1505.75287644 0.81083026
1510.75537769 0.81056647
1515.75787894 0.81030320
1520.76038019 0.81004046
1525.76288144 0.80977822
1530.76538269 0.80951650
1535.76788394 0.80925530
1540.77038519 0.80899459
1545.77288644 0.80873440
1550.77538769 0.80847470
1555.77788894 0.80821551
1560.78039020 0.80795681
1565.78289145 0.80769861
1570.78539270 0.80744090
1575.78789395 0.80718368
1580.79039520 0.80692695
1585.79289645 0.80667070
1590.79539770 0.80641493
1595.79789895 0.80615965
1600.80040020 0.80590484
1605.80290145 0.80565051
1610.80540270 0.80539665
1615.80790395 0.80514326
1620.81040520 0.80489034
1625.81290645 0.80463788
1630.81540770 0.80438589
1635.81790895 0.80413436
1640.82041021 0.80388329
1645.82291146 0.80363268
1650.82541271 0.80338252
1655.82791396 0.80313282
1660.83041521 0.80288356
1665.83291646 0.80263476
1670.83541771 0.80238640
1675.83791896 0.80213848
1680.84042021 0.80189101
1685.84292146 0.80164397
1690.84542271 0.80139738
1695.84792396 0.80115122
1700.85042521 0.80090549
1705.85292646 0.80066020
1710.85542771 0.80041533
1715.85792896 0.80017090
1720.86043022 0.79992689
1725.86293147 0.79968330
1730.86543272 0.79944013
1735.86793397 0.79919739
1740.87043522 0.79895506
1745.87293647 0.79871315
1750.87543772 0.79847166
1755.87793897 0.79823057
1760.88044022 0.79798990
1765.88294147 0.79774963
1770.88544272 0.79750977
1775.88794397 0.79727032
1780.89044522 0.79703127
1785.89294647 0.79679262
1790.89544772 0.79655438
1795.89794897 0.79631653
1800.90045023 0.79607907
1805.90295148 0.79584201
1810.90545273 0.79560534
1815.90795398 0.79536907
1820.91045523 0.79513318
1825.91295648 0.79489768
1830.91545773 0.79466257
1835.91795898 0.79442784
1840.92046023 0.79419349
1845.92296148 0.79395952
1850.92546273 0.79372593
1855.92796398 0.79349273
1860.93046523 0.79325989
1865.93296648 0.79302743
1870.93546773 0.79279535
1875.93796898 0.79256363
1880.94047024 0.79233229
1885.94297149 0.79210131
1890.94547274 0.79187070
1895.94797399 0.79164045
1900.95047524 0.79141057
1905.95297649 0.79118105
1910.95547774 0.79095189
1915.95797899 0.79072309
1920.96048024 0.79049464
1925.96298149 0.79026655
1930.96548274 0.79003882
1935.96798399 0.78981144
1940.97048524 0.78958441
1945.97298649 0.78935773
1950.97548774 0.78913140
1955.97798899 0.78890542
1960.98049025 0.78867978
1965.98299150 0.78845449
1970.98549275 0.78822954
1975.98799400 0.78800494
1980.99049525 0.78778067
1985.99299650 0.78755674
1990.99549775 0.78733315
1995.99799900 0.78710990
2001.00050025 0.78688698
2006.00300150 0.78666439
2011.00550275 0.78644214
2016.00800400 0.78622022
2021.01050525 0.78599862
2026.01300650 0.78577736
2031.01550775 0.78555642
2036.01800900 0.78533581
2041.02051026 0.78511552
2046.02301151 0.78489556
2051.02551276 0.78467592
2056.02801401 0.78445660
2061.03051526 0.78423760
2066.03301651 0.78401891
2071.03551776 0.78380055
2076.03801901 0.78358250
2081.04052026 0.78336476
2086.04302151 0.78314734
2091.04552276 0.78293023
2096.04802401 0.78271343
2101.05052526 0.78249694
2106.05302651 0.78228076
2111.05552776 0.78206489
2116.05802901 0.78184932
2121.06053027 0.78163406
2126.06303152 0.78141910
2131.06553277 0.78120445
2136.06803402 0.78099010
2141.07053527 0.78077604
2146.07303652 0.78056229
2151.07553777 0.78034884
2156.07803902 0.78013568
2161.08054027 0.77992282
2166.08304152 0.77971026
2171.08554277 0.77949798
2176.08804402 0.77928601
2181.09054527 0.77907432
2186.09304652 0.77886292
2191.09554777 0.77865182
2196.09804902 0.77844100
2201.10055028 0.77823047
2206.10305153 0.77802023
2211.10555278 0.77781027
2216.10805403 0.77760060
2221.11055528 0.77739121
2226.11305653 0.77718211
2231.11555778 0.77697328
2236.11805903 0.77676474
2241.12056028 0.77655647
2246.12306153 0.77634849
2251.12556278 0.77614078
2256.12806403 0.77593335
2261.13056528 0.77572619
2266.13306653 0.77551931
2271.13556778 0.77531270
2276.13806903 0.77510636
2281.14057029 0.77490030
2286.14307154 0.77469451
2291.14557279 0.77448898
2296.14807404 0.77428373
2301.15057529 0.77407874
2306.15307654 0.77387403
2311.15557779 0.77366957
2316.15807904 0.77346538
2321.16058029 0.77326146
2326.16308154 0.77305780
2331.16558279 0.77285440
2336.16808404 0.77265127
2341.17058529 0.77244839
2346.17308654 0.77224578
2351.17558779 0.77204342
2356.17808904 0.77184132
2361.18059030 0.77163948
2366.18309155 0.77143789
2371.18559280 0.77123657
2376.18809405 0.77103549
2381.19059530 0.77083467
2386.19309655 0.77063410
2391.19559780 0.77043378
2396.19809905 0.77023372
2401.20060030 0.77003390
2406.20310155 0.76983434
2411.20560280 0.76963502
2416.20810405 0.76943595
2421.21060530 0.76923713
2426.21310655 0.76903856
2431.21560780 0.76884023
2436.21810905 0.76864214
2441.22061031 0.76844430
2446.22311156 0.76824670
2451.22561281 0.76804935
2456.22811406 0.76785223
2461.23061531 0.76765536
2466.23311656 0.76745872
2471.23561781 0.76726233
2476.23811906 0.76706617
2481.24062031 0.76687025
2486.24312156 0.76667457
2491.24562281 0.76647913
2496.24812406 0.76628392
2501.25062531 0.76608894
2506.25312656 0.76589420
2511.25562781 0.76569969
2516.25812906 0.76550541
2521.26063032 0.76531137
2526.26313157 0.76511755
2531.26563282 0.76492397
2536.26813407 0.76473061
2541.27063532 0.76453749
2546.27313657 0.76434459
2551.27563782 0.76415192
2556.27813907 0.76395947
2561.28064032 0.76376725
2566.28314157 0.76357526
2571.28564282 0.76338349
2576.28814407 0.76319195
2581.29064532 0.76300062
2586.29314657 0.76280952
2591.29564782 0.76261865
2596.29814907 0.76242799
2601.30065033 0.76223755
2606.30315158 0.76204734
2611.30565283 0.76185734
2616.30815408 0.76166756
2621.31065533 0.76147800
2626.31315658 0.76128865
2631.31565783 0.76109952
2636.31815908 0.76091061
2641.32066033 0.76072191
2646.32316158 0.76053343
2651.32566283 0.76034516
2656.32816408 0.76015710
2661.33066533 0.75996925
2666.33316658 0.75978162
2671.33566783 0.75959420
2676.33816908 0.75940699
2681.34067034 0.75921999
2686.34317159 0.75903320
2691.34567284 0.75884661
2696.34817409 0.75866024
2701.35067534 0.75847407
2706.35317659 0.75828811
2711.35567784 0.75810235
2716.35817909 0.75791681
2721.36068034 0.75773146
2726.36318159 0.75754632
2731.36568284 0.75736139
2736.36818409 0.75717665
2741.37068534 0.75699212
2746.37318659 0.75680780
2751.37568784 0.75662367
2756.37818909 0.75643974
2761.38069035 0.75625602
2766.38319160 0.75607249
2771.38569285 0.75588917
2776.38819410 0.75570604
2781.39069535 0.75552311
2786.39319660 0.75534038
2791.39569785 0.75515784
2796.39819910 0.75497550
2801.40070035 0.75479336
2806.40320160 0.75461141
2811.40570285 0.75442966
2816.40820410 0.75424810
2821.41070535 0.75406673
2826.41320660 0.75388556
2831.41570785 0.75370458
2836.41820910 0.75352379
2841.42071036 0.75334319
2846.42321161 0.75316278
2851.42571286 0.75298257
2856.42821411 0.75280254
2861.43071536 0.75262270
2866.43321661 0.75244306
2871.43571786 0.75226359
2876.43821911 0.75208432
2881.44072036 0.75190524
2886.44322161 0.75172634
2891.44572286 0.75154762
2896.44822411 0.75136910
2901.45072536 0.75119076
2906.45322661 0.75101260
2911.45572786 0.75083462
2916.45822911 0.75065683
2921.46073037 0.75047923
2926.46323162 0.75030180
2931.46573287 0.75012456
2936.46823412 0.74994750
2941.47073537 0.74977062
2946.47323662 0.74959392
2951.47573787 0.74941740
2956.47823912 0.74924106
2961.48074037 0.74906490
2966.48324162 0.74888892
2971.48574287 0.74871312
2976.48824412 0.74853749
2981.49074537 0.74836205
2986.49324662 0.74818677
2991.49574787 0.74801168
2996.49824912 0.74783676
3001.50075038 0.74766202
3006.50325163 0.74748745
3011.50575288 0.74731305
3016.50825413 0.74713883
3021.51075538 0.74696478
3026.51325663 0.74679091
3031.51575788 0.74661721
3036.51825913 0.74644368
3041.52076038 0.74627032
3046.52326163 0.74609714
3051.52576288 0.74592412
3056.52826413 0.74575127
3061.53076538 0.74557860
3066.53326663 0.74540609
3071.53576788 0.74523376
3076.53826913 0.74506159
3081.54077039 0.74488959
3086.54327164 0.74471776
3091.54577289 0.74454609
3096.54827414 0.74437459
3101.55077539 0.74420326
3106.55327664 0.74403209
3111.55577789 0.74386109
3116.55827914 0.74369026
3121.56078039 0.74351959
3126.56328164 0.74334908
3131.56578289 0.74317874
3136.56828414 0.74300856
3141.57078539 0.74283855
3146.57328664 0.74266869
3151.57578789 0.74249900
3156.57828914 0.74232947
3161.58079040 0.74216011
3166.58329165 0.74199090
3171.58579290 0.74182186
3176.58829415 0.74165297
3181.59079540 0.74148424
3186.59329665 0.74131568
3191.59579790 0.74114727
3196.59829915 0.74097902
3201.60080040 0.74081093
3206.60330165 0.74064300
3211.60580290 0.74047523
3216.60830415 0.74030761
3221.61080540 0.74014015
3226.61330665 0.73997284
3231.61580790 0.73980569
3236.61830915 0.73963870
3241.62081041 0.73947186
3246.62331166 0.73930518
3251.62581291 0.73913865
3256.62831416 0.73897227
3261.63081541 0.73880605
3266.63331666 0.73863998
3271.63581791 0.73847407
3276.63831916 0.73830830
3281.64082041 0.73814269
3286.64332166 0.73797723
3291.64582291 0.73781193
3296.64832416 0.73764677
3301.65082541 0.73748176
3306.65332666 0.73731691
3311.65582791 0.73715220
3316.65832916 0.73698765
3321.66083042 0.73682324
3326.66333167 0.73665898
3331.66583292 0.73649487
3336.66833417 0.73633091
3341.67083542 0.73616710
3346.67333667 0.73600343
3351.67583792 0.73583992
3356.67833917 0.73567654
3361.68084042 0.73551332
3366.68334167 0.73535024
3371.68584292 0.73518731
3376.68834417 0.73502452
3381.69084542 0.73486188
3386.69334667 0.73469938
3391.69584792 0.73453702
3396.69834917 0.73437481
3401.70085043 0.73421275
3406.70335168 0.73405082
3411.70585293 0.73388904
3416.70835418 0.73372741
3421.71085543 0.73356591
3426.71335668 0.73340456
3431.71585793 0.73324335
3436.71835918 0.73308228
3441.72086043 0.73292135
3446.72336168 0.73276056
3451.72586293 0.73259992
3456.72836418 0.73243941
3461.73086543 0.73227904
3466.73336668 0.73211882
3471.73586793 0.73195873
3476.73836918 0.73179878
3481.74087044 0.73163897
3486.74337169 0.73147929
3491.74587294 0.73131976
3496.74837419 0.73116036
3501.75087544 0.73100110
3506.75337669 0.73084198
3511.75587794 0.73068299
3516.75837919 0.73052414
3521.76088044 0.73036543
3526.76338169 0.73020685
3531.76588294 0.73004840
3536.76838419 0.72989010
3541.77088544 0.72973192
3546.77338669 0.72957388
3551.77588794 0.72941598
3556.77838919 0.72925821
3561.78089045 0.72910057
3566.78339170 0.72894307
3571.78589295 0.72878570
3576.78839420 0.72862846
3581.79089545 0.72847135
3586.79339670 0.72831438
3591.79589795 0.72815754
3596.79839920 0.72800083
3601.80090045 0.72784425
3606.80340170 0.72768780
3611.80590295 0.72753149
3616.80840420 0.72737530
3621.81090545 0.72721924
3626.81340670 0.72706332
3631.81590795 0.72690752
3636.81840920 0.72675185
3641.82091046 0.72659631
3646.82341171 0.72644090
3651.82591296 0.72628562
3656.82841421 0.72613047
3661.83091546 0.72597544
3666.83341671 0.72582055
3671.83591796 0.72566578
3676.83841921 0.72551113
3681.84092046 0.72535662
3686.84342171 0.72520223
3691.84592296 0.72504796
3696.84842421 0.72489383
3701.85092546 0.72473981
3706.85342671 0.72458593
3711.85592796 0.72443217
3716.85842921 0.72427853
3721.86093047 0.72412502
3726.86343172 0.72397163
3731.86593297 0.72381837
3736.86843422 0.72366523
3741.87093547 0.72351221
3746.87343672 0.72335932
3751.87593797 0.72320655
3756.87843922 0.72305390
3761.88094047 0.72290138
3766.88344172 0.72274898
3771.88594297 0.72259670
3776.88844422 0.72244454
3781.89094547 0.72229250
3786.89344672 0.72214059
3791.89594797 0.72198879
3796.89844922 0.72183712
3801.90095048 0.72168557
3806.90345173 0.72153414
3811.90595298 0.72138282
3816.90845423 0.72123163
3821.91095548 0.72108056
3826.91345673 0.72092961
3831.91595798 0.72077877
3836.91845923 0.72062805
3841.92096048 0.72047746
3846.92346173 0.72032698
3851.92596298 0.72017662
3856.92846423 0.72002637
3861.93096548 0.71987625
3866.93346673 0.71972624
3871.93596798 0.71957635
3876.93846923 0.71942658
3881.94097049 0.71927692
3886.94347174 0.71912738
3891.94597299 0.71897795
3896.94847424 0.71882864
3901.95097549 0.71867945
3906.95347674 0.71853037
3911.95597799 0.71838141
3916.95847924 0.71823256
3921.96098049 0.71808383
3926.96348174 0.71793521
3931.96598299 0.71778671
3936.96848424 0.71763832
3941.97098549 0.71749004
3946.97348674 0.71734188
3951.97598799 0.71719383
3956.97848924 0.71704590
3961.98099050 0.71689808
3966.98349175 0.71675037
3971.98599300 0.71660277
3976.98849425 0.71645528
3981.99099550 0.71630791
3986.99349675 0.71616065
3991.99599800 0.71601350
3996.99849925 0.71586646
4002.00100050 0.71571953
4007.00350175 0.71557272
4012.00600300 0.71542601
4017.00850425 0.71527942
4022.01100550 0.71513293
4027.01350675 0.71498656
4032.01600800 0.71484030
4037.01850925 0.71469414
4042.02101051 0.71454810
4047.02351176 0.71440216
4052.02601301 0.71425633
4057.02851426 0.71411062
4062.03101551 0.71396501
4067.03351676 0.71381951
4072.03601801 0.71367411
4077.03851926 0.71352883
4082.04102051 0.71338365
4087.04352176 0.71323858
4092.04602301 0.71309362
4097.04852426 0.71294876
4102.05102551 0.71280402
4107.05352676 0.71265938
4112.05602801 0.71251484
4117.05852926 0.71237041
4122.06103052 0.71222609
4127.06353177 0.71208187
4132.06603302 0.71193776
4137.06853427 0.71179376
4142.07103552 0.71164986
4147.07353677 0.71150607
4152.07603802 0.71136238
4157.07853927 0.71121879
4162.08104052 0.71107531
4167.08354177 0.71093194
4172.08604302 0.71078866
4177.08854427 0.71064550
4182.09104552 0.71050243
4187.09354677 0.71035947
4192.09604802 0.71021662
4197.09854927 0.71007386
4202.10105053 0.70993121
4207.10355178 0.70978866
4212.10605303 0.70964622
4217.10855428 0.70950388
4222.11105553 0.70936163
4227.11355678 0.70921950
4232.11605803 0.70907746
4237.11855928 0.70893552
4242.12106053 0.70879369
4247.12356178 0.70865196
4252.12606303 0.70851033
4257.12856428 0.70836880
4262.13106553 0.70822737
4267.13356678 0.70808604
4272.13606803 0.70794481
4277.13856928 0.70780368
4282.14107054 0.70766265
4287.14357179 0.70752173
4292.14607304 0.70738090
4297.14857429 0.70724017
4302.15107554 0.70709954
4307.15357679 0.70695901
4312.15607804 0.70681857
4317.15857929 0.70667824
4322.16108054 0.70653801
4327.16358179 0.70639787
4332.16608304 0.70625783
4337.16858429 0.70611789
4342.17108554 0.70597805
4347.17358679 0.70583830
4352.17608804 0.70569866
4357.17858929 0.70555911
4362.18109055 0.70541965
4367.18359180 0.70528030
4372.18609305 0.70514104
4377.18859430 0.70500188
4382.19109555 0.70486281
4387.19359680 0.70472384
4392.19609805 0.70458497
4397.19859930 0.70444619
4402.20110055 0.70430751
4407.20360180 0.70416892
4412.20610305 0.70403043
4417.20860430 0.70389204
4422.21110555 0.70375374
4427.21360680 0.70361553
4432.21610805 0.70347742
4437.21860930 0.70333940
4442.22111056 0.70320148
4447.22361181 0.70306366
4452.22611306 0.70292592
4457.22861431 0.70278828
4462.23111556 0.70265074
4467.23361681 0.70251329
4472.23611806 0.70237593
4477.23861931 0.70223866
4482.24112056 0.70210149
4487.24362181 0.70196441
4492.24612306 0.70182742
4497.24862431 0.70169053
4502.25112556 0.70155373
4507.25362681 0.70141702
4512.25612806 0.70128040
4517.25862931 0.70114388
4522.26113057 0.70100745
4527.26363182 0.70087111
4532.26613307 0.70073486
4537.26863432 0.70059870
4542.27113557 0.70046263
4547.27363682 0.70032665
4552.27613807 0.70019077
4557.27863932 0.70005498
4562.28114057 0.69991927
4567.28364182 0.69978366
4572.28614307 0.69964814
4577.28864432 0.69951270
4582.29114557 0.69937736
4587.29364682 0.69924211
4592.29614807 0.69910694
4597.29864932 0.69897187
4602.30115058 0.69883688
4607.30365183 0.69870199
4612.30615308 0.69856718
4617.30865433 0.69843247
4622.31115558 0.69829784
4627.31365683 0.69816330
4632.31615808 0.69802885
4637.31865933 0.69789448
4642.32116058 0.69776021
4647.32366183 0.69762602
4652.32616308 0.69749192
4657.32866433 0.69735791
4662.33116558 0.69722399
4667.33366683 0.69709015
4672.33616808 0.69695640
4677.33866933 0.69682274
4682.34117059 0.69668916
4687.34367184 0.69655568
4692.34617309 0.69642228
4697.34867434 0.69628896
4702.35117559 0.69615573
4707.35367684 0.69602259
4712.35617809 0.69588953
4717.35867934 0.69575656
4722.36118059 0.69562368
4727.36368184 0.69549088
4732.36618309 0.69535817
4737.36868434 0.69522554
4742.37118559 0.69509300
4747.37368684 0.69496054
4752.37618809 0.69482817
4757.37868934 0.69469589
4762.38119060 0.69456368
4767.38369185 0.69443157
4772.38619310 0.69429953
4777.38869435 0.69416758
4782.39119560 0.69403572
4787.39369685 0.69390394
4792.39619810 0.69377224
4797.39869935 0.69364063
4802.40120060 0.69350910
4807.40370185 0.69337766
4812.40620310 0.69324629
4817.40870435 0.69311502
4822.41120560 0.69298382
4827.41370685 0.69285271
4832.41620810 0.69272168
4837.41870935 0.69259073
4842.42121061 0.69245987
4847.42371186 0.69232908
4852.42621311 0.69219838
4857.42871436 0.69206777
4862.43121561 0.69193723
4867.43371686 0.69180678
4872.43621811 0.69167640
4877.43871936 0.69154611
4882.44122061 0.69141591
4887.44372186 0.69128578
4892.44622311 0.69115573
4897.44872436 0.69102577
4902.45122561 0.69089588
4907.45372686 0.69076608
4912.45622811 0.69063636
4917.45872936 0.69050672
4922.46123062 0.69037716
4927.46373187 0.69024768
4932.46623312 0.69011828
4937.46873437 0.68998896
4942.47123562 0.68985972
4947.47373687 0.68973056
4952.47623812 0.68960148
4957.47873937 0.68947248
4962.48124062 0.68934355
4967.48374187 0.68921471
4972.48624312 0.68908595
4977.48874437 0.68895727
4982.49124562 0.68882866
4987.49374687 0.68870014
4992.49624812 0.68857169
4997.49874937 0.68844332
5002.50125063 0.68831503
5007.50375188 0.68818682
5012.50625313 0.68805869
5017.50875438 0.68793063
5022.51125563 0.68780266
5027.51375688 0.68767476
5032.51625813 0.68754694
5037.51875938 0.68741920
5042.52126063 0.68729153
5047.52376188 0.68716394
5052.52626313 0.68703643
5057.52876438 0.68690900
5062.53126563 0.68678164
5067.53376688 0.68665436
5072.53626813 0.68652716
5077.53876938 0.68640003
5082.54127064 0.68627298
5087.54377189 0.68614601
5092.54627314 0.68601912
5097.54877439 0.68589230
5102.55127564 0.68576555
5107.55377689 0.68563888
5112.55627814 0.68551229
5117.55877939 0.68538578
5122.56128064 0.68525934
5127.56378189 0.68513297
5132.56628314 0.68500668
5137.56878439 0.68488047
5142.57128564 0.68475433
5147.57378689 0.68462827
5152.57628814 0.68450228
5157.57878939 0.68437637
5162.58129065 0.68425053
5167.58379190 0.68412476
5172.58629315 0.68399907
5177.58879440 0.68387346
5182.59129565 0.68374792
5187.59379690 0.68362245
5192.59629815 0.68349706
5197.59879940 0.68337174
5202.60130065 0.68324650
5207.60380190 0.68312133
5212.60630315 0.68299623
5217.60880440 0.68287121
5222.61130565 0.68274626
5227.61380690 0.68262139
5232.61630815 0.68249658
5237.61880940 0.68237185
5242.62131066 0.68224720
5247.62381191 0.68212261
5252.62631316 0.68199810
5257.62881441 0.68187366
5262.63131566 0.68174930
5267.63381691 0.68162501
5272.63631816 0.68150079
5277.63881941 0.68137664
5282.64132066 0.68125256
5287.64382191 0.68112856
5292.64632316 0.68100463
5297.64882441 0.68088077
5302.65132566 0.68075698
5307.65382691 0.68063326
5312.65632816 0.68050962
5317.65882941 0.68038605
5322.66133067 0.68026254
5327.66383192 0.68013911
5332.66633317 0.68001575
5337.66883442 0.67989247
5342.67133567 0.67976925
5347.67383692 0.67964610
5352.67633817 0.67952303
5357.67883942 0.67940002
5362.68134067 0.67927709
5367.68384192 0.67915422
5372.68634317 0.67903143
5377.68884442 0.67890871
5382.69134567 0.67878605
5387.69384692 0.67866347
5392.69634817 0.67854096
5397.69884942 0.67841851
5402.70135068 0.67829614
5407.70385193 0.67817384
5412.70635318 0.67805160
5417.70885443 0.67792944
5422.71135568 0.67780734
5427.71385693 0.67768532
5432.71635818 0.67756336
5437.71885943 0.67744147
5442.72136068 0.67731965
5447.72386193 0.67719790
5452.72636318 0.67707622
5457.72886443 0.67695461
5462.73136568 0.67683307
5467.73386693 0.67671159
5472.73636818 0.67659018
5477.73886943 0.67646885
5482.74137069 0.67634758
5487.74387194 0.67622637
5492.74637319 0.67610524
5497.74887444 0.67598417
5502.75137569 0.67586317
5507.75387694 0.67574224
5512.75637819 0.67562138
5517.75887944 0.67550058
5522.76138069 0.67537986
5527.76388194 0.67525920
5532.76638319 0.67513860
5537.76888444 0.67501808
5542.77138569 0.67489762
5547.77388694 0.67477722
5552.77638819 0.67465690
5557.77888944 0.67453664
5562.78139070 0.67441645
5567.78389195 0.67429632
5572.78639320 0.67417627
5577.78889445 0.67405627
5582.79139570 0.67393635
5587.79389695 0.67381649
5592.79639820 0.67369669
5597.79889945 0.67357697
5602.80140070 0.67345731
5607.80390195 0.67333771
5612.80640320 0.67321818
5617.80890445 0.67309872
5622.81140570 0.67297932
5627.81390695 0.67285999
5632.81640820 0.67274072
5637.81890945 0.67262152
5642.82141071 0.67250238
5647.82391196 0.67238331
5652.82641321 0.67226430
5657.82891446 0.67214536
5662.83141571 0.67202648
5667.83391696 0.67190767
5672.83641821 0.67178893
5677.83891946 0.67167024
5682.84142071 0.67155163
5687.84392196 0.67143307
5692.84642321 0.67131458
5697.84892446 0.67119616
5702.85142571 0.67107780
5707.85392696 0.67095950
5712.85642821 0.67084127
5717.85892946 0.67072310
5722.86143072 0.67060500
5727.86393197 0.67048696
5732.86643322 0.67036898
5737.86893447 0.67025107
5742.87143572 0.67013322
5747.87393697 0.67001544
5752.87643822 0.66989771
5757.87893947 0.66978005
5762.88144072 0.66966246
5767.88394197 0.66954492
5772.88644322 0.66942745
5777.88894447 0.66931005
5782.89144572 0.66919270
5787.89394697 0.66907542
5792.89644822 0.66895820
5797.89894947 0.66884105
5802.90145073 0.66872396
5807.90395198 0.66860692
5812.90645323 0.66848996
5817.90895448 0.66837305
5822.91145573 0.66825621
5827.91395698 0.66813942
5832.91645823 0.66802270
5837.91895948 0.66790605
5842.92146073 0.66778945
5847.92396198 0.66767292
5852.92646323 0.66755644
5857.92896448 0.66744003
5862.93146573 0.66732369
5867.93396698 0.66720740
5872.93646823 0.66709117
5877.93896948 0.66697501
5882.94147074 0.66685890
5887.94397199 0.66674286
5892.94647324 0.66662688
5897.94897449 0.66651096
5902.95147574 0.66639510
5907.95397699 0.66627930
5912.95647824 0.66616356
5917.95897949 0.66604789
5922.96148074 0.66593227
5927.96398199 0.66581672
5932.96648324 0.66570122
5937.96898449 0.66558579
5942.97148574 0.66547041
5947.97398699 0.66535510
5952.97648824 0.66523984
5957.97898949 0.66512465
5962.98149075 0.66500951
5967.98399200 0.66489444
5972.98649325 0.66477943
5977.98899450 0.66466447
5982.99149575 0.66454958
5987.99399700 0.66443474
5992.99649825 0.66431997
5997.99899950 0.66420525
6003.00150075 0.66409059
6008.00400200 0.66397600
6013.00650325 0.66386146
6018.00900450 0.66374698
6023.01150575 0.66363256
6028.01400700 0.66351820
6033.01650825 0.66340390
6038.01900950 0.66328965
6043.02151076 0.66317547
6048.02401201 0.66306134
6053.02651326 0.66294728
6058.02901451 0.66283327
6063.03151576 0.66271932
6068.03401701 0.66260543
6073.03651826 0.66249160
6078.03901951 0.66237782
6083.04152076 0.66226411
6088.04402201 0.66215045
6093.04652326 0.66203685
6098.04902451 0.66192331
6103.05152576 0.66180982
6108.05402701 0.66169640
6113.05652826 0.66158303
6118.05902951 0.66146972
6123.06153077 0.66135646
6128.06403202 0.66124327
6133.06653327 0.66113013
6138.06903452 0.66101705
6143.07153577 0.66090403
6148.07403702 0.66079106
6153.07653827 0.66067815
6158.07903952 0.66056530
6163.08154077 0.66045251
6168.08404202 0.66033977
6173.08654327 0.66022709
6178.08904452 0.66011446
6183.09154577 0.66000190
6188.09404702 0.65988939
6193.09654827 0.65977693
6198.09904952 0.65966454
6203.10155078 0.65955220
6208.10405203 0.65943991
6213.10655328 0.65932769
6218.10905453 0.65921551
6223.11155578 0.65910340
6228.11405703 0.65899134
6233.11655828 0.65887934
6238.11905953 0.65876739
6243.12156078 0.65865550
6248.12406203 0.65854367
6253.12656328 0.65843189
6258.12906453 0.65832016
6263.13156578 0.65820850
6268.13406703 0.65809689
6273.13656828 0.65798533
6278.13906953 0.65787383
6283.14157079 0.65776238
6288.14407204 0.65765099
6293.14657329 0.65753966
6298.14907454 0.65742838
6303.15157579 0.65731716
6308.15407704 0.65720599
6313.15657829 0.65709487
6318.15907954 0.65698381
6323.16158079 0.65687281
6328.16408204 0.65676186
6333.16658329 0.65665097
6338.16908454 0.65654013
6343.17158579 0.65642934
6348.17408704 0.65631861
6353.17658829 0.65620794
6358.17908954 0.65609731
6363.18159080 0.65598675
6368.18409205 0.65587623
6373.18659330 0.65576578
6378.18909455 0.65565537
6383.19159580 0.65554502
6388.19409705 0.65543473
6393.19659830 0.65532448
6398.19909955 0.65521429
6403.20160080 0.65510416
6408.20410205 0.65499408
6413.20660330 0.65488405
6418.20910455 0.65477408
6423.21160580 0.65466416
6428.21410705 0.65455429
6433.21660830 0.65444448
6438.21910955 0.65433472
6443.22161081 0.65422502
6448.22411206 0.65411537
6453.22661331 0.65400577
6458.22911456 0.65389622
6463.23161581 0.65378673
6468.23411706 0.65367729
6473.23661831 0.65356790
6478.23911956 0.65345857
6483.24162081 0.65334929
6488.24412206 0.65324006
6493.24662331 0.65313088
6498.24912456 0.65302176
6503.25162581 0.65291269
6508.25412706 0.65280367
6513.25662831 0.65269471
6518.25912956 0.65258580
6523.26163082 0.65247694
6528.26413207 0.65236813
6533.26663332 0.65225937
6538.26913457 0.65215067
6543.27163582 0.65204202
6548.27413707 0.65193342
6553.27663832 0.65182487
6558.27913957 0.65171638
6563.28164082 0.65160793
6568.28414207 0.65149954
6573.28664332 0.65139120
6578.28914457 0.65128292
6583.29164582 0.65117468
6588.29414707 0.65106650
6593.29664832 0.65095836
6598.29914957 0.65085028
6603.30165083 0.65074225
6608.30415208 0.65063427
6613.30665333 0.65052634
6618.30915458 0.65041847
6623.31165583 0.65031064
6628.31415708 0.65020287
6633.31665833 0.65009515
6638.31915958 0.64998748
6643.32166083 0.64987985
6648.32416208 0.64977229
6653.32666333 0.64966477
6658.32916458 0.64955730
6663.33166583 0.64944988
6668.33416708 0.64934251
6673.33666833 0.64923520
6678.33916958 0.64912793
6683.34167084 0.64902072
6688.34417209 0.64891355
6693.34667334 0.64880644
6698.34917459 0.64869938
6703.35167584 0.64859236
6708.35417709 0.64848540
6713.35667834 0.64837849
6718.35917959 0.64827162
6723.36168084 0.64816481
6728.36418209 0.64805805
6733.36668334 0.64795133
6738.36918459 0.64784467
6743.37168584 0.64773806
6748.37418709 0.64763149
6753.37668834 0.64752498
6758.37918959 0.64741852
6763.38169085 0.64731210
6768.38419210 0.64720574
6773.38669335 0.64709942
6778.38919460 0.64699315
6783.39169585 0.64688694
6788.39419710 0.64678077
6793.39669835 0.64667465
6798.39919960 0.64656858
6803.40170085 0.64646256
6808.40420210 0.64635659
6813.40670335 0.64625067
6818.40920460 0.64614480
6823.41170585 0.64603898
6828.41420710 0.64593320
6833.41670835 0.64582748
6838.41920960 0.64572180
6843.42171086 0.64561617
6848.42421211 0.64551059
6853.42671336 0.64540506
6858.42921461 0.64529958
6863.43171586 0.64519414
6868.43421711 0.64508876
6873.43671836 0.64498342
6878.43921961 0.64487813
6883.44172086 0.64477289
6888.44422211 0.64466770
6893.44672336 0.64456256
6898.44922461 0.64445746
6903.45172586 0.64435242
6908.45422711 0.64424742
6913.45672836 0.64414247
6918.45922961 0.64403756
6923.46173087 0.64393271
6928.46423212 0.64382790
6933.46673337 0.64372314
6938.46923462 0.64361843
6943.47173587 0.64351376
6948.47423712 0.64340915
6953.47673837 0.64330458
6958.47923962 0.64320005
6963.48174087 0.64309558
6968.48424212 0.64299115
6973.48674337 0.64288677
6978.48924462 0.64278244
6983.49174587 0.64267816
6988.49424712 0.64257392
6993.49674837 0.64246973
6998.49924962 0.64236559
7003.50175088 0.64226149
7008.50425213 0.64215744
7013.50675338 0.64205344
7018.50925463 0.64194949
7023.51175588 0.64184558
7028.51425713 0.64174172
7033.51675838 0.64163790
7038.51925963 0.64153413
7043.52176088 0.64143041
7048.52426213 0.64132674
7053.52676338 0.64122311
7058.52926463 0.64111953
7063.53176588 0.64101599
7068.53426713 0.64091250
7073.53676838 0.64080906
7078.53926963 0.64070567
7083.54177089 0.64060232
7088.54427214 0.64049901
7093.54677339 0.64039576
7098.54927464 0.64029255
7103.55177589 0.64018938
7108.55427714 0.64008626
7113.55677839 0.63998319
7118.55927964 0.63988016
7123.56178089 0.63977718
7128.56428214 0.63967425
7133.56678339 0.63957136
7138.56928464 0.63946851
7143.57178589 0.63936572
7148.57428714 0.63926296
7153.57678839 0.63916026
7158.57928964 0.63905760
7163.58179090 0.63895498
7168.58429215 0.63885241
7173.58679340 0.63874989
7178.58929465 0.63864741
7183.59179590 0.63854497
7188.59429715 0.63844258
7193.59679840 0.63834024
7198.59929965 0.63823794
7203.60180090 0.63813569
7208.60430215 0.63803348
7213.60680340 0.63793132
7218.60930465 0.63782920
7223.61180590 0.63772713
7228.61430715 0.63762510
7233.61680840 0.63752312
7238.61930965 0.63742118
7243.62181091 0.63731928
7248.62431216 0.63721743
7253.62681341 0.63711563
7258.62931466 0.63701387
7263.63181591 0.63691216
7268.63431716 0.63681048
7273.63681841 0.63670886
7278.63931966 0.63660728
7283.64182091 0.63650574
7288.64432216 0.63640425
7293.64682341 0.63630280
7298.64932466 0.63620139
7303.65182591 0.63610003
7308.65432716 0.63599872
7313.65682841 0.63589745
7318.65932966 0.63579622
7323.66183092 0.63569503
7328.66433217 0.63559390
7333.66683342 0.63549280
7338.66933467 0.63539175
7343.67183592 0.63529074
7348.67433717 0.63518978
7353.67683842 0.63508886
7358.67933967 0.63498798
7363.68184092 0.63488715
7368.68434217 0.63478636
7373.68684342 0.63468561
7378.68934467 0.63458491
7383.69184592 0.63448425
7388.69434717 0.63438363
7393.69684842 0.63428306
7398.69934967 0.63418253
7403.70185093 0.63408205
7408.70435218 0.63398161
7413.70685343 0.63388121
7418.70935468 0.63378085
7423.71185593 0.63368054
7428.71435718 0.63358027
7433.71685843 0.63348005
7438.71935968 0.63337986
7443.72186093 0.63327972
7448.72436218 0.63317963
7453.72686343 0.63307957
7458.72936468 0.63297956
7463.73186593 0.63287959
7468.73436718 0.63277967
7473.73686843 0.63267978
7478.73936968 0.63257994
7483.74187094 0.63248014
7488.74437219 0.63238039
7493.74687344 0.63228068
7498.74937469 0.63218101
7503.75187594 0.63208138
7508.75437719 0.63198179
7513.75687844 0.63188225
7518.75937969 0.63178275
7523.76188094 0.63168329
7528.76438219 0.63158388
7533.76688344 0.63148450
7538.76938469 0.63138517
7543.77188594 0.63128588
7548.77438719 0.63118663
7553.77688844 0.63108743
7558.77938969 0.63098827
7563.78189095 0.63088914
7568.78439220 0.63079006
7573.78689345 0.63069103
7578.78939470 0.63059203
7583.79189595 0.63049308
7588.79439720 0.63039417
7593.79689845 0.63029530
7598.79939970 0.63019647
7603.80190095 0.63009768
7608.80440220 0.62999893
7613.80690345 0.62990023
7618.80940470 0.62980157
7623.81190595 0.62970295
7628.81440720 0.62960437
7633.81690845 0.62950583
7638.81940970 0.62940733
7643.82191096 0.62930888
7648.82441221 0.62921046
7653.82691346 0.62911209
7658.82941471 0.62901376
7663.83191596 0.62891547
7668.83441721 0.62881722
7673.83691846 0.62871901
7678.83941971 0.62862084
7683.84192096 0.62852272
7688.84442221 0.62842463
7693.84692346 0.62832659
7698.84942471 0.62822858
7703.85192596 0.62813062
7708.85442721 0.62803270
7713.85692846 0.62793482
7718.85942971 0.62783698
7723.86193097 0.62773918
7728.86443222 0.62764142
7733.86693347 0.62754370
7738.86943472 0.62744602
7743.87193597 0.62734838
7748.87443722 0.62725079
7753.87693847 0.62715323
7758.87943972 0.62705572
7763.88194097 0.62695824
7768.88444222 0.62686080
7773.88694347 0.62676341
7778.88944472 0.62666605
7783.89194597 0.62656874
7788.89444722 0.62647146
7793.89694847 0.62637423
7798.89944972 0.62627704
7803.90195098 0.62617988
7808.90445223 0.62608277
7813.90695348 0.62598569
7818.90945473 0.62588866
7823.91195598 0.62579167
7828.91445723 0.62569471
7833.91695848 0.62559780
7838.91945973 0.62550092
7843.92196098 0.62540409
7848.92446223 0.62530729
7853.92696348 0.62521054
7858.92946473 0.62511382
7863.93196598 0.62501714
7868.93446723 0.62492051
7873.93696848 0.62482391
7878.93946973 0.62472735
7883.94197099 0.62463083
7888.94447224 0.62453435
7893.94697349 0.62443791
7898.94947474 0.62434151
7903.95197599 0.62424515
7908.95447724 0.62414883
7913.95697849 0.62405255
7918.95947974 0.62395631
7923.96198099 0.62386010
7928.96448224 0.62376394
7933.96698349 0.62366781
7938.96948474 0.62357172
7943.97198599 0.62347568
7948.97448724 0.62337967
7953.97698849 0.62328370
7958.97948974 0.62318777
7963.98199100 0.62309187
7968.98449225 0.62299602
7973.98699350 0.62290021
7978.98949475 0.62280443
7983.99199600 0.62270869
7988.99449725 0.62261300
7993.99699850 0.62251734
7998.99949975 0.62242172
8004.00200100 0.62232613
8009.00450225 0.62223059
8014.00700350 0.62213508
8019.00950475 0.62203962
8024.01200600 0.62194419
8029.01450725 0.62184880
8034.01700850 0.62175345
8039.01950975 0.62165813
8044.02201101 0.62156286
8049.02451226 0.62146762
8054.02701351 0.62137242
8059.02951476 0.62127726
8064.03201601 0.62118214
8069.03451726 0.62108706
8074.03701851 0.62099201
8079.03951976 0.62089700
8084.04202101 0.62080203
8089.04452226 0.62070710
8094.04702351 0.62061221
8099.04952476 0.62051735
8104.05202601 0.62042253
8109.05452726 0.62032775
8114.05702851 0.62023301
8119.05952976 0.62013831
8124.06203102 0.62004364
8129.06453227 0.61994901
8134.06703352 0.61985442
8139.06953477 0.61975986
8144.07203602 0.61966535
8149.07453727 0.61957087
8154.07703852 0.61947643
8159.07953977 0.61938202
8164.08204102 0.61928766
8169.08454227 0.61919333
8174.08704352 0.61909904
8179.08954477 0.61900478
8184.09204602 0.61891057
8189.09454727 0.61881639
8194.09704852 0.61872224
8199.09954977 0.61862814
8204.10205103 0.61853407
8209.10455228 0.61844004
8214.10705353 0.61834605
8219.10955478 0.61825209
8224.11205603 0.61815817
8229.11455728 0.61806429
8234.11705853 0.61797044
8239.11955978 0.61787663
8244.12206103 0.61778286
8249.12456228 0.61768913
8254.12706353 0.61759543
8259.12956478 0.61750177
8264.13206603 0.61740815
8269.13456728 0.61731456
8274.13706853 0.61722101
8279.13956978 0.61712749
8284.14207104 0.61703402
8289.14457229 0.61694058
8294.14707354 0.61684717
8299.14957479 0.61675380
8304.15207604 0.61666047
8309.15457729 0.61656718
8314.15707854 0.61647392
8319.15957979 0.61638070
8324.16208104 0.61628751
8329.16458229 0.61619437
8334.16708354 0.61610125
8339.16958479 0.61600818
8344.17208604 0.61591514
8349.17458729 0.61582213
8354.17708854 0.61572917
8359.17958979 0.61563624
8364.18209105 0.61554334
8369.18459230 0.61545048
8374.18709355 0.61535766
8379.18959480 0.61526487
8384.19209605 0.61517212
8389.19459730 0.61507941
8394.19709855 0.61498673
8399.19959980 0.61489408
8404.20210105 0.61480148
8409.20460230 0.61470891
8414.20710355 0.61461637
8419.20960480 0.61452387
8424.21210605 0.61443141
8429.21460730 0.61433898
8434.21710855 0.61424659
8439.21960980 0.61415423
8444.22211106 0.61406191
8449.22461231 0.61396962
8454.22711356 0.61387737
8459.22961481 0.61378516
8464.23211606 0.61369298
8469.23461731 0.61360084
8474.23711856 0.61350873
8479.23961981 0.61341666
8484.24212106 0.61332462
8489.24462231 0.61323262
8494.24712356 0.61314065
8499.24962481 0.61304872
8504.25212606 0.61295682
8509.25462731 0.61286496
8514.25712856 0.61277314
8519.25962981 0.61268135
8524.26213107 0.61258959
8529.26463232 0.61249787
8534.26713357 0.61240619
8539.26963482 0.61231454
8544.27213607 0.61222292
8549.27463732 0.61213134
8554.27713857 0.61203980
8559.27963982 0.61194829
8564.28214107 0.61185681
8569.28464232 0.61176537
8574.28714357 0.61167397
8579.28964482 0.61158260
8584.29214607 0.61149126
8589.29464732 0.61139996
8594.29714857 0.61130870
8599.29964982 0.61121746
8604.30215108 0.61112627
8609.30465233 0.61103511
8614.30715358 0.61094398
8619.30965483 0.61085289
8624.31215608 0.61076183
8629.31465733 0.61067080
8634.31715858 0.61057981
8639.31965983 0.61048886
8644.32216108 0.61039794
8649.32466233 0.61030705
8654.32716358 0.61021620
8659.32966483 0.61012538
8664.33216608 0.61003460
8669.33466733 0.60994385
8674.33716858 0.60985314
8679.33966983 0.60976246
8684.34217109 0.60967181
8689.34467234 0.60958120
8694.34717359 0.60949062
8699.34967484 0.60940007
8704.35217609 0.60930957
8709.35467734 0.60921909
8714.35717859 0.60912865
8719.35967984 0.60903824
8724.36218109 0.60894787
8729.36468234 0.60885753
8734.36718359 0.60876722
8739.36968484 0.60867695
8744.37218609 0.60858671
8749.37468734 0.60849651
8754.37718859 0.60840634
8759.37968984 0.60831620
8764.38219110 0.60822610
8769.38469235 0.60813603
8774.38719360 0.60804599
8779.38969485 0.60795599
8784.39219610 0.60786602
8789.39469735 0.60777609
8794.39719860 0.60768618
8799.39969985 0.60759632
8804.40220110 0.60750648
8809.40470235 0.60741668
8814.40720360 0.60732691
8819.40970485 0.60723718
8824.41220610 0.60714748
8829.41470735 0.60705781
8834.41720860 0.60696818
8839.41970985 0.60687858
8844.42221111 0.60678901
8849.42471236 0.60669948
8854.42721361 0.60660998
8859.42971486 0.60652051
8864.43221611 0.60643107
8869.43471736 0.60634167
8874.43721861 0.60625230
8879.43971986 0.60616297
8884.44222111 0.60607367
8889.44472236 0.60598440
8894.44722361 0.60589516
8899.44972486 0.60580596
8904.45222611 0.60571679
8909.45472736 0.60562765
8914.45722861 0.60553855
8919.45972986 0.60544948
8924.46223112 0.60536044
8929.46473237 0.60527143
8934.46723362 0.60518246
8939.46973487 0.60509352
8944.47223612 0.60500461
8949.47473737 0.60491574
8954.47723862 0.60482690
8959.47973987 0.60473809
8964.48224112 0.60464931
8969.48474237 0.60456057
8974.48724362 0.60447186
8979.48974487 0.60438318
8984.49224612 0.60429453
8989.49474737 0.60420592
8994.49724862 0.60411733
8999.49974987 0.60402879
9004.50225113 0.60394027
9009.50475238 0.60385178
9014.50725363 0.60376333
9019.50975488 0.60367491
9024.51225613 0.60358653
9029.51475738 0.60349817
9034.51725863 0.60340985
9039.51975988 0.60332156
9044.52226113 0.60323330
9049.52476238 0.60314507
9054.52726363 0.60305688
9059.52976488 0.60296872
9064.53226613 0.60288059
9069.53476738 0.60279249
9074.53726863 0.60270442
9079.53976988 0.60261639
9084.54227114 0.60252839
9089.54477239 0.60244042
9094.54727364 0.60235248
9099.54977489 0.60226458
9104.55227614 0.60217670
9109.55477739 0.60208886
9114.55727864 0.60200105
9119.55977989 0.60191327
9124.56228114 0.60182553
9129.56478239 0.60173781
9134.56728364 0.60165013
9139.56978489 0.60156248
9144.57228614 0.60147486
9149.57478739 0.60138727
9154.57728864 0.60129971
9159.57978989 0.60121219
9164.58229115 0.60112469
9169.58479240 0.60103723
9174.58729365 0.60094980
9179.58979490 0.60086240
9184.59229615 0.60077504
9189.59479740 0.60068770
9194.59729865 0.60060040
9199.59979990 0.60051312
9204.60230115 0.60042588
9209.60480240 0.60033867
9214.60730365 0.60025149
9219.60980490 0.60016435
9224.61230615 0.60007723
9229.61480740 0.59999014
9234.61730865 0.59990309
9239.61980990 0.59981607
9244.62231116 0.59972908
9249.62481241 0.59964212
9254.62731366 0.59955519
9259.62981491 0.59946829
9264.63231616 0.59938142
9269.63481741 0.59929459
9274.63731866 0.59920778
9279.63981991 0.59912101
9284.64232116 0.59903427
9289.64482241 0.59894755
9294.64732366 0.59886087
9299.64982491 0.59877422
9304.65232616 0.59868760
9309.65482741 0.59860102
9314.65732866 0.59851446
9319.65982991 0.59842793
9324.66233117 0.59834144
9329.66483242 0.59825497
9334.66733367 0.59816854
9339.66983492 0.59808213
9344.67233617 0.59799576
9349.67483742 0.59790942
9354.67733867 0.59782311
9359.67983992 0.59773682
9364.68234117 0.59765057
9369.68484242 0.59756435
9374.68734367 0.59747817
9379.68984492 0.59739201
9384.69234617 0.59730588
9389.69484742 0.59721978
9394.69734867 0.59713371
9399.69984992 0.59704768
9404.70235118 0.59696167
9409.70485243 0.59687569
9414.70735368 0.59678975
9419.70985493 0.59670383
9424.71235618 0.59661795
9429.71485743 0.59653209
9434.71735868 0.59644627
9439.71985993 0.59636047
9444.72236118 0.59627471
9449.72486243 0.59618897
9454.72736368 0.59610327
9459.72986493 0.59601760
9464.73236618 0.59593195
9469.73486743 0.59584634
9474.73736868 0.59576076
9479.73986993 0.59567520
9484.74237119 0.59558968
9489.74487244 0.59550419
9494.74737369 0.59541872
9499.74987494 0.59533329
9504.75237619 0.59524789
9509.75487744 0.59516251
9514.75737869 0.59507717
9519.75987994 0.59499186
9524.76238119 0.59490657
9529.76488244 0.59482132
9534.76738369 0.59473609
9539.76988494 0.59465090
9544.77238619 0.59456573
9549.77488744 0.59448060
9554.77738869 0.59439549
9559.77988994 0.59431042
9564.78239120 0.59422537
9569.78489245 0.59414035
9574.78739370 0.59405537
9579.78989495 0.59397041
9584.79239620 0.59388548
9589.79489745 0.59380058
9594.79739870 0.59371572
9599.79989995 0.59363088
9604.80240120 0.59354607
9609.80490245 0.59346129
9614.80740370 0.59337654
9619.80990495 0.59329181
9624.81240620 0.59320712
9629.81490745 0.59312246
9634.81740870 0.59303783
9639.81990995 0.59295322
9644.82241121 0.59286865
9649.82491246 0.59278410
9654.82741371 0.59269959
9659.82991496 0.59261510
9664.83241621 0.59253064
9669.83491746 0.59244621
9674.83741871 0.59236181
9679.83991996 0.59227744
9684.84242121 0.59219310
9689.84492246 0.59210879
9694.84742371 0.59202451
9699.84992496 0.59194025
9704.85242621 0.59185603
9709.85492746 0.59177183
9714.85742871 0.59168767
9719.85992996 0.59160353
9724.86243122 0.59151942
9729.86493247 0.59143534
9734.86743372 0.59135129
9739.86993497 0.59126726
9744.87243622 0.59118327
9749.87493747 0.59109931
9754.87743872 0.59101537
9759.87993997 0.59093146
9764.88244122 0.59084759
9769.88494247 0.59076374
9774.88744372 0.59067992
9779.88994497 0.59059612
9784.89244622 0.59051236
9789.89494747 0.59042862
9794.89744872 0.59034492
9799.89994997 0.59026124
9804.90245123 0.59017759
9809.90495248 0.59009397
9814.90745373 0.59001038
9819.90995498 0.58992682
9824.91245623 0.58984328
9829.91495748 0.58975978
9834.91745873 0.58967630
9839.91995998 0.58959285
9844.92246123 0.58950943
9849.92496248 0.58942603
9854.92746373 0.58934267
9859.92996498 0.58925933
9864.93246623 0.58917603
9869.93496748 0.58909275
9874.93746873 0.58900950
9879.93996998 0.58892627
9884.94247124 0.58884308
9889.94497249 0.58875991
9894.94747374 0.58867678
9899.94997499 0.58859367
9904.95247624 0.58851058
9909.95497749 0.58842753
9914.95747874 0.58834451
9919.95997999 0.58826151
9924.96248124 0.58817854
9929.96498249 0.58809560
9934.96748374 0.58801269
9939.96998499 0.58792980
9944.97248624 0.58784694
9949.97498749 0.58776411
9954.97748874 0.58768131
9959.97998999 0.58759854
9964.98249125 0.58751580
9969.98499250 0.58743308
9974.98749375 0.58735039
9979.98999500 0.58726773
9984.99249625 0.58718509
9989.99499750 0.58710249
9994.99749875 0.58701991
10000.00000000 0.58693736
