0.00000000 1.00000000
5.00250125 0.98933351
10.00500250 0.98491852
15.00750375 0.98153205
20.01000500 0.97867797
25.01250625 0.97616411
30.01500750 0.97389193
35.01750875 0.97180287
40.02001001 0.96985880
45.02251126 0.96803320
50.02501251 0.96630680
55.02751376 0.96466503
60.03001501 0.96309657
65.03251626 0.96159243
70.03501751 0.96014531
75.03751876 0.95874919
80.04002001 0.95739907
85.04252126 0.95609067
90.04502251 0.95482038
95.04752376 0.95358505
100.05002501 0.95238196
105.05252626 0.95120871
110.05502751 0.95006321
115.05752876 0.94894358
120.06003002 0.94784814
125.06253127 0.94677540
130.06503252 0.94572401
135.06753377 0.94469276
140.07003502 0.94368052
145.07253627 0.94268630
150.07503752 0.94170916
155.07753877 0.94074826
160.08004002 0.93980282
165.08254127 0.93887213
170.08504252 0.93795550
175.08754377 0.93705233
180.09004502 0.93616205
185.09254627 0.93528412
190.09504752 0.93441805
195.09754877 0.93356336
200.10005003 0.93271963
205.10255128 0.93188644
210.10505253 0.93106341
215.10755378 0.93025018
220.11005503 0.92944642
225.11255628 0.92865179
230.11505753 0.92786600
235.11755878 0.92708876
240.12006003 0.92631980
245.12256128 0.92555886
250.12506253 0.92480570
255.12756378 0.92406008
260.13006503 0.92332179
265.13256628 0.92259061
270.13506753 0.92186634
275.13756878 0.92114879
280.14007004 0.92043778
285.14257129 0.91973314
290.14507254 0.91903469
295.14757379 0.91834229
300.15007504 0.91765576
305.15257629 0.91697498
310.15507754 0.91629979
315.15757879 0.91563007
320.16008004 0.91496568
325.16258129 0.91430650
330.16508254 0.91365241
335.16758379 0.91300329
340.17008504 0.91235904
345.17258629 0.91171954
350.17508754 0.91108470
355.17758879 0.91045440
360.18009005 0.90982857
365.18259130 0.90920710
370.18509255 0.90858990
375.18759380 0.90797690
380.19009505 0.90736800
385.19259630 0.90676313
390.19509755 0.90616220
395.19759880 0.90556514
400.20010005 0.90497188
405.20260130 0.90438235
410.20510255 0.90379648
415.20760380 0.90321419
420.21010505 0.90263544
425.21260630 0.90206014
430.21510755 0.90148825
435.21760880 0.90091970
440.22011006 0.90035444
445.22261131 0.89979241
450.22511256 0.89923355
455.22761381 0.89867782
460.23011506 0.89812516
465.23261631 0.89757552
470.23511756 0.89702885
475.23761881 0.89648511
480.24012006 0.89594425
485.24262131 0.89540622
490.24512256 0.89487098
495.24762381 0.89433850
500.25012506 0.89380871
505.25262631 0.89328160
510.25512756 0.89275711
515.25762881 0.89223521
520.26013007 0.89171586
525.26263132 0.89119902
530.26513257 0.89068466
535.26763382 0.89017275
540.27013507 0.88966324
545.27263632 0.88915611
550.27513757 0.88865132
555.27763882 0.88814884
560.28014007 0.88764864
565.28264132 0.88715069
570.28514257 0.88665496
575.28764382 0.88616142
580.29014507 0.88567004
585.29264632 0.88518080
590.29514757 0.88469366
595.29764882 0.88420860
600.30015008 0.88372560
605.30265133 0.88324462
610.30515258 0.88276564
615.30765383 0.88228865
620.31015508 0.88181361
625.31265633 0.88134049
630.31515758 0.88086929
635.31765883 0.88039997
640.32016008 0.87993251
645.32266133 0.87946690
650.32516258 0.87900310
655.32766383 0.87854110
660.33016508 0.87808088
665.33266633 0.87762242
670.33516758 0.87716569
675.33766883 0.87671068
680.34017009 0.87625737
685.34267134 0.87580575
690.34517259 0.87535578
695.34767384 0.87490746
700.35017509 0.87446077
705.35267634 0.87401568
710.35517759 0.87357219
715.35767884 0.87313027
720.36018009 0.87268991
725.36268134 0.87225109
730.36518259 0.87181380
735.36768384 0.87137802
740.37018509 0.87094373
745.37268634 0.87051093
750.37518759 0.87007959
755.37768884 0.86964970
760.38019010 0.86922125
765.38269135 0.86879422
770.38519260 0.86836859
775.38769385 0.86794437
780.39019510 0.86752152
785.39269635 0.86710004
790.39519760 0.86667992
795.39769885 0.86626114
800.40020010 0.86584368
805.40270135 0.86542755
810.40520260 0.86501271
815.40770385 0.86459918
820.41020510 0.86418692
825.41270635 0.86377593
830.41520760 0.86336619
835.41770885 0.86295771
840.42021011 0.86255046
845.42271136 0.86214443
850.42521261 0.86173961
855.42771386 0.86133600
860.43021511 0.86093358
865.43271636 0.86053234
870.43521761 0.86013227
875.43771886 0.85973336
880.44022011 0.85933560
885.44272136 0.85893899
890.44522261 0.85854350
895.44772386 0.85814914
900.45022511 0.85775589
905.45272636 0.85736375
910.45522761 0.85697269
915.45772886 0.85658273
920.46023012 0.85619384
925.46273137 0.85580601
930.46523262 0.85541925
935.46773387 0.85503353
940.47023512 0.85464886
945.47273637 0.85426522
950.47523762 0.85388261
955.47773887 0.85350102
960.48024012 0.85312043
965.48274137 0.85274084
970.48524262 0.85236225
975.48774387 0.85198465
980.49024512 0.85160802
985.49274637 0.85123237
990.49524762 0.85085767
995.49774887 0.85048394
1000.50025013 0.85011115
1005.50275138 0.84973931
1010.50525263 0.84936840
1015.50775388 0.84899841
1020.51025513 0.84862935
1025.51275638 0.84826121
1030.51525763 0.84789397
1035.51775888 0.84752763
1040.52026013 0.84716219
1045.52276138 0.84679763
1050.52526263 0.84643396
1055.52776388 0.84607116
1060.53026513 0.84570923
1065.53276638 0.84534816
1070.53526763 0.84498795
1075.53776888 0.84462859
1080.54027014 0.84427008
1085.54277139 0.84391241
1090.54527264 0.84355557
1095.54777389 0.84319955
1100.55027514 0.84284436
1105.55277639 0.84248999
1110.55527764 0.84213642
1115.55777889 0.84178366
1120.56028014 0.84143170
1125.56278139 0.84108054
1130.56528264 0.84073016
1135.56778389 0.84038057
1140.57028514 0.84003176
1145.57278639 0.83968372
1150.57528764 0.83933645
1155.57778889 0.83898994
1160.58029015 0.83864419
1165.58279140 0.83829920
1170.58529265 0.83795495
1175.58779390 0.83761145
1180.59029515 0.83726869
1185.59279640 0.83692666
1190.59529765 0.83658537
1195.59779890 0.83624479
1200.60030015 0.83590494
1205.60280140 0.83556581
1210.60530265 0.83522739
1215.60780390 0.83488967
1220.61030515 0.83455266
1225.61280640 0.83421634
1230.61530765 0.83388073
1235.61780890 0.83354580
1240.62031016 0.83321155
1245.62281141 0.83287799
1250.62531266 0.83254511
1255.62781391 0.83221290
1260.63031516 0.83188136
1265.63281641 0.83155049
1270.63531766 0.83122027
1275.63781891 0.83089072
1280.64032016 0.83056182
1285.64282141 0.83023357
1290.64532266 0.82990597
1295.64782391 0.82957901
1300.65032516 0.82925268
1305.65282641 0.82892700
1310.65532766 0.82860194
1315.65782891 0.82827751
1320.66033017 0.82795371
1325.66283142 0.82763053
1330.66533267 0.82730796
1335.66783392 0.82698601
1340.67033517 0.82666467
1345.67283642 0.82634394
1350.67533767 0.82602380
1355.67783892 0.82570427
1360.68034017 0.82538534
1365.68284142 0.82506700
1370.68534267 0.82474925
1375.68784392 0.82443209
1380.69034517 0.82411551
1385.69284642 0.82379951
1390.69534767 0.82348409
1395.69784892 0.82316925
1400.70035018 0.82285497
1405.70285143 0.82254127
1410.70535268 0.82222812
1415.70785393 0.82191555
1420.71035518 0.82160353
1425.71285643 0.82129206
1430.71535768 0.82098115
1435.71785893 0.82067079
1440.72036018 0.82036098
1445.72286143 0.82005171
1450.72536268 0.81974299
1455.72786393 0.81943480
1460.73036518 0.81912715
1465.73286643 0.81882004
1470.73536768 0.81851345
1475.73786893 0.81820739
1480.74037019 0.81790186
1485.74287144 0.81759685
1490.74537269 0.81729237
1495.74787394 0.81698839
1500.75037519 0.81668494
1505.75287644 0.81638199
1510.75537769 0.81607956
1515.75787894 0.81577763
1520.76038019 0.81547621
1525.76288144 0.81517529
1530.76538269 0.81487487
1535.76788394 0.81457495
1540.77038519 0.81427552
1545.77288644 0.81397658
1550.77538769 0.81367814
1555.77788894 0.81338018
1560.78039020 0.81308271
1565.78289145 0.81278572
1570.78539270 0.81248921
1575.78789395 0.81219318
1580.79039520 0.81189763
1585.79289645 0.81160254
1590.79539770 0.81130794
1595.79789895 0.81101380
1600.80040020 0.81072013
1605.80290145 0.81042692
1610.80540270 0.81013417
1615.80790395 0.80984189
1620.81040520 0.80955007
1625.81290645 0.80925870
1630.81540770 0.80896778
1635.81790895 0.80867732
1640.82041021 0.80838731
1645.82291146 0.80809774
1650.82541271 0.80780863
1655.82791396 0.80751995
1660.83041521 0.80723172
1665.83291646 0.80694393
1670.83541771 0.80665657
1675.83791896 0.80636966
1680.84042021 0.80608317
1685.84292146 0.80579712
1690.84542271 0.80551150
1695.84792396 0.80522631
1700.85042521 0.80494154
1705.85292646 0.80465720
1710.85542771 0.80437328
1715.85792896 0.80408978
1720.86043022 0.80380670
1725.86293147 0.80352404
1730.86543272 0.80324179
1735.86793397 0.80295996
1740.87043522 0.80267853
1745.87293647 0.80239752
1750.87543772 0.80211692
1755.87793897 0.80183672
1760.88044022 0.80155693
1765.88294147 0.80127754
1770.88544272 0.80099855
1775.88794397 0.80071996
1780.89044522 0.80044177
1785.89294647 0.80016397
1790.89544772 0.79988657
1795.89794897 0.79960956
1800.90045023 0.79933295
1805.90295148 0.79905672
1810.90545273 0.79878088
1815.90795398 0.79850543
1820.91045523 0.79823036
1825.91295648 0.79795567
1830.91545773 0.79768137
1835.91795898 0.79740745
1840.92046023 0.79713390
1845.92296148 0.79686074
1850.92546273 0.79658794
1855.92796398 0.79631552
1860.93046523 0.79604348
1865.93296648 0.79577180
1870.93546773 0.79550050
1875.93796898 0.79522956
1880.94047024 0.79495899
1885.94297149 0.79468878
1890.94547274 0.79441894
1895.94797399 0.79414946
1900.95047524 0.79388034
1905.95297649 0.79361157
1910.95547774 0.79334317
1915.95797899 0.79307512
1920.96048024 0.79280743
1925.96298149 0.79254009
1930.96548274 0.79227311
1935.96798399 0.79200647
1940.97048524 0.79174018
1945.97298649 0.79147425
1950.97548774 0.79120865
1955.97798899 0.79094341
1960.98049025 0.79067851
1965.98299150 0.79041395
1970.98549275 0.79014973
1975.98799400 0.78988585
1980.99049525 0.78962231
1985.99299650 0.78935911
1990.99549775 0.78909625
1995.99799900 0.78883372
2001.00050025 0.78857152
2006.00300150 0.78830966
2011.00550275 0.78804813
2016.00800400 0.78778692
2021.01050525 0.78752605
2026.01300650 0.78726551
2031.01550775 0.78700529
2036.01800900 0.78674539
2041.02051026 0.78648582
2046.02301151 0.78622658
2051.02551276 0.78596765
2056.02801401 0.78570904
2061.03051526 0.78545076
2066.03301651 0.78519279
2071.03551776 0.78493514
2076.03801901 0.78467780
2081.04052026 0.78442078
2086.04302151 0.78416408
2091.04552276 0.78390768
2096.04802401 0.78365160
2101.05052526 0.78339583
2106.05302651 0.78314036
2111.05552776 0.78288520
2116.05802901 0.78263036
2121.06053027 0.78237581
2126.06303152 0.78212157
2131.06553277 0.78186764
2136.06803402 0.78161400
2141.07053527 0.78136067
2146.07303652 0.78110764
2151.07553777 0.78085491
2156.07803902 0.78060248
2161.08054027 0.78035034
2166.08304152 0.78009850
2171.08554277 0.77984695
2176.08804402 0.77959570
2181.09054527 0.77934474
2186.09304652 0.77909408
2191.09554777 0.77884370
2196.09804902 0.77859362
2201.10055028 0.77834383
2206.10305153 0.77809432
2211.10555278 0.77784510
2216.10805403 0.77759616
2221.11055528 0.77734752
2226.11305653 0.77709915
2231.11555778 0.77685107
2236.11805903 0.77660327
2241.12056028 0.77635576
2246.12306153 0.77610852
2251.12556278 0.77586156
2256.12806403 0.77561488
2261.13056528 0.77536848
2266.13306653 0.77512236
2271.13556778 0.77487651
2276.13806903 0.77463094
2281.14057029 0.77438564
2286.14307154 0.77414061
2291.14557279 0.77389586
2296.14807404 0.77365137
2301.15057529 0.77340716
2306.15307654 0.77316322
2311.15557779 0.77291954
2316.15807904 0.77267614
2321.16058029 0.77243300
2326.16308154 0.77219012
2331.16558279 0.77194751
2336.16808404 0.77170517
2341.17058529 0.77146309
2346.17308654 0.77122127
2351.17558779 0.77097972
2356.17808904 0.77073842
2361.18059030 0.77049738
2366.18309155 0.77025661
2371.18559280 0.77001609
2376.18809405 0.76977583
2381.19059530 0.76953583
2386.19309655 0.76929608
2391.19559780 0.76905659
2396.19809905 0.76881735
2401.20060030 0.76857837
2406.20310155 0.76833964
2411.20560280 0.76810116
2416.20810405 0.76786293
2421.21060530 0.76762495
2426.21310655 0.76738723
2431.21560780 0.76714975
2436.21810905 0.76691252
2441.22061031 0.76667554
2446.22311156 0.76643880
2451.22561281 0.76620231
2456.22811406 0.76596606
2461.23061531 0.76573006
2466.23311656 0.76549430
2471.23561781 0.76525879
2476.23811906 0.76502352
2481.24062031 0.76478849
2486.24312156 0.76455370
2491.24562281 0.76431915
2496.24812406 0.76408483
2501.25062531 0.76385076
2506.25312656 0.76361693
2511.25562781 0.76338333
2516.25812906 0.76314997
2521.26063032 0.76291684
2526.26313157 0.76268395
2531.26563282 0.76245129
2536.26813407 0.76221887
2541.27063532 0.76198668
2546.27313657 0.76175472
2551.27563782 0.76152299
2556.27813907 0.76129150
2561.28064032 0.76106023
2566.28314157 0.76082920
2571.28564282 0.76059839
2576.28814407 0.76036781
2581.29064532 0.76013746
2586.29314657 0.75990733
2591.29564782 0.75967743
2596.29814907 0.75944776
2601.30065033 0.75921831
2606.30315158 0.75898908
2611.30565283 0.75876008
2616.30815408 0.75853130
2621.31065533 0.75830275
2626.31315658 0.75807441
2631.31565783 0.75784630
2636.31815908 0.75761841
2641.32066033 0.75739073
2646.32316158 0.75716328
2651.32566283 0.75693604
2656.32816408 0.75670902
2661.33066533 0.75648222
2666.33316658 0.75625564
2671.33566783 0.75602927
2676.33816908 0.75580311
2681.34067034 0.75557718
2686.34317159 0.75535145
2691.34567284 0.75512594
2696.34817409 0.75490064
2701.35067534 0.75467556
2706.35317659 0.75445068
2711.35567784 0.75422602
2716.35817909 0.75400157
2721.36068034 0.75377733
2726.36318159 0.75355330
2731.36568284 0.75332947
2736.36818409 0.75310586
2741.37068534 0.75288245
2746.37318659 0.75265925
2751.37568784 0.75243626
2756.37818909 0.75221347
2761.38069035 0.75199089
2766.38319160 0.75176851
2771.38569285 0.75154634
2776.38819410 0.75132437
2781.39069535 0.75110260
2786.39319660 0.75088104
2791.39569785 0.75065968
2796.39819910 0.75043852
2801.40070035 0.75021756
2806.40320160 0.74999680
2811.40570285 0.74977624
2816.40820410 0.74955588
2821.41070535 0.74933572
2826.41320660 0.74911576
2831.41570785 0.74889600
2836.41820910 0.74867643
2841.42071036 0.74845706
2846.42321161 0.74823789
2851.42571286 0.74801891
2856.42821411 0.74780013
2861.43071536 0.74758154
2866.43321661 0.74736315
2871.43571786 0.74714495
2876.43821911 0.74692694
2881.44072036 0.74670913
2886.44322161 0.74649151
2891.44572286 0.74627408
2896.44822411 0.74605684
2901.45072536 0.74583979
2906.45322661 0.74562294
2911.45572786 0.74540627
2916.45822911 0.74518979
2921.46073037 0.74497350
2926.46323162 0.74475740
2931.46573287 0.74454148
2936.46823412 0.74432576
2941.47073537 0.74411022
2946.47323662 0.74389487
2951.47573787 0.74367970
2956.47823912 0.74346472
2961.48074037 0.74324992
2966.48324162 0.74303531
2971.48574287 0.74282088
2976.48824412 0.74260663
2981.49074537 0.74239257
2986.49324662 0.74217869
2991.49574787 0.74196499
2996.49824912 0.74175147
3001.50075038 0.74153814
3006.50325163 0.74132499
3011.50575288 0.74111201
3016.50825413 0.74089922
3021.51075538 0.74068660
3026.51325663 0.74047417
3031.51575788 0.74026191
3036.51825913 0.74004983
3041.52076038 0.73983793
3046.52326163 0.73962621
3051.52576288 0.73941466
3056.52826413 0.73920329
3061.53076538 0.73899209
3066.53326663 0.73878107
3071.53576788 0.73857023
3076.53826913 0.73835956
3081.54077039 0.73814906
3086.54327164 0.73793874
3091.54577289 0.73772859
3096.54827414 0.73751861
3101.55077539 0.73730881
3106.55327664 0.73709918
3111.55577789 0.73688972
3116.55827914 0.73668043
3121.56078039 0.73647131
3126.56328164 0.73626236
3131.56578289 0.73605359
3136.56828414 0.73584498
3141.57078539 0.73563654
3146.57328664 0.73542827
3151.57578789 0.73522017
3156.57828914 0.73501223
3161.58079040 0.73480447
3166.58329165 0.73459687
3171.58579290 0.73438943
3176.58829415 0.73418217
3181.59079540 0.73397507
3186.59329665 0.73376813
3191.59579790 0.73356136
3196.59829915 0.73335476
3201.60080040 0.73314832
3206.60330165 0.73294204
3211.60580290 0.73273593
3216.60830415 0.73252998
3221.61080540 0.73232420
3226.61330665 0.73211857
3231.61580790 0.73191311
3236.61830915 0.73170781
3241.62081041 0.73150267
3246.62331166 0.73129769
3251.62581291 0.73109288
3256.62831416 0.73088822
3261.63081541 0.73068372
3266.63331666 0.73047939
3271.63581791 0.73027521
3276.63831916 0.73007119
3281.64082041 0.72986733
3286.64332166 0.72966362
3291.64582291 0.72946008
3296.64832416 0.72925669
3301.65082541 0.72905346
3306.65332666 0.72885038
3311.65582791 0.72864747
3316.65832916 0.72844470
3321.66083042 0.72824210
3326.66333167 0.72803964
3331.66583292 0.72783735
3336.66833417 0.72763521
3341.67083542 0.72743322
3346.67333667 0.72723138
3351.67583792 0.72702970
3356.67833917 0.72682817
3361.68084042 0.72662680
3366.68334167 0.72642558
3371.68584292 0.72622450
3376.68834417 0.72602359
3381.69084542 0.72582282
3386.69334667 0.72562220
3391.69584792 0.72542174
3396.69834917 0.72522142
3401.70085043 0.72502126
3406.70335168 0.72482124
3411.70585293 0.72462137
3416.70835418 0.72442166
3421.71085543 0.72422209
3426.71335668 0.72402267
3431.71585793 0.72382340
3436.71835918 0.72362427
3441.72086043 0.72342529
3446.72336168 0.72322646
3451.72586293 0.72302778
3456.72836418 0.72282925
3461.73086543 0.72263086
3466.73336668 0.72243261
3471.73586793 0.72223451
3476.73836918 0.72203656
3481.74087044 0.72183875
3486.74337169 0.72164108
3491.74587294 0.72144356
3496.74837419 0.72124619
3501.75087544 0.72104896
3506.75337669 0.72085187
3511.75587794 0.72065492
3516.75837919 0.72045812
3521.76088044 0.72026146
3526.76338169 0.72006494
3531.76588294 0.71986856
3536.76838419 0.71967233
3541.77088544 0.71947623
3546.77338669 0.71928028
3551.77588794 0.71908446
3556.77838919 0.71888879
3561.78089045 0.71869326
3566.78339170 0.71849787
3571.78589295 0.71830261
3576.78839420 0.71810750
3581.79089545 0.71791252
3586.79339670 0.71771769
3591.79589795 0.71752299
3596.79839920 0.71732843
3601.80090045 0.71713400
3606.80340170 0.71693972
3611.80590295 0.71674557
3616.80840420 0.71655156
3621.81090545 0.71635768
3626.81340670 0.71616394
3631.81590795 0.71597034
3636.81840920 0.71577687
3641.82091046 0.71558354
3646.82341171 0.71539034
3651.82591296 0.71519728
3656.82841421 0.71500435
3661.83091546 0.71481156
3666.83341671 0.71461890
3671.83591796 0.71442638
3676.83841921 0.71423398
3681.84092046 0.71404172
3686.84342171 0.71384960
3691.84592296 0.71365761
3696.84842421 0.71346574
3701.85092546 0.71327402
3706.85342671 0.71308242
3711.85592796 0.71289095
3716.85842921 0.71269962
3721.86093047 0.71250842
3726.86343172 0.71231734
3731.86593297 0.71212640
3736.86843422 0.71193559
3741.87093547 0.71174491
3746.87343672 0.71155436
3751.87593797 0.71136393
3756.87843922 0.71117364
3761.88094047 0.71098348
3766.88344172 0.71079344
3771.88594297 0.71060353
3776.88844422 0.71041375
3781.89094547 0.71022410
3786.89344672 0.71003458
3791.89594797 0.70984518
3796.89844922 0.70965591
3801.90095048 0.70946677
3806.90345173 0.70927776
3811.90595298 0.70908887
3816.90845423 0.70890010
3821.91095548 0.70871147
3826.91345673 0.70852295
3831.91595798 0.70833457
3836.91845923 0.70814631
3841.92096048 0.70795817
3846.92346173 0.70777016
3851.92596298 0.70758227
3856.92846423 0.70739451
3861.93096548 0.70720687
3866.93346673 0.70701936
3871.93596798 0.70683196
3876.93846923 0.70664470
3881.94097049 0.70645755
3886.94347174 0.70627053
3891.94597299 0.70608363
3896.94847424 0.70589685
3901.95097549 0.70571019
3906.95347674 0.70552366
3911.95597799 0.70533725
3916.95847924 0.70515095
3921.96098049 0.70496478
3926.96348174 0.70477874
3931.96598299 0.70459281
3936.96848424 0.70440700
3941.97098549 0.70422131
3946.97348674 0.70403574
3951.97598799 0.70385029
3956.97848924 0.70366496
3961.98099050 0.70347975
3966.98349175 0.70329466
3971.98599300 0.70310969
3976.98849425 0.70292484
3981.99099550 0.70274010
3986.99349675 0.70255548
3991.99599800 0.70237098
3996.99849925 0.70218660
4002.00100050 0.70200234
4007.00350175 0.70181819
4012.00600300 0.70163416
4017.00850425 0.70145025
4022.01100550 0.70126645
4027.01350675 0.70108277
4032.01600800 0.70089921
4037.01850925 0.70071576
4042.02101051 0.70053243
4047.02351176 0.70034921
4052.02601301 0.70016611
4057.02851426 0.69998312
4062.03101551 0.69980025
4067.03351676 0.69961749
4072.03601801 0.69943485
4077.03851926 0.69925232
4082.04102051 0.69906991
4087.04352176 0.69888761
4092.04602301 0.69870542
4097.04852426 0.69852335
4102.05102551 0.69834138
4107.05352676 0.69815954
4112.05602801 0.69797780
4117.05852926 0.69779618
4122.06103052 0.69761467
4127.06353177 0.69743327
4132.06603302 0.69725199
4137.06853427 0.69707081
4142.07103552 0.69688975
4147.07353677 0.69670880
4152.07603802 0.69652796
4157.07853927 0.69634723
4162.08104052 0.69616661
4167.08354177 0.69598610
4172.08604302 0.69580570
4177.08854427 0.69562541
4182.09104552 0.69544524
4187.09354677 0.69526517
4192.09604802 0.69508521
4197.09854927 0.69490536
4202.10105053 0.69472562
4207.10355178 0.69454599
4212.10605303 0.69436646
4217.10855428 0.69418705
4222.11105553 0.69400774
4227.11355678 0.69382855
4232.11605803 0.69364946
4237.11855928 0.69347048
4242.12106053 0.69329160
4247.12356178 0.69311283
4252.12606303 0.69293417
4257.12856428 0.69275562
4262.13106553 0.69257718
4267.13356678 0.69239884
4272.13606803 0.69222060
4277.13856928 0.69204248
4282.14107054 0.69186446
4287.14357179 0.69168654
4292.14607304 0.69150873
4297.14857429 0.69133103
4302.15107554 0.69115343
4307.15357679 0.69097594
4312.15607804 0.69079855
4317.15857929 0.69062127
4322.16108054 0.69044409
4327.16358179 0.69026701
4332.16608304 0.69009004
4337.16858429 0.68991318
4342.17108554 0.68973641
4347.17358679 0.68955975
4352.17608804 0.68938320
4357.17858929 0.68920675
4362.18109055 0.68903040
4367.18359180 0.68885415
4372.18609305 0.68867801
4377.18859430 0.68850197
4382.19109555 0.68832603
4387.19359680 0.68815020
4392.19609805 0.68797446
4397.19859930 0.68779883
4402.20110055 0.68762330
4407.20360180 0.68744787
4412.20610305 0.68727255
4417.20860430 0.68709732
4422.21110555 0.68692219
4427.21360680 0.68674717
4432.21610805 0.68657225
4437.21860930 0.68639742
4442.22111056 0.68622270
4447.22361181 0.68604808
4452.22611306 0.68587356
4457.22861431 0.68569914
4462.23111556 0.68552481
4467.23361681 0.68535059
4472.23611806 0.68517647
4477.23861931 0.68500244
4482.24112056 0.68482852
4487.24362181 0.68465469
4492.24612306 0.68448096
4497.24862431 0.68430733
4502.25112556 0.68413380
4507.25362681 0.68396037
4512.25612806 0.68378703
4517.25862931 0.68361379
4522.26113057 0.68344065
4527.26363182 0.68326761
4532.26613307 0.68309467
4537.26863432 0.68292182
4542.27113557 0.68274907
4547.27363682 0.68257641
4552.27613807 0.68240386
4557.27863932 0.68223140
4562.28114057 0.68205903
4567.28364182 0.68188677
4572.28614307 0.68171459
4577.28864432 0.68154252
4582.29114557 0.68137054
4587.29364682 0.68119865
4592.29614807 0.68102686
4597.29864932 0.68085517
4602.30115058 0.68068357
4607.30365183 0.68051207
4612.30615308 0.68034066
4617.30865433 0.68016935
4622.31115558 0.67999813
4627.31365683 0.67982700
4632.31615808 0.67965597
4637.31865933 0.67948503
4642.32116058 0.67931419
4647.32366183 0.67914344
4652.32616308 0.67897278
4657.32866433 0.67880222
4662.33116558 0.67863175
4667.33366683 0.67846138
4672.33616808 0.67829109
4677.33866933 0.67812090
4682.34117059 0.67795081
4687.34367184 0.67778080
4692.34617309 0.67761089
4697.34867434 0.67744107
4702.35117559 0.67727134
4707.35367684 0.67710170
4712.35617809 0.67693216
4717.35867934 0.67676271
4722.36118059 0.67659335
4727.36368184 0.67642408
4732.36618309 0.67625490
4737.36868434 0.67608581
4742.37118559 0.67591681
4747.37368684 0.67574791
4752.37618809 0.67557909
4757.37868934 0.67541037
4762.38119060 0.67524173
4767.38369185 0.67507319
4772.38619310 0.67490473
4777.38869435 0.67473637
4782.39119560 0.67456810
4787.39369685 0.67439991
4792.39619810 0.67423182
4797.39869935 0.67406381
4802.40120060 0.67389589
4807.40370185 0.67372806
4812.40620310 0.67356033
4817.40870435 0.67339268
4822.41120560 0.67322511
4827.41370685 0.67305764
4832.41620810 0.67289026
4837.41870935 0.67272296
4842.42121061 0.67255575
4847.42371186 0.67238863
4852.42621311 0.67222160
4857.42871436 0.67205466
4862.43121561 0.67188780
4867.43371686 0.67172103
4872.43621811 0.67155435
4877.43871936 0.67138775
4882.44122061 0.67122124
4887.44372186 0.67105482
4892.44622311 0.67088849
4897.44872436 0.67072224
4902.45122561 0.67055608
4907.45372686 0.67039000
4912.45622811 0.67022402
4917.45872936 0.67005811
4922.46123062 0.66989230
4927.46373187 0.66972656
4932.46623312 0.66956092
4937.46873437 0.66939536
4942.47123562 0.66922989
4947.47373687 0.66906450
4952.47623812 0.66889919
4957.47873937 0.66873397
4962.48124062 0.66856884
4967.48374187 0.66840379
4972.48624312 0.66823883
4977.48874437 0.66807395
4982.49124562 0.66790915
4987.49374687 0.66774444
4992.49624812 0.66757981
4997.49874937 0.66741527
5002.50125063 0.66725081
5007.50375188 0.66708644
5012.50625313 0.66692214
5017.50875438 0.66675793
5022.51125563 0.66659381
5027.51375688 0.66642977
5032.51625813 0.66626581
5037.51875938 0.66610193
5042.52126063 0.66593814
5047.52376188 0.66577443
5052.52626313 0.66561080
5057.52876438 0.66544726
5062.53126563 0.66528380
5067.53376688 0.66512042
5072.53626813 0.66495712
5077.53876938 0.66479390
5082.54127064 0.66463077
5087.54377189 0.66446772
5092.54627314 0.66430475
5097.54877439 0.66414186
5102.55127564 0.66397905
5107.55377689 0.66381632
5112.55627814 0.66365368
5117.55877939 0.66349111
5122.56128064 0.66332863
5127.56378189 0.66316623
5132.56628314 0.66300391
5137.56878439 0.66284167
5142.57128564 0.66267951
5147.57378689 0.66251743
5152.57628814 0.66235543
5157.57878939 0.66219351
5162.58129065 0.66203167
5167.58379190 0.66186991
5172.58629315 0.66170823
5177.58879440 0.66154662
5182.59129565 0.66138510
5187.59379690 0.66122366
5192.59629815 0.66106230
5197.59879940 0.66090102
5202.60130065 0.66073981
5207.60380190 0.66057869
5212.60630315 0.66041764
5217.60880440 0.66025667
5222.61130565 0.66009578
5227.61380690 0.65993497
5232.61630815 0.65977424
5237.61880940 0.65961359
5242.62131066 0.65945301
5247.62381191 0.65929251
5252.62631316 0.65913209
5257.62881441 0.65897175
5262.63131566 0.65881149
5267.63381691 0.65865130
5272.63631816 0.65849119
5277.63881941 0.65833116
5282.64132066 0.65817121
5287.64382191 0.65801133
5292.64632316 0.65785153
5297.64882441 0.65769180
5302.65132566 0.65753216
5307.65382691 0.65737259
5312.65632816 0.65721310
5317.65882941 0.65705368
5322.66133067 0.65689434
5327.66383192 0.65673507
5332.66633317 0.65657589
5337.66883442 0.65641677
5342.67133567 0.65625774
5347.67383692 0.65609878
5352.67633817 0.65593989
5357.67883942 0.65578109
5362.68134067 0.65562235
5367.68384192 0.65546370
5372.68634317 0.65530511
5377.68884442 0.65514661
5382.69134567 0.65498817
5387.69384692 0.65482982
5392.69634817 0.65467153
5397.69884942 0.65451333
5402.70135068 0.65435519
5407.70385193 0.65419714
5412.70635318 0.65403915
5417.70885443 0.65388124
5422.71135568 0.65372341
5427.71385693 0.65356565
5432.71635818 0.65340796
5437.71885943 0.65325035
5442.72136068 0.65309281
5447.72386193 0.65293534
5452.72636318 0.65277795
5457.72886443 0.65262064
5462.73136568 0.65246339
5467.73386693 0.65230622
5472.73636818 0.65214912
5477.73886943 0.65199210
5482.74137069 0.65183515
5487.74387194 0.65167827
5492.74637319 0.65152146
5497.74887444 0.65136473
5502.75137569 0.65120807
5507.75387694 0.65105148
5512.75637819 0.65089496
5517.75887944 0.65073852
5522.76138069 0.65058215
5527.76388194 0.65042585
5532.76638319 0.65026963
5537.76888444 0.65011347
5542.77138569 0.64995739
5547.77388694 0.64980138
5552.77638819 0.64964544
5557.77888944 0.64948957
5562.78139070 0.64933377
5567.78389195 0.64917805
5572.78639320 0.64902239
5577.78889445 0.64886681
5582.79139570 0.64871130
5587.79389695 0.64855586
5592.79639820 0.64840049
5597.79889945 0.64824519
5602.80140070 0.64808996
5607.80390195 0.64793481
5612.80640320 0.64777972
5617.80890445 0.64762470
5622.81140570 0.64746976
5627.81390695 0.64731488
5632.81640820 0.64716008
5637.81890945 0.64700534
5642.82141071 0.64685067
5647.82391196 0.64669608
5652.82641321 0.64654155
5657.82891446 0.64638709
5662.83141571 0.64623271
5667.83391696 0.64607839
5672.83641821 0.64592414
5677.83891946 0.64576996
5682.84142071 0.64561585
5687.84392196 0.64546181
5692.84642321 0.64530784
5697.84892446 0.64515394
5702.85142571 0.64500010
5707.85392696 0.64484634
5712.85642821 0.64469264
5717.85892946 0.64453902
5722.86143072 0.64438546
5727.86393197 0.64423197
5732.86643322 0.64407854
5737.86893447 0.64392519
5742.87143572 0.64377190
5747.87393697 0.64361868
5752.87643822 0.64346553
5757.87893947 0.64331245
5762.88144072 0.64315944
5767.88394197 0.64300649
5772.88644322 0.64285361
5777.88894447 0.64270080
5782.89144572 0.64254805
5787.89394697 0.64239537
5792.89644822 0.64224276
5797.89894947 0.64209022
5802.90145073 0.64193775
5807.90395198 0.64178534
5812.90645323 0.64163299
5817.90895448 0.64148072
5822.91145573 0.64132851
5827.91395698 0.64117637
5832.91645823 0.64102429
5837.91895948 0.64087228
5842.92146073 0.64072034
5847.92396198 0.64056847
5852.92646323 0.64041666
5857.92896448 0.64026491
5862.93146573 0.64011323
5867.93396698 0.63996162
5872.93646823 0.63981007
5877.93896948 0.63965859
5882.94147074 0.63950718
5887.94397199 0.63935583
5892.94647324 0.63920455
5897.94897449 0.63905333
5902.95147574 0.63890218
5907.95397699 0.63875109
5912.95647824 0.63860006
5917.95897949 0.63844911
5922.96148074 0.63829822
5927.96398199 0.63814739
5932.96648324 0.63799662
5937.96898449 0.63784593
5942.97148574 0.63769529
5947.97398699 0.63754473
5952.97648824 0.63739422
5957.97898949 0.63724378
5962.98149075 0.63709341
5967.98399200 0.63694310
5972.98649325 0.63679285
5977.98899450 0.63664267
5982.99149575 0.63649255
5987.99399700 0.63634249
5992.99649825 0.63619250
5997.99899950 0.63604257
6003.00150075 0.63589271
6008.00400200 0.63574291
6013.00650325 0.63559317
6018.00900450 0.63544350
6023.01150575 0.63529389
6028.01400700 0.63514435
6033.01650825 0.63499486
6038.01900950 0.63484544
6043.02151076 0.63469609
6048.02401201 0.63454679
6053.02651326 0.63439756
6058.02901451 0.63424840
6063.03151576 0.63409929
6068.03401701 0.63395025
6073.03651826 0.63380127
6078.03901951 0.63365235
6083.04152076 0.63350350
6088.04402201 0.63335470
6093.04652326 0.63320597
6098.04902451 0.63305731
6103.05152576 0.63290870
6108.05402701 0.63276016
6113.05652826 0.63261167
6118.05902951 0.63246325
6123.06153077 0.63231490
6128.06403202 0.63216660
6133.06653327 0.63201836
6138.06903452 0.63187019
6143.07153577 0.63172208
6148.07403702 0.63157403
6153.07653827 0.63142604
6158.07903952 0.63127811
6163.08154077 0.63113025
6168.08404202 0.63098244
6173.08654327 0.63083470
6178.08904452 0.63068702
6183.09154577 0.63053939
6188.09404702 0.63039183
6193.09654827 0.63024433
6198.09904952 0.63009689
6203.10155078 0.62994951
6208.10405203 0.62980219
6213.10655328 0.62965494
6218.10905453 0.62950774
6223.11155578 0.62936060
6228.11405703 0.62921352
6233.11655828 0.62906651
6238.11905953 0.62891955
6243.12156078 0.62877265
6248.12406203 0.62862582
6253.12656328 0.62847904
6258.12906453 0.62833232
6263.13156578 0.62818567
6268.13406703 0.62803907
6273.13656828 0.62789253
6278.13906953 0.62774605
6283.14157079 0.62759963
6288.14407204 0.62745327
6293.14657329 0.62730697
6298.14907454 0.62716073
6303.15157579 0.62701455
6308.15407704 0.62686843
6313.15657829 0.62672236
6318.15907954 0.62657636
6323.16158079 0.62643041
6328.16408204 0.62628453
6333.16658329 0.62613870
6338.16908454 0.62599293
6343.17158579 0.62584722
6348.17408704 0.62570157
6353.17658829 0.62555597
6358.17908954 0.62541044
6363.18159080 0.62526496
6368.18409205 0.62511954
6373.18659330 0.62497418
6378.18909455 0.62482888
6383.19159580 0.62468363
6388.19409705 0.62453845
6393.19659830 0.62439332
6398.19909955 0.62424825
6403.20160080 0.62410323
6408.20410205 0.62395828
6413.20660330 0.62381338
6418.20910455 0.62366854
6423.21160580 0.62352376
6428.21410705 0.62337903
6433.21660830 0.62323437
6438.21910955 0.62308976
6443.22161081 0.62294520
6448.22411206 0.62280071
6453.22661331 0.62265627
6458.22911456 0.62251189
6463.23161581 0.62236756
6468.23411706 0.62222330
6473.23661831 0.62207908
6478.23911956 0.62193493
6483.24162081 0.62179083
6488.24412206 0.62164679
6493.24662331 0.62150281
6498.24912456 0.62135888
6503.25162581 0.62121501
6508.25412706 0.62107119
6513.25662831 0.62092744
6518.25912956 0.62078373
6523.26163082 0.62064009
6528.26413207 0.62049650
6533.26663332 0.62035296
6538.26913457 0.62020949
6543.27163582 0.62006606
6548.27413707 0.61992270
6553.27663832 0.61977939
6558.27913957 0.61963613
6563.28164082 0.61949293
6568.28414207 0.61934979
6573.28664332 0.61920670
6578.28914457 0.61906367
6583.29164582 0.61892069
6588.29414707 0.61877777
6593.29664832 0.61863491
6598.29914957 0.61849209
6603.30165083 0.61834934
6608.30415208 0.61820664
6613.30665333 0.61806399
6618.30915458 0.61792140
6623.31165583 0.61777887
6628.31415708 0.61763639
6633.31665833 0.61749396
6638.31915958 0.61735159
6643.32166083 0.61720927
6648.32416208 0.61706701
6653.32666333 0.61692480
6658.32916458 0.61678265
6663.33166583 0.61664055
6668.33416708 0.61649851
6673.33666833 0.61635652
6678.33916958 0.61621458
6683.34167084 0.61607270
6688.34417209 0.61593087
6693.34667334 0.61578910
6698.34917459 0.61564738
6703.35167584 0.61550571
6708.35417709 0.61536410
6713.35667834 0.61522254
6718.35917959 0.61508104
6723.36168084 0.61493959
6728.36418209 0.61479819
6733.36668334 0.61465685
6738.36918459 0.61451556
6743.37168584 0.61437432
6748.37418709 0.61423314
6753.37668834 0.61409201
6758.37918959 0.61395093
6763.38169085 0.61380991
6768.38419210 0.61366894
6773.38669335 0.61352802
6778.38919460 0.61338716
6783.39169585 0.61324635
6788.39419710 0.61310559
6793.39669835 0.61296488
6798.39919960 0.61282423
6803.40170085 0.61268363
6808.40420210 0.61254309
6813.40670335 0.61240259
6818.40920460 0.61226215
6823.41170585 0.61212176
6828.41420710 0.61198142
6833.41670835 0.61184114
6838.41920960 0.61170091
6843.42171086 0.61156073
6848.42421211 0.61142060
6853.42671336 0.61128052
6858.42921461 0.61114050
6863.43171586 0.61100053
6868.43421711 0.61086061
6873.43671836 0.61072074
6878.43921961 0.61058093
6883.44172086 0.61044116
6888.44422211 0.61030145
6893.44672336 0.61016179
6898.44922461 0.61002218
6903.45172586 0.60988262
6908.45422711 0.60974312
6913.45672836 0.60960366
6918.45922961 0.60946426
6923.46173087 0.60932491
6928.46423212 0.60918561
6933.46673337 0.60904636
6938.46923462 0.60890716
6943.47173587 0.60876802
6948.47423712 0.60862892
6953.47673837 0.60848988
6958.47923962 0.60835088
6963.48174087 0.60821194
6968.48424212 0.60807305
6973.48674337 0.60793421
6978.48924462 0.60779542
6983.49174587 0.60765668
6988.49424712 0.60751799
6993.49674837 0.60737935
6998.49924962 0.60724076
7003.50175088 0.60710223
7008.50425213 0.60696374
7013.50675338 0.60682530
7018.50925463 0.60668692
7023.51175588 0.60654858
7028.51425713 0.60641030
7033.51675838 0.60627206
7038.51925963 0.60613387
7043.52176088 0.60599574
7048.52426213 0.60585765
7053.52676338 0.60571962
7058.52926463 0.60558163
7063.53176588 0.60544370
7068.53426713 0.60530581
7073.53676838 0.60516797
7078.53926963 0.60503019
7083.54177089 0.60489245
7088.54427214 0.60475476
7093.54677339 0.60461713
7098.54927464 0.60447954
7103.55177589 0.60434200
7108.55427714 0.60420451
7113.55677839 0.60406707
7118.55927964 0.60392968
7123.56178089 0.60379233
7128.56428214 0.60365504
7133.56678339 0.60351780
7138.56928464 0.60338060
7143.57178589 0.60324346
7148.57428714 0.60310636
7153.57678839 0.60296931
7158.57928964 0.60283231
7163.58179090 0.60269536
7168.58429215 0.60255846
7173.58679340 0.60242161
7178.58929465 0.60228480
7183.59179590 0.60214805
7188.59429715 0.60201134
7193.59679840 0.60187468
7198.59929965 0.60173807
7203.60180090 0.60160151
7208.60430215 0.60146500
7213.60680340 0.60132853
7218.60930465 0.60119211
7223.61180590 0.60105574
7228.61430715 0.60091942
7233.61680840 0.60078315
7238.61930965 0.60064693
7243.62181091 0.60051075
7248.62431216 0.60037462
7253.62681341 0.60023854
7258.62931466 0.60010251
7263.63181591 0.59996652
7268.63431716 0.59983058
7273.63681841 0.59969469
7278.63931966 0.59955885
7283.64182091 0.59942305
7288.64432216 0.59928731
7293.64682341 0.59915161
7298.64932466 0.59901595
7303.65182591 0.59888035
7308.65432716 0.59874479
7313.65682841 0.59860928
7318.65932966 0.59847382
7323.66183092 0.59833840
7328.66433217 0.59820303
7333.66683342 0.59806771
7338.66933467 0.59793244
7343.67183592 0.59779721
7348.67433717 0.59766203
7353.67683842 0.59752689
7358.67933967 0.59739181
7363.68184092 0.59725677
7368.68434217 0.59712177
7373.68684342 0.59698682
7378.68934467 0.59685192
7383.69184592 0.59671707
7388.69434717 0.59658226
7393.69684842 0.59644750
7398.69934967 0.59631279
7403.70185093 0.59617812
7408.70435218 0.59604350
7413.70685343 0.59590892
7418.70935468 0.59577439
7423.71185593 0.59563991
7428.71435718 0.59550547
7433.71685843 0.59537108
7438.71935968 0.59523674
7443.72186093 0.59510244
7448.72436218 0.59496819
7453.72686343 0.59483398
7458.72936468 0.59469982
7463.73186593 0.59456571
7468.73436718 0.59443164
7473.73686843 0.59429761
7478.73936968 0.59416364
7483.74187094 0.59402971
7488.74437219 0.59389582
7493.74687344 0.59376198
7498.74937469 0.59362818
7503.75187594 0.59349443
7508.75437719 0.59336073
7513.75687844 0.59322707
7518.75937969 0.59309346
7523.76188094 0.59295989
7528.76438219 0.59282637
7533.76688344 0.59269289
7538.76938469 0.59255946
7543.77188594 0.59242607
7548.77438719 0.59229273
7553.77688844 0.59215943
7558.77938969 0.59202618
7563.78189095 0.59189297
7568.78439220 0.59175981
7573.78689345 0.59162669
7578.78939470 0.59149362
7583.79189595 0.59136059
7588.79439720 0.59122760
7593.79689845 0.59109466
7598.79939970 0.59096177
7603.80190095 0.59082892
7608.80440220 0.59069612
7613.80690345 0.59056335
7618.80940470 0.59043064
7623.81190595 0.59029797
7628.81440720 0.59016534
7633.81690845 0.59003276
7638.81940970 0.58990022
7643.82191096 0.58976772
7648.82441221 0.58963527
7653.82691346 0.58950287
7658.82941471 0.58937050
7663.83191596 0.58923818
7668.83441721 0.58910591
7673.83691846 0.58897368
7678.83941971 0.58884149
7683.84192096 0.58870935
7688.84442221 0.58857725
7693.84692346 0.58844520
7698.84942471 0.58831319
7703.85192596 0.58818122
7708.85442721 0.58804930
7713.85692846 0.58791742
7718.85942971 0.58778558
7723.86193097 0.58765379
7728.86443222 0.58752204
7733.86693347 0.58739033
7738.86943472 0.58725867
7743.87193597 0.58712705
7748.87443722 0.58699547
7753.87693847 0.58686394
7758.87943972 0.58673245
7763.88194097 0.58660100
7768.88444222 0.58646960
7773.88694347 0.58633824
7778.88944472 0.58620692
7783.89194597 0.58607565
7788.89444722 0.58594442
7793.89694847 0.58581323
7798.89944972 0.58568208
7803.90195098 0.58555098
7808.90445223 0.58541992
7813.90695348 0.58528891
7818.90945473 0.58515793
7823.91195598 0.58502700
7828.91445723 0.58489611
7833.91695848 0.58476527
7838.91945973 0.58463446
7843.92196098 0.58450370
7848.92446223 0.58437298
7853.92696348 0.58424231
7858.92946473 0.58411167
7863.93196598 0.58398108
7868.93446723 0.58385053
7873.93696848 0.58372003
7878.93946973 0.58358956
7883.94197099 0.58345914
7888.94447224 0.58332876
7893.94697349 0.58319842
7898.94947474 0.58306812
7903.95197599 0.58293787
7908.95447724 0.58280766
7913.95697849 0.58267749
7918.95947974 0.58254736
7923.96198099 0.58241727
7928.96448224 0.58228723
7933.96698349 0.58215723
7938.96948474 0.58202727
7943.97198599 0.58189735
7948.97448724 0.58176747
7953.97698849 0.58163763
7958.97948974 0.58150784
7963.98199100 0.58137809
7968.98449225 0.58124838
7973.98699350 0.58111871
7978.98949475 0.58098908
7983.99199600 0.58085949
7988.99449725 0.58072995
7993.99699850 0.58060044
7998.99949975 0.58047098
8004.00200100 0.58034156
8009.00450225 0.58021218
8014.00700350 0.58008284
8019.00950475 0.57995354
8024.01200600 0.57982428
8029.01450725 0.57969507
8034.01700850 0.57956589
8039.01950975 0.57943676
8044.02201101 0.57930767
8049.02451226 0.57917862
8054.02701351 0.57904960
8059.02951476 0.57892063
8064.03201601 0.57879170
8069.03451726 0.57866282
8074.03701851 0.57853397
8079.03951976 0.57840516
8084.04202101 0.57827639
8089.04452226 0.57814767
8094.04702351 0.57801898
8099.04952476 0.57789034
8104.05202601 0.57776173
8109.05452726 0.57763317
8114.05702851 0.57750464
8119.05952976 0.57737616
8124.06203102 0.57724772
8129.06453227 0.57711931
8134.06703352 0.57699095
8139.06953477 0.57686263
8144.07203602 0.57673435
8149.07453727 0.57660610
8154.07703852 0.57647790
8159.07953977 0.57634974
8164.08204102 0.57622162
8169.08454227 0.57609354
8174.08704352 0.57596549
8179.08954477 0.57583749
8184.09204602 0.57570953
8189.09454727 0.57558161
8194.09704852 0.57545373
8199.09954977 0.57532588
8204.10205103 0.57519808
8209.10455228 0.57507032
8214.10705353 0.57494259
8219.10955478 0.57481491
8224.11205603 0.57468726
8229.11455728 0.57455966
8234.11705853 0.57443209
8239.11955978 0.57430457
8244.12206103 0.57417708
8249.12456228 0.57404963
8254.12706353 0.57392223
8259.12956478 0.57379486
8264.13206603 0.57366753
8269.13456728 0.57354024
8274.13706853 0.57341299
8279.13956978 0.57328578
8284.14207104 0.57315861
8289.14457229 0.57303147
8294.14707354 0.57290438
8299.14957479 0.57277732
8304.15207604 0.57265031
8309.15457729 0.57252333
8314.15707854 0.57239639
8319.15957979 0.57226949
8324.16208104 0.57214263
8329.16458229 0.57201581
8334.16708354 0.57188903
8339.16958479 0.57176228
8344.17208604 0.57163558
8349.17458729 0.57150891
8354.17708854 0.57138229
8359.17958979 0.57125570
8364.18209105 0.57112915
8369.18459230 0.57100263
8374.18709355 0.57087616
8379.18959480 0.57074973
8384.19209605 0.57062333
8389.19459730 0.57049697
8394.19709855 0.57037065
8399.19959980 0.57024437
8404.20210105 0.57011813
8409.20460230 0.56999192
8414.20710355 0.56986575
8419.20960480 0.56973963
8424.21210605 0.56961354
8429.21460730 0.56948748
8434.21710855 0.56936147
8439.21960980 0.56923549
8444.22211106 0.56910956
8449.22461231 0.56898366
8454.22711356 0.56885779
8459.22961481 0.56873197
8464.23211606 0.56860618
8469.23461731 0.56848044
8474.23711856 0.56835473
8479.23961981 0.56822905
8484.24212106 0.56810342
8489.24462231 0.56797782
8494.24712356 0.56785226
8499.24962481 0.56772674
8504.25212606 0.56760126
8509.25462731 0.56747581
8514.25712856 0.56735040
8519.25962981 0.56722503
8524.26213107 0.56709970
8529.26463232 0.56697440
8534.26713357 0.56684914
8539.26963482 0.56672392
8544.27213607 0.56659873
8549.27463732 0.56647359
8554.27713857 0.56634848
8559.27963982 0.56622341
8564.28214107 0.56609837
8569.28464232 0.56597337
8574.28714357 0.56584841
8579.28964482 0.56572349
8584.29214607 0.56559860
8589.29464732 0.56547375
8594.29714857 0.56534894
8599.29964982 0.56522416
8604.30215108 0.56509943
8609.30465233 0.56497472
8614.30715358 0.56485006
8619.30965483 0.56472543
8624.31215608 0.56460084
8629.31465733 0.56447629
8634.31715858 0.56435177
8639.31965983 0.56422729
8644.32216108 0.56410285
8649.32466233 0.56397844
8654.32716358 0.56385407
8659.32966483 0.56372973
8664.33216608 0.56360544
8669.33466733 0.56348118
8674.33716858 0.56335695
8679.33966983 0.56323276
8684.34217109 0.56310861
8689.34467234 0.56298450
8694.34717359 0.56286042
8699.34967484 0.56273638
8704.35217609 0.56261237
8709.35467734 0.56248840
8714.35717859 0.56236447
8719.35967984 0.56224057
8724.36218109 0.56211671
8729.36468234 0.56199289
8734.36718359 0.56186910
8739.36968484 0.56174534
8744.37218609 0.56162163
8749.37468734 0.56149795
8754.37718859 0.56137430
8759.37968984 0.56125070
8764.38219110 0.56112712
8769.38469235 0.56100359
8774.38719360 0.56088009
8779.38969485 0.56075662
8784.39219610 0.56063319
8789.39469735 0.56050980
8794.39719860 0.56038644
8799.39969985 0.56026312
8804.40220110 0.56013984
8809.40470235 0.56001659
8814.40720360 0.55989337
8819.40970485 0.55977019
8824.41220610 0.55964705
8829.41470735 0.55952394
8834.41720860 0.55940087
8839.41970985 0.55927783
8844.42221111 0.55915483
8849.42471236 0.55903187
8854.42721361 0.55890894
8859.42971486 0.55878604
8864.43221611 0.55866318
8869.43471736 0.55854036
8874.43721861 0.55841757
8879.43971986 0.55829481
8884.44222111 0.55817209
8889.44472236 0.55804941
8894.44722361 0.55792676
8899.44972486 0.55780415
8904.45222611 0.55768157
8909.45472736 0.55755903
8914.45722861 0.55743652
8919.45972986 0.55731405
8924.46223112 0.55719161
8929.46473237 0.55706921
8934.46723362 0.55694684
8939.46973487 0.55682451
8944.47223612 0.55670221
8949.47473737 0.55657994
8954.47723862 0.55645772
8959.47973987 0.55633552
8964.48224112 0.55621336
8969.48474237 0.55609124
8974.48724362 0.55596915
8979.48974487 0.55584709
8984.49224612 0.55572507
8989.49474737 0.55560309
8994.49724862 0.55548114
8999.49974987 0.55535922
9004.50225113 0.55523734
9009.50475238 0.55511549
9014.50725363 0.55499368
9019.50975488 0.55487190
9024.51225613 0.55475015
9029.51475738 0.55462844
9034.51725863 0.55450677
9039.51975988 0.55438512
9044.52226113 0.55426352
9049.52476238 0.55414194
9054.52726363 0.55402041
9059.52976488 0.55389890
9064.53226613 0.55377743
9069.53476738 0.55365599
9074.53726863 0.55353459
9079.53976988 0.55341322
9084.54227114 0.55329189
9089.54477239 0.55317059
9094.54727364 0.55304932
9099.54977489 0.55292809
9104.55227614 0.55280689
9109.55477739 0.55268573
9114.55727864 0.55256460
9119.55977989 0.55244350
9124.56228114 0.55232244
9129.56478239 0.55220141
9134.56728364 0.55208042
9139.56978489 0.55195946
9144.57228614 0.55183853
9149.57478739 0.55171763
9154.57728864 0.55159677
9159.57978989 0.55147595
9164.58229115 0.55135515
9169.58479240 0.55123440
9174.58729365 0.55111367
9179.58979490 0.55099298
9184.59229615 0.55087232
9189.59479740 0.55075169
9194.59729865 0.55063110
9199.59979990 0.55051054
9204.60230115 0.55039002
9209.60480240 0.55026953
9214.60730365 0.55014907
9219.60980490 0.55002864
9224.61230615 0.54990825
9229.61480740 0.54978789
9234.61730865 0.54966757
9239.61980990 0.54954727
9244.62231116 0.54942702
9249.62481241 0.54930679
9254.62731366 0.54918660
9259.62981491 0.54906644
9264.63231616 0.54894631
9269.63481741 0.54882622
9274.63731866 0.54870616
9279.63981991 0.54858613
9284.64232116 0.54846613
9289.64482241 0.54834617
9294.64732366 0.54822624
9299.64982491 0.54810635
9304.65232616 0.54798648
9309.65482741 0.54786665
9314.65732866 0.54774686
9319.65982991 0.54762709
9324.66233117 0.54750736
9329.66483242 0.54738766
9334.66733367 0.54726799
9339.66983492 0.54714836
9344.67233617 0.54702876
9349.67483742 0.54690919
9354.67733867 0.54678965
9359.67983992 0.54667015
9364.68234117 0.54655068
9369.68484242 0.54643124
9374.68734367 0.54631183
9379.68984492 0.54619246
9384.69234617 0.54607312
9389.69484742 0.54595381
9394.69734867 0.54583453
9399.69984992 0.54571529
9404.70235118 0.54559607
9409.70485243 0.54547690
9414.70735368 0.54535775
9419.70985493 0.54523863
9424.71235618 0.54511955
9429.71485743 0.54500050
9434.71735868 0.54488148
9439.71985993 0.54476249
9444.72236118 0.54464354
9449.72486243 0.54452462
9454.72736368 0.54440573
9459.72986493 0.54428687
9464.73236618 0.54416804
9469.73486743 0.54404925
9474.73736868 0.54393049
9479.73986993 0.54381176
9484.74237119 0.54369306
9489.74487244 0.54357439
9494.74737369 0.54345576
9499.74987494 0.54333715
9504.75237619 0.54321858
9509.75487744 0.54310004
9514.75737869 0.54298153
9519.75987994 0.54286306
9524.76238119 0.54274461
9529.76488244 0.54262620
9534.76738369 0.54250782
9539.76988494 0.54238947
9544.77238619 0.54227115
9549.77488744 0.54215287
9554.77738869 0.54203461
9559.77988994 0.54191639
9564.78239120 0.54179820
9569.78489245 0.54168004
9574.78739370 0.54156191
9579.78989495 0.54144381
9584.79239620 0.54132575
9589.79489745 0.54120771
9594.79739870 0.54108971
9599.79989995 0.54097174
9604.80240120 0.54085380
9609.80490245 0.54073589
9614.80740370 0.54061801
9619.80990495 0.54050016
9624.81240620 0.54038235
9629.81490745 0.54026456
9634.81740870 0.54014681
9639.81990995 0.54002909
9644.82241121 0.53991140
9649.82491246 0.53979374
9654.82741371 0.53967611
9659.82991496 0.53955851
9664.83241621 0.53944095
9669.83491746 0.53932341
9674.83741871 0.53920590
9679.83991996 0.53908843
9684.84242121 0.53897099
9689.84492246 0.53885358
9694.84742371 0.53873619
9699.84992496 0.53861884
9704.85242621 0.53850152
9709.85492746 0.53838424
9714.85742871 0.53826698
9719.85992996 0.53814975
9724.86243122 0.53803255
9729.86493247 0.53791539
9734.86743372 0.53779825
9739.86993497 0.53768115
9744.87243622 0.53756407
9749.87493747 0.53744703
9754.87743872 0.53733002
9759.87993997 0.53721304
9764.88244122 0.53709608
9769.88494247 0.53697916
9774.88744372 0.53686227
9779.88994497 0.53674541
9784.89244622 0.53662858
9789.89494747 0.53651178
9794.89744872 0.53639501
9799.89994997 0.53627827
9804.90245123 0.53616157
9809.90495248 0.53604489
9814.90745373 0.53592824
9819.90995498 0.53581162
9824.91245623 0.53569504
9829.91495748 0.53557848
9834.91745873 0.53546195
9839.91995998 0.53534545
9844.92246123 0.53522899
9849.92496248 0.53511255
9854.92746373 0.53499615
9859.92996498 0.53487977
9864.93246623 0.53476342
9869.93496748 0.53464711
9874.93746873 0.53453082
9879.93996998 0.53441456
9884.94247124 0.53429834
9889.94497249 0.53418214
9894.94747374 0.53406598
9899.94997499 0.53394984
9904.95247624 0.53383373
9909.95497749 0.53371766
9914.95747874 0.53360161
9919.95997999 0.53348559
9924.96248124 0.53336960
9929.96498249 0.53325365
9934.96748374 0.53313772
9939.96998499 0.53302182
9944.97248624 0.53290595
9949.97498749 0.53279011
9954.97748874 0.53267431
9959.97998999 0.53255853
9964.98249125 0.53244278
9969.98499250 0.53232706
9974.98749375 0.53221137
9979.98999500 0.53209570
9984.99249625 0.53198007
9989.99499750 0.53186447
9994.99749875 0.53174890
10000.00000000 0.53163335
