0.00000000 1.00000000
5.00250125 0.98382482
10.00500250 0.97696159
15.00750375 0.97162942
20.01000500 0.96708940
25.01250625 0.96305537
30.01500750 0.95938057
35.01750875 0.95597787
40.02001001 0.95279047
45.02251126 0.94977894
50.02501251 0.94691458
55.02751376 0.94417572
60.03001501 0.94154553
65.03251626 0.93901063
70.03501751 0.93656016
75.03751876 0.93418519
80.04002001 0.93187825
85.04252126 0.92963301
90.04502251 0.92744409
95.04752376 0.92530681
100.05002501 0.92321713
105.05252626 0.92117149
110.05502751 0.91916677
115.05752876 0.91720019
120.06003002 0.91526926
125.06253127 0.91337176
130.06503252 0.91150569
135.06753377 0.90966924
140.07003502 0.90786075
145.07253627 0.90607874
150.07503752 0.90432183
155.07753877 0.90258876
160.08004002 0.90087837
165.08254127 0.89918961
170.08504252 0.89752148
175.08754377 0.89587306
180.09004502 0.89424352
185.09254627 0.89263205
190.09504752 0.89103792
195.09754877 0.88946045
200.10005003 0.88789898
205.10255128 0.88635291
210.10505253 0.88482168
215.10755378 0.88330475
220.11005503 0.88180161
225.11255628 0.88031180
230.11505753 0.87883486
235.11755878 0.87737036
240.12006003 0.87591791
245.12256128 0.87447713
250.12506253 0.87304765
255.12756378 0.87162913
260.13006503 0.87022125
265.13256628 0.86882368
270.13506753 0.86743615
275.13756878 0.86605835
280.14007004 0.86469003
285.14257129 0.86333093
290.14507254 0.86198080
295.14757379 0.86063940
300.15007504 0.85930650
305.15257629 0.85798190
310.15507754 0.85666538
315.15757879 0.85535675
320.16008004 0.85405581
325.16258129 0.85276238
330.16508254 0.85147628
335.16758379 0.85019734
340.17008504 0.84892541
345.17258629 0.84766031
350.17508754 0.84640190
355.17758879 0.84515003
360.18009005 0.84390457
365.18259130 0.84266537
370.18509255 0.84143230
375.18759380 0.84020523
380.19009505 0.83898405
385.19259630 0.83776863
390.19509755 0.83655886
395.19759880 0.83535462
400.20010005 0.83415582
405.20260130 0.83296233
410.20510255 0.83177407
415.20760380 0.83059093
420.21010505 0.82941282
425.21260630 0.82823965
430.21510755 0.82707133
435.21760880 0.82590776
440.22011006 0.82474887
445.22261131 0.82359457
450.22511256 0.82244478
455.22761381 0.82129943
460.23011506 0.82015844
465.23261631 0.81902173
470.23511756 0.81788924
475.23761881 0.81676090
480.24012006 0.81563663
485.24262131 0.81451637
490.24512256 0.81340006
495.24762381 0.81228763
500.25012506 0.81117903
505.25262631 0.81007419
510.25512756 0.80897306
515.25762881 0.80787558
520.26013007 0.80678169
525.26263132 0.80569134
530.26513257 0.80460448
535.26763382 0.80352105
540.27013507 0.80244101
545.27263632 0.80136431
550.27513757 0.80029090
555.27763882 0.79922073
560.28014007 0.79815375
565.28264132 0.79708993
570.28514257 0.79602922
575.28764382 0.79497157
580.29014507 0.79391695
585.29264632 0.79286531
590.29514757 0.79181661
595.29764882 0.79077081
600.30015008 0.78972789
605.30265133 0.78868779
610.30515258 0.78765048
615.30765383 0.78661592
620.31015508 0.78558409
625.31265633 0.78455494
630.31515758 0.78352844
635.31765883 0.78250456
640.32016008 0.78148327
645.32266133 0.78046453
650.32516258 0.77944832
655.32766383 0.77843459
660.33016508 0.77742333
665.33266633 0.77641450
670.33516758 0.77540808
675.33766883 0.77440402
680.34017009 0.77340232
685.34267134 0.77240294
690.34517259 0.77140585
695.34767384 0.77041102
700.35017509 0.76941844
705.35267634 0.76842807
710.35517759 0.76743990
715.35767884 0.76645389
720.36018009 0.76547002
725.36268134 0.76448827
730.36518259 0.76350861
735.36768384 0.76253103
740.37018509 0.76155549
745.37268634 0.76058199
750.37518759 0.75961049
755.37768884 0.75864097
760.38019010 0.75767342
765.38269135 0.75670781
770.38519260 0.75574412
775.38769385 0.75478233
780.39019510 0.75382243
785.39269635 0.75286439
790.39519760 0.75190820
795.39769885 0.75095383
800.40020010 0.75000127
805.40270135 0.74905050
810.40520260 0.74810150
815.40770385 0.74715426
820.41020510 0.74620875
825.41270635 0.74526496
830.41520760 0.74432287
835.41770885 0.74338247
840.42021011 0.74244374
845.42271136 0.74150667
850.42521261 0.74057123
855.42771386 0.73963741
860.43021511 0.73870521
865.43271636 0.73777459
870.43521761 0.73684555
875.43771886 0.73591808
880.44022011 0.73499215
885.44272136 0.73406776
890.44522261 0.73314488
895.44772386 0.73222352
900.45022511 0.73130364
905.45272636 0.73038525
910.45522761 0.72946832
915.45772886 0.72855284
920.46023012 0.72763880
925.46273137 0.72672619
930.46523262 0.72581500
935.46773387 0.72490520
940.47023512 0.72399680
945.47273637 0.72308977
950.47523762 0.72218411
955.47773887 0.72127981
960.48024012 0.72037684
965.48274137 0.71947521
970.48524262 0.71857490
975.48774387 0.71767590
980.49024512 0.71677819
985.49274637 0.71588177
990.49524762 0.71498663
995.49774887 0.71409276
1000.50025013 0.71320013
1005.50275138 0.71230876
1010.50525263 0.71141862
1015.50775388 0.71052970
1020.51025513 0.70964200
1025.51275638 0.70875550
1030.51525763 0.70787020
1035.51775888 0.70698609
1040.52026013 0.70610315
1045.52276138 0.70522138
1050.52526263 0.70434076
1055.52776388 0.70346130
1060.53026513 0.70258297
1065.53276638 0.70170578
1070.53526763 0.70082970
1075.53776888 0.69995474
1080.54027014 0.69908089
1085.54277139 0.69820813
1090.54527264 0.69733646
1095.54777389 0.69646587
1100.55027514 0.69559635
1105.55277639 0.69472790
1110.55527764 0.69386050
1115.55777889 0.69299414
1120.56028014 0.69212883
1125.56278139 0.69126455
1130.56528264 0.69040129
1135.56778389 0.68953905
1140.57028514 0.68867782
1145.57278639 0.68781759
1150.57528764 0.68695836
1155.57778889 0.68610011
1160.58029015 0.68524284
1165.58279140 0.68438655
1170.58529265 0.68353122
1175.58779390 0.68267685
1180.59029515 0.68182343
1185.59279640 0.68097096
1190.59529765 0.68011943
1195.59779890 0.67926883
1200.60030015 0.67841916
1205.60280140 0.67757040
1210.60530265 0.67672256
1215.60780390 0.67587563
1220.61030515 0.67502959
1225.61280640 0.67418445
1230.61530765 0.67334020
1235.61780890 0.67249682
1240.62031016 0.67165433
1245.62281141 0.67081270
1250.62531266 0.66997194
1255.62781391 0.66913203
1260.63031516 0.66829298
1265.63281641 0.66745477
1270.63531766 0.66661741
1275.63781891 0.66578088
1280.64032016 0.66494518
1285.64282141 0.66411030
1290.64532266 0.66327624
1295.64782391 0.66244300
1300.65032516 0.66161056
1305.65282641 0.66077892
1310.65532766 0.65994809
1315.65782891 0.65911804
1320.66033017 0.65828878
1325.66283142 0.65746031
1330.66533267 0.65663261
1335.66783392 0.65580568
1340.67033517 0.65497952
1345.67283642 0.65415412
1350.67533767 0.65332948
1355.67783892 0.65250559
1360.68034017 0.65168245
1365.68284142 0.65086005
1370.68534267 0.65003838
1375.68784392 0.64921746
1380.69034517 0.64839726
1385.69284642 0.64757778
1390.69534767 0.64675903
1395.69784892 0.64594099
1400.70035018 0.64512366
1405.70285143 0.64430704
1410.70535268 0.64349112
1415.70785393 0.64267590
1420.71035518 0.64186137
1425.71285643 0.64104754
1430.71535768 0.64023438
1435.71785893 0.63942191
1440.72036018 0.63861012
1445.72286143 0.63779900
1450.72536268 0.63698854
1455.72786393 0.63617875
1460.73036518 0.63536963
1465.73286643 0.63456116
1470.73536768 0.63375334
1475.73786893 0.63294617
1480.74037019 0.63213965
1485.74287144 0.63133377
1490.74537269 0.63052852
1495.74787394 0.62972391
1500.75037519 0.62891994
1505.75287644 0.62811658
1510.75537769 0.62731385
1515.75787894 0.62651174
1520.76038019 0.62571025
1525.76288144 0.62490936
1530.76538269 0.62410909
1535.76788394 0.62330942
1540.77038519 0.62251035
1545.77288644 0.62171189
1550.77538769 0.62091401
1555.77788894 0.62011673
1560.78039020 0.61932003
1565.78289145 0.61852392
1570.78539270 0.61772840
1575.78789395 0.61693345
1580.79039520 0.61613907
1585.79289645 0.61534527
1590.79539770 0.61455203
1595.79789895 0.61375936
1600.80040020 0.61296725
1605.80290145 0.61217571
1610.80540270 0.61138471
1615.80790395 0.61059427
1620.81040520 0.60980438
1625.81290645 0.60901504
1630.81540770 0.60822624
1635.81790895 0.60743798
1640.82041021 0.60665026
1645.82291146 0.60586308
1650.82541271 0.60507642
1655.82791396 0.60429030
1660.83041521 0.60350470
1665.83291646 0.60271963
1670.83541771 0.60193507
1675.83791896 0.60115104
1680.84042021 0.60036752
1685.84292146 0.59958451
1690.84542271 0.59880201
1695.84792396 0.59802002
1700.85042521 0.59723853
1705.85292646 0.59645754
1710.85542771 0.59567705
1715.85792896 0.59489706
1720.86043022 0.59411756
1725.86293147 0.59333856
1730.86543272 0.59256004
1735.86793397 0.59178200
1740.87043522 0.59100445
1745.87293647 0.59022739
1750.87543772 0.58945080
1755.87793897 0.58867468
1760.88044022 0.58789904
1765.88294147 0.58712387
1770.88544272 0.58634917
1775.88794397 0.58557493
1780.89044522 0.58480116
1785.89294647 0.58402785
1790.89544772 0.58325499
1795.89794897 0.58248260
1800.90045023 0.58171066
1805.90295148 0.58093917
1810.90545273 0.58016813
1815.90795398 0.57939753
1820.91045523 0.57862739
1825.91295648 0.57785768
1830.91545773 0.57708842
1835.91795898 0.57631959
1840.92046023 0.57555120
1845.92296148 0.57478325
1850.92546273 0.57401572
1855.92796398 0.57324863
1860.93046523 0.57248196
1865.93296648 0.57171572
1870.93546773 0.57094990
1875.93796898 0.57018450
1880.94047024 0.56941953
1885.94297149 0.56865496
1890.94547274 0.56789082
1895.94797399 0.56712709
1900.95047524 0.56636376
1905.95297649 0.56560085
1910.95547774 0.56483834
1915.95797899 0.56407624
1920.96048024 0.56331454
1925.96298149 0.56255325
1930.96548274 0.56179235
1935.96798399 0.56103185
1940.97048524 0.56027174
1945.97298649 0.55951203
1950.97548774 0.55875270
1955.97798899 0.55799377
1960.98049025 0.55723523
1965.98299150 0.55647707
1970.98549275 0.55571929
1975.98799400 0.55496190
1980.99049525 0.55420489
1985.99299650 0.55344825
1990.99549775 0.55269199
1995.99799900 0.55193611
2001.00050025 0.55118060
2006.00300150 0.55042546
2011.00550275 0.54967069
2016.00800400 0.54891629
2021.01050525 0.54816226
2026.01300650 0.54740859
2031.01550775 0.54665528
2036.01800900 0.54590233
2041.02051026 0.54514974
2046.02301151 0.54439751
2051.02551276 0.54364563
2056.02801401 0.54289411
2061.03051526 0.54214295
2066.03301651 0.54139213
2071.03551776 0.54064166
2076.03801901 0.53989154
2081.04052026 0.53914177
2086.04302151 0.53839234
2091.04552276 0.53764325
2096.04802401 0.53689450
2101.05052526 0.53614610
2106.05302651 0.53539803
2111.05552776 0.53465030
2116.05802901 0.53390290
2121.06053027 0.53315584
2126.06303152 0.53240911
2131.06553277 0.53166271
2136.06803402 0.53091664
2141.07053527 0.53017089
2146.07303652 0.52942548
2151.07553777 0.52868038
2156.07803902 0.52793561
2161.08054027 0.52719116
2166.08304152 0.52644704
2171.08554277 0.52570323
2176.08804402 0.52495973
2181.09054527 0.52421656
2186.09304652 0.52347370
2191.09554777 0.52273115
2196.09804902 0.52198891
2201.10055028 0.52124698
2206.10305153 0.52050537
2211.10555278 0.51976405
2216.10805403 0.51902305
2221.11055528 0.51828235
2226.11305653 0.51754195
2231.11555778 0.51680186
2236.11805903 0.51606207
2241.12056028 0.51532257
2246.12306153 0.51458338
2251.12556278 0.51384448
2256.12806403 0.51310587
2261.13056528 0.51236756
2266.13306653 0.51162955
2271.13556778 0.51089182
2276.13806903 0.51015438
2281.14057029 0.50941724
2286.14307154 0.50868038
2291.14557279 0.50794381
2296.14807404 0.50720752
2301.15057529 0.50647152
2306.15307654 0.50573580
2311.15557779 0.50500036
2316.15807904 0.50426520
2321.16058029 0.50353032
2326.16308154 0.50279572
2331.16558279 0.50206140
2336.16808404 0.50132735
2341.17058529 0.50059357
2346.17308654 0.49986007
2351.17558779 0.49912684
2356.17808904 0.49839388
2361.18059030 0.49766120
2366.18309155 0.49692877
2371.18559280 0.49619662
2376.18809405 0.49546473
2381.19059530 0.49473311
2386.19309655 0.49400175
2391.19559780 0.49327066
2396.19809905 0.49253982
2401.20060030 0.49180925
2406.20310155 0.49107894
2411.20560280 0.49034888
2416.20810405 0.48961908
2421.21060530 0.48888954
2426.21310655 0.48816025
2431.21560780 0.48743122
2436.21810905 0.48670244
2441.22061031 0.48597391
2446.22311156 0.48524563
2451.22561281 0.48451760
2456.22811406 0.48378982
2461.23061531 0.48306229
2466.23311656 0.48233501
2471.23561781 0.48160797
2476.23811906 0.48088117
2481.24062031 0.48015462
2486.24312156 0.47942831
2491.24562281 0.47870224
2496.24812406 0.47797641
2501.25062531 0.47725083
2506.25312656 0.47652548
2511.25562781 0.47580036
2516.25812906 0.47507549
2521.26063032 0.47435085
2526.26313157 0.47362644
2531.26563282 0.47290227
2536.26813407 0.47217833
2541.27063532 0.47145462
2546.27313657 0.47073114
2551.27563782 0.47000790
2556.27813907 0.46928488
2561.28064032 0.46856209
2566.28314157 0.46783952
2571.28564282 0.46711718
2576.28814407 0.46639507
2581.29064532 0.46567318
2586.29314657 0.46495151
2591.29564782 0.46423007
2596.29814907 0.46350885
2601.30065033 0.46278784
2606.30315158 0.46206706
2611.30565283 0.46134650
2616.30815408 0.46062615
2621.31065533 0.45990602
2626.31315658 0.45918611
2631.31565783 0.45846641
2636.31815908 0.45774692
2641.32066033 0.45702765
2646.32316158 0.45630859
2651.32566283 0.45558975
2656.32816408 0.45487111
2661.33066533 0.45415268
2666.33316658 0.45343446
2671.33566783 0.45271645
2676.33816908 0.45199865
2681.34067034 0.45128106
2686.34317159 0.45056367
2691.34567284 0.44984648
2696.34817409 0.44912950
2701.35067534 0.44841272
2706.35317659 0.44769614
2711.35567784 0.44697977
2716.35817909 0.44626360
2721.36068034 0.44554762
2726.36318159 0.44483185
2731.36568284 0.44411627
2736.36818409 0.44340089
2741.37068534 0.44268571
2746.37318659 0.44197072
2751.37568784 0.44125593
2756.37818909 0.44054134
2761.38069035 0.43982693
2766.38319160 0.43911272
2771.38569285 0.43839870
2776.38819410 0.43768488
2781.39069535 0.43697124
2786.39319660 0.43625779
2791.39569785 0.43554453
2796.39819910 0.43483147
2801.40070035 0.43411858
2806.40320160 0.43340589
2811.40570285 0.43269338
2816.40820410 0.43198105
2821.41070535 0.43126891
2826.41320660 0.43055696
2831.41570785 0.42984519
2836.41820910 0.42913359
2841.42071036 0.42842219
2846.42321161 0.42771096
2851.42571286 0.42699991
2856.42821411 0.42628904
2861.43071536 0.42557835
2866.43321661 0.42486784
2871.43571786 0.42415751
2876.43821911 0.42344735
2881.44072036 0.42273737
2886.44322161 0.42202756
2891.44572286 0.42131793
2896.44822411 0.42060847
2901.45072536 0.41989919
2906.45322661 0.41919007
2911.45572786 0.41848113
2916.45822911 0.41777236
2921.46073037 0.41706376
2926.46323162 0.41635533
2931.46573287 0.41564707
2936.46823412 0.41493898
2941.47073537 0.41423106
2946.47323662 0.41352330
2951.47573787 0.41281571
2956.47823912 0.41210829
2961.48074037 0.41140103
2966.48324162 0.41069394
2971.48574287 0.40998700
2976.48824412 0.40928024
2981.49074537 0.40857363
2986.49324662 0.40786719
2991.49574787 0.40716091
2996.49824912 0.40645479
3001.50075038 0.40574883
3006.50325163 0.40504303
3011.50575288 0.40433738
3016.50825413 0.40363190
3021.51075538 0.40292657
3026.51325663 0.40222140
3031.51575788 0.40151639
3036.51825913 0.40081153
3041.52076038 0.40010683
3046.52326163 0.39940228
3051.52576288 0.39869789
3056.52826413 0.39799365
3061.53076538 0.39728956
3066.53326663 0.39658563
3071.53576788 0.39588184
3076.53826913 0.39517821
3081.54077039 0.39447473
3086.54327164 0.39377140
3091.54577289 0.39306821
3096.54827414 0.39236518
3101.55077539 0.39166229
3106.55327664 0.39095955
3111.55577789 0.39025696
3116.55827914 0.38955452
3121.56078039 0.38885222
3126.56328164 0.38815006
3131.56578289 0.38744805
3136.56828414 0.38674619
3141.57078539 0.38604446
3146.57328664 0.38534288
3151.57578789 0.38464145
3156.57828914 0.38394015
3161.58079040 0.38323900
3166.58329165 0.38253799
3171.58579290 0.38183711
3176.58829415 0.38113638
3181.59079540 0.38043579
3186.59329665 0.37973533
3191.59579790 0.37903501
3196.59829915 0.37833483
3201.60080040 0.37763479
3206.60330165 0.37693489
3211.60580290 0.37623512
3216.60830415 0.37553548
3221.61080540 0.37483598
3226.61330665 0.37413662
3231.61580790 0.37343739
3236.61830915 0.37273829
3241.62081041 0.37203932
3246.62331166 0.37134049
3251.62581291 0.37064179
3256.62831416 0.36994322
3261.63081541 0.36924478
3266.63331666 0.36854647
3271.63581791 0.36784830
3276.63831916 0.36715025
3281.64082041 0.36645233
3286.64332166 0.36575453
3291.64582291 0.36505687
3296.64832416 0.36435933
3301.65082541 0.36366192
3306.65332666 0.36296464
3311.65582791 0.36226748
3316.65832916 0.36157045
3321.66083042 0.36087354
3326.66333167 0.36017676
3331.66583292 0.35948010
3336.66833417 0.35878356
3341.67083542 0.35808715
3346.67333667 0.35739086
3351.67583792 0.35669469
3356.67833917 0.35599864
3361.68084042 0.35530272
3366.68334167 0.35460691
3371.68584292 0.35391123
3376.68834417 0.35321566
3381.69084542 0.35252022
3386.69334667 0.35182489
3391.69584792 0.35112968
3396.69834917 0.35043459
3401.70085043 0.34973961
3406.70335168 0.34904476
3411.70585293 0.34835002
3416.70835418 0.34765539
3421.71085543 0.34696088
3426.71335668 0.34626649
3431.71585793 0.34557221
3436.71835918 0.34487805
3441.72086043 0.34418400
3446.72336168 0.34349006
3451.72586293 0.34279624
3456.72836418 0.34210252
3461.73086543 0.34140892
3466.73336668 0.34071544
3471.73586793 0.34002206
3476.73836918 0.33932879
3481.74087044 0.33863564
3486.74337169 0.33794259
3491.74587294 0.33724965
3496.74837419 0.33655683
3501.75087544 0.33586411
3506.75337669 0.33517150
3511.75587794 0.33447900
3516.75837919 0.33378660
3521.76088044 0.33309431
3526.76338169 0.33240213
3531.76588294 0.33171006
3536.76838419 0.33101809
3541.77088544 0.33032622
3546.77338669 0.32963446
3551.77588794 0.32894281
3556.77838919 0.32825126
3561.78089045 0.32755981
3566.78339170 0.32686847
3571.78589295 0.32617722
3576.78839420 0.32548609
3581.79089545 0.32479505
3586.79339670 0.32410412
3591.79589795 0.32341328
3596.79839920 0.32272255
3601.80090045 0.32203192
3606.80340170 0.32134139
3611.80590295 0.32065096
3616.80840420 0.31996062
3621.81090545 0.31927039
3626.81340670 0.31858025
3631.81590795 0.31789022
3636.81840920 0.31720028
3641.82091046 0.31651044
3646.82341171 0.31582069
3651.82591296 0.31513105
3656.82841421 0.31444149
3661.83091546 0.31375204
3666.83341671 0.31306268
3671.83591796 0.31237341
3676.83841921 0.31168424
3681.84092046 0.31099517
3686.84342171 0.31030619
3691.84592296 0.30961730
3696.84842421 0.30892851
3701.85092546 0.30823981
3706.85342671 0.30755120
3711.85592796 0.30686268
3716.85842921 0.30617426
3721.86093047 0.30548592
3726.86343172 0.30479768
3731.86593297 0.30410953
3736.86843422 0.30342147
3741.87093547 0.30273350
3746.87343672 0.30204562
3751.87593797 0.30135783
3756.87843922 0.30067012
3761.88094047 0.29998251
3766.88344172 0.29929499
3771.88594297 0.29860755
3776.88844422 0.29792020
3781.89094547 0.29723294
3786.89344672 0.29654576
3791.89594797 0.29585867
3796.89844922 0.29517167
3801.90095048 0.29448475
3806.90345173 0.29379792
3811.90595298 0.29311118
3816.90845423 0.29242452
3821.91095548 0.29173794
3826.91345673 0.29105145
3831.91595798 0.29036504
3836.91845923 0.28967871
3841.92096048 0.28899247
3846.92346173 0.28830631
3851.92596298 0.28762024
3856.92846423 0.28693424
3861.93096548 0.28624833
3866.93346673 0.28556250
3871.93596798 0.28487675
3876.93846923 0.28419109
3881.94097049 0.28350550
3886.94347174 0.28281999
3891.94597299 0.28213457
3896.94847424 0.28144922
3901.95097549 0.28076395
3906.95347674 0.28007876
3911.95597799 0.27939365
3916.95847924 0.27870862
3921.96098049 0.27802366
3926.96348174 0.27733879
3931.96598299 0.27665399
3936.96848424 0.27596927
3941.97098549 0.27528462
3946.97348674 0.27460006
3951.97598799 0.27391556
3956.97848924 0.27323115
3961.98099050 0.27254681
3966.98349175 0.27186254
3971.98599300 0.27117835
3976.98849425 0.27049424
3981.99099550 0.26981019
3986.99349675 0.26912623
3991.99599800 0.26844233
3996.99849925 0.26775851
4002.00100050 0.26707477
4007.00350175 0.26639109
4012.00600300 0.26570749
4017.00850425 0.26502396
4022.01100550 0.26434051
4027.01350675 0.26365712
4032.01600800 0.26297381
4037.01850925 0.26229056
4042.02101051 0.26160739
4047.02351176 0.26092429
4052.02601301 0.26024126
4057.02851426 0.25955830
4062.03101551 0.25887541
4067.03351676 0.25819258
4072.03601801 0.25750983
4077.03851926 0.25682715
4082.04102051 0.25614453
4087.04352176 0.25546198
4092.04602301 0.25477950
4097.04852426 0.25409709
4102.05102551 0.25341475
4107.05352676 0.25273247
4112.05602801 0.25205026
4117.05852926 0.25136811
4122.06103052 0.25068604
4127.06353177 0.25000402
4132.06603302 0.24932208
4137.06853427 0.24864020
4142.07103552 0.24795838
4147.07353677 0.24727663
4152.07603802 0.24659495
4157.07853927 0.24591332
4162.08104052 0.24523177
4167.08354177 0.24455027
4172.08604302 0.24386884
4177.08854427 0.24318748
4182.09104552 0.24250617
4187.09354677 0.24182493
4192.09604802 0.24114375
4197.09854927 0.24046264
4202.10105053 0.23978158
4207.10355178 0.23910059
4212.10605303 0.23841966
4217.10855428 0.23773879
4222.11105553 0.23705798
4227.11355678 0.23637723
4232.11605803 0.23569654
4237.11855928 0.23501591
4242.12106053 0.23433534
4247.12356178 0.23365484
4252.12606303 0.23297439
4257.12856428 0.23229400
4262.13106553 0.23161367
4267.13356678 0.23093339
4272.13606803 0.23025318
4277.13856928 0.22957302
4282.14107054 0.22889292
4287.14357179 0.22821288
4292.14607304 0.22753290
4297.14857429 0.22685297
4302.15107554 0.22617311
4307.15357679 0.22549329
4312.15607804 0.22481354
4317.15857929 0.22413384
4322.16108054 0.22345419
4327.16358179 0.22277460
4332.16608304 0.22209507
4337.16858429 0.22141559
4342.17108554 0.22073617
4347.17358679 0.22005680
4352.17608804 0.21937748
4357.17858929 0.21869822
4362.18109055 0.21801902
4367.18359180 0.21733987
4372.18609305 0.21666077
4377.18859430 0.21598172
4382.19109555 0.21530273
4387.19359680 0.21462379
4392.19609805 0.21394490
4397.19859930 0.21326607
4402.20110055 0.21258728
4407.20360180 0.21190855
4412.20610305 0.21122987
4417.20860430 0.21055124
4422.21110555 0.20987267
4427.21360680 0.20919414
4432.21610805 0.20851566
4437.21860930 0.20783724
4442.22111056 0.20715886
4447.22361181 0.20648054
4452.22611306 0.20580226
4457.22861431 0.20512404
4462.23111556 0.20444586
4467.23361681 0.20376773
4472.23611806 0.20308965
4477.23861931 0.20241162
4482.24112056 0.20173364
4487.24362181 0.20105571
4492.24612306 0.20037782
4497.24862431 0.19969998
4502.25112556 0.19902219
4507.25362681 0.19834445
4512.25612806 0.19766676
4517.25862931 0.19698911
4522.26113057 0.19631150
4527.26363182 0.19563395
4532.26613307 0.19495644
4537.26863432 0.19427897
4542.27113557 0.19360156
4547.27363682 0.19292418
4552.27613807 0.19224686
4557.27863932 0.19156957
4562.28114057 0.19089234
4567.28364182 0.19021515
4572.28614307 0.18953800
4577.28864432 0.18886089
4582.29114557 0.18818383
4587.29364682 0.18750682
4592.29614807 0.18682985
4597.29864932 0.18615292
4602.30115058 0.18547603
4607.30365183 0.18479919
4612.30615308 0.18412239
4617.30865433 0.18344563
4622.31115558 0.18276892
4627.31365683 0.18209225
4632.31615808 0.18141562
4637.31865933 0.18073903
4642.32116058 0.18006248
4647.32366183 0.17938598
4652.32616308 0.17870951
4657.32866433 0.17803309
4662.33116558 0.17735671
4667.33366683 0.17668036
4672.33616808 0.17600406
4677.33866933 0.17532780
4682.34117059 0.17465158
4687.34367184 0.17397540
4692.34617309 0.17329926
4697.34867434 0.17262315
4702.35117559 0.17194709
4707.35367684 0.17127106
4712.35617809 0.17059508
4717.35867934 0.16991913
4722.36118059 0.16924322
4727.36368184 0.16856735
4732.36618309 0.16789152
4737.36868434 0.16721573
4742.37118559 0.16653997
4747.37368684 0.16586425
4752.37618809 0.16518857
4757.37868934 0.16451292
4762.38119060 0.16383731
4767.38369185 0.16316174
4772.38619310 0.16248621
4777.38869435 0.16181071
4782.39119560 0.16113524
4787.39369685 0.16045982
4792.39619810 0.15978442
4797.39869935 0.15910907
4802.40120060 0.15843375
4807.40370185 0.15775846
4812.40620310 0.15708321
4817.40870435 0.15640800
4822.41120560 0.15573282
4827.41370685 0.15505767
4832.41620810 0.15438256
4837.41870935 0.15370748
4842.42121061 0.15303244
4847.42371186 0.15235743
4852.42621311 0.15168245
4857.42871436 0.15100751
4862.43121561 0.15033260
4867.43371686 0.14965772
4872.43621811 0.14898287
4877.43871936 0.14830806
4882.44122061 0.14763328
4887.44372186 0.14695853
4892.44622311 0.14628382
4897.44872436 0.14560914
4902.45122561 0.14493448
4907.45372686 0.14425986
4912.45622811 0.14358527
4917.45872936 0.14291072
4922.46123062 0.14223619
4927.46373187 0.14156169
4932.46623312 0.14088723
4937.46873437 0.14021280
4942.47123562 0.13953839
4947.47373687 0.13886402
4952.47623812 0.13818967
4957.47873937 0.13751536
4962.48124062 0.13684107
4967.48374187 0.13616682
4972.48624312 0.13549259
4977.48874437 0.13481840
4982.49124562 0.13414423
4987.49374687 0.13347009
4992.49624812 0.13279598
4997.49874937 0.13212190
5002.50125063 0.13144784
5007.50375188 0.13077382
5012.50625313 0.13009982
5017.50875438 0.12942585
5022.51125563 0.12875191
5027.51375688 0.12807799
5032.51625813 0.12740411
5037.51875938 0.12673025
5042.52126063 0.12605641
5047.52376188 0.12538261
5052.52626313 0.12470883
5057.52876438 0.12403507
5062.53126563 0.12336135
5067.53376688 0.12268764
5072.53626813 0.12201397
5077.53876938 0.12134032
5082.54127064 0.12066670
5087.54377189 0.11999310
5092.54627314 0.11931953
5097.54877439 0.11864598
5102.55127564 0.11797246
5107.55377689 0.11729896
5112.55627814 0.11662548
5117.55877939 0.11595204
5122.56128064 0.11527861
5127.56378189 0.11460521
5132.56628314 0.11393184
5137.56878439 0.11325848
5142.57128564 0.11258516
5147.57378689 0.11191185
5152.57628814 0.11123857
5157.57878939 0.11056531
5162.58129065 0.10989208
5167.58379190 0.10921887
5172.58629315 0.10854568
5177.58879440 0.10787251
5182.59129565 0.10719937
5187.59379690 0.10652625
5192.59629815 0.10585315
5197.59879940 0.10518007
5202.60130065 0.10450701
5207.60380190 0.10383398
5212.60630315 0.10316097
5217.60880440 0.10248798
5222.61130565 0.10181501
5227.61380690 0.10114206
5232.61630815 0.10046913
5237.61880940 0.09979623
5242.62131066 0.09912334
5247.62381191 0.09845048
5252.62631316 0.09777763
5257.62881441 0.09710481
5262.63131566 0.09643200
5267.63381691 0.09575922
5272.63631816 0.09508645
5277.63881941 0.09441371
5282.64132066 0.09374098
5287.64382191 0.09306828
5292.64632316 0.09239559
5297.64882441 0.09172292
5302.65132566 0.09105028
5307.65382691 0.09037765
5312.65632816 0.08970503
5317.65882941 0.08903244
5322.66133067 0.08835987
5327.66383192 0.08768731
5332.66633317 0.08701477
5337.66883442 0.08634225
5342.67133567 0.08566975
5347.67383692 0.08499727
5352.67633817 0.08432480
5357.67883942 0.08365235
5362.68134067 0.08297992
5367.68384192 0.08230750
5372.68634317 0.08163510
5377.68884442 0.08096272
5382.69134567 0.08029036
5387.69384692 0.07961801
5392.69634817 0.07894568
5397.69884942 0.07827336
5402.70135068 0.07760106
5407.70385193 0.07692878
5412.70635318 0.07625651
5417.70885443 0.07558426
5422.71135568 0.07491202
5427.71385693 0.07423980
5432.71635818 0.07356759
5437.71885943 0.07289540
5442.72136068 0.07222323
5447.72386193 0.07155107
5452.72636318 0.07087892
5457.72886443 0.07020679
5462.73136568 0.06953467
5467.73386693 0.06886257
5472.73636818 0.06819048
5477.73886943 0.06751841
5482.74137069 0.06684635
5487.74387194 0.06617430
5492.74637319 0.06550227
5497.74887444 0.06483025
5502.75137569 0.06415825
5507.75387694 0.06348625
5512.75637819 0.06281427
5517.75887944 0.06214231
5522.76138069 0.06147035
5527.76388194 0.06079841
5532.76638319 0.06012649
5537.76888444 0.05945457
5542.77138569 0.05878267
5547.77388694 0.05811078
5552.77638819 0.05743890
5557.77888944 0.05676703
5562.78139070 0.05609518
5567.78389195 0.05542334
5572.78639320 0.05475150
5577.78889445 0.05407968
5582.79139570 0.05340788
5587.79389695 0.05273608
5592.79639820 0.05206429
5597.79889945 0.05139252
5602.80140070 0.05072075
5607.80390195 0.05004900
5612.80640320 0.04937726
5617.80890445 0.04870553
5622.81140570 0.04803380
5627.81390695 0.04736209
5632.81640820 0.04669039
5637.81890945 0.04601870
5642.82141071 0.04534702
5647.82391196 0.04467535
5652.82641321 0.04400368
5657.82891446 0.04333203
5662.83141571 0.04266039
5667.83391696 0.04198875
5672.83641821 0.04131713
5677.83891946 0.04064551
5682.84142071 0.03997391
5687.84392196 0.03930231
5692.84642321 0.03863072
5697.84892446 0.03795914
5702.85142571 0.03728757
5707.85392696 0.03661600
5712.85642821 0.03594444
5717.85892946 0.03527290
5722.86143072 0.03460136
5727.86393197 0.03392982
5732.86643322 0.03325830
5737.86893447 0.03258678
5742.87143572 0.03191527
5747.87393697 0.03124377
5752.87643822 0.03057228
5757.87893947 0.02990079
5762.88144072 0.02922931
5767.88394197 0.02855783
5772.88644322 0.02788637
5777.88894447 0.02721491
5782.89144572 0.02654345
5787.89394697 0.02587200
5792.89644822 0.02520056
5797.89894947 0.02452913
5802.90145073 0.02385770
5807.90395198 0.02318628
5812.90645323 0.02251486
5817.90895448 0.02184345
5822.91145573 0.02117204
5827.91395698 0.02050064
5832.91645823 0.01982925
5837.91895948 0.01915786
5842.92146073 0.01848647
5847.92396198 0.01781509
5852.92646323 0.01714372
5857.92896448 0.01647235
5862.93146573 0.01580098
5867.93396698 0.01512962
5872.93646823 0.01445827
5877.93896948 0.01378692
5882.94147074 0.01311557
5887.94397199 0.01244423
5892.94647324 0.01177289
5897.94897449 0.01110155
5902.95147574 0.01043022
5907.95397699 0.00975889
5912.95647824 0.00908757
5917.95897949 0.00841625
5922.96148074 0.00774493
5927.96398199 0.00707362
5932.96648324 0.00640231
5937.96898449 0.00573100
5942.97148574 0.00505970
5947.97398699 0.00438840
5952.97648824 0.00371710
5957.97898949 0.00304580
5962.98149075 0.00237451
5967.98399200 0.00170322
5972.98649325 0.00103193
5977.98899450 0.00036064
5982.99149575 -0.00031064
5987.99399700 -0.00098192
5992.99649825 -0.00165320
5997.99899950 -0.00232448
6003.00150075 -0.00299576
6008.00400200 -0.00366704
6013.00650325 -0.00433831
6018.00900450 -0.00500958
6023.01150575 -0.00568085
6028.01400700 -0.00635212
6033.01650825 -0.00702339
6038.01900950 -0.00769466
6043.02151076 -0.00836593
6048.02401201 -0.00903719
6053.02651326 -0.00970846
6058.02901451 -0.01037973
6063.03151576 -0.01105099
6068.03401701 -0.01172226
6073.03651826 -0.01239352
6078.03901951 -0.01306478
6083.04152076 -0.01373605
6088.04402201 -0.01440731
6093.04652326 -0.01507858
6098.04902451 -0.01574984
6103.05152576 -0.01642111
6108.05402701 -0.01709237
6113.05652826 -0.01776364
6118.05902951 -0.01843490
6123.06153077 -0.01910617
6128.06403202 -0.01977744
6133.06653327 -0.02044871
6138.06903452 -0.02111998
6143.07153577 -0.02179125
6148.07403702 -0.02246252
6153.07653827 -0.02313380
6158.07903952 -0.02380507
6163.08154077 -0.02447635
6168.08404202 -0.02514763
6173.08654327 -0.02581891
6178.08904452 -0.02649019
6183.09154577 -0.02716147
6188.09404702 -0.02783276
6193.09654827 -0.02850405
6198.09904952 -0.02917534
6203.10155078 -0.02984663
6208.10405203 -0.03051793
6213.10655328 -0.03118923
6218.10905453 -0.03186053
6223.11155578 -0.03253183
6228.11405703 -0.03320314
6233.11655828 -0.03387445
6238.11905953 -0.03454576
6243.12156078 -0.03521707
6248.12406203 -0.03588839
6253.12656328 -0.03655971
6258.12906453 -0.03723104
6263.13156578 -0.03790237
6268.13406703 -0.03857370
6273.13656828 -0.03924503
6278.13906953 -0.03991637
6283.14157079 -0.04058772
6288.14407204 -0.04125906
6293.14657329 -0.04193042
6298.14907454 -0.04260177
6303.15157579 -0.04327313
6308.15407704 -0.04394449
6313.15657829 -0.04461586
6318.15907954 -0.04528724
6323.16158079 -0.04595861
6328.16408204 -0.04663000
6333.16658329 -0.04730138
6338.16908454 -0.04797277
6343.17158579 -0.04864417
6348.17408704 -0.04931557
6353.17658829 -0.04998698
6358.17908954 -0.05065839
6363.18159080 -0.05132981
6368.18409205 -0.05200123
6373.18659330 -0.05267266
6378.18909455 -0.05334410
6383.19159580 -0.05401553
6388.19409705 -0.05468698
6393.19659830 -0.05535843
6398.19909955 -0.05602989
6403.20160080 -0.05670135
6408.20410205 -0.05737282
6413.20660330 -0.05804430
6418.20910455 -0.05871578
6423.21160580 -0.05938727
6428.21410705 -0.06005876
6433.21660830 -0.06073026
6438.21910955 -0.06140177
6443.22161081 -0.06207329
6448.22411206 -0.06274481
6453.22661331 -0.06341634
6458.22911456 -0.06408787
6463.23161581 -0.06475942
6468.23411706 -0.06543097
6473.23661831 -0.06610252
6478.23911956 -0.06677409
6483.24162081 -0.06744566
6488.24412206 -0.06811724
6493.24662331 -0.06878883
6498.24912456 -0.06946042
6503.25162581 -0.07013202
6508.25412706 -0.07080363
6513.25662831 -0.07147525
6518.25912956 -0.07214688
6523.26163082 -0.07281851
6528.26413207 -0.07349016
6533.26663332 -0.07416181
6538.26913457 -0.07483347
6543.27163582 -0.07550514
6548.27413707 -0.07617681
6553.27663832 -0.07684850
6558.27913957 -0.07752019
6563.28164082 -0.07819189
6568.28414207 -0.07886360
6573.28664332 -0.07953533
6578.28914457 -0.08020705
6583.29164582 -0.08087879
6588.29414707 -0.08155054
6593.29664832 -0.08222230
6598.29914957 -0.08289407
6603.30165083 -0.08356584
6608.30415208 -0.08423763
6613.30665333 -0.08490942
6618.30915458 -0.08558123
6623.31165583 -0.08625304
6628.31415708 -0.08692487
6633.31665833 -0.08759670
6638.31915958 -0.08826855
6643.32166083 -0.08894040
6648.32416208 -0.08961227
6653.32666333 -0.09028414
6658.32916458 -0.09095603
6663.33166583 -0.09162792
6668.33416708 -0.09229983
6673.33666833 -0.09297175
6678.33916958 -0.09364367
6683.34167084 -0.09431561
6688.34417209 -0.09498756
6693.34667334 -0.09565952
6698.34917459 -0.09633149
6703.35167584 -0.09700347
6708.35417709 -0.09767547
6713.35667834 -0.09834747
6718.35917959 -0.09901949
6723.36168084 -0.09969152
6728.36418209 -0.10036356
6733.36668334 -0.10103561
6738.36918459 -0.10170767
6743.37168584 -0.10237974
6748.37418709 -0.10305183
6753.37668834 -0.10372392
6758.37918959 -0.10439603
6763.38169085 -0.10506816
6768.38419210 -0.10574029
6773.38669335 -0.10641243
6778.38919460 -0.10708459
6783.39169585 -0.10775676
6788.39419710 -0.10842895
6793.39669835 -0.10910114
6798.39919960 -0.10977335
6803.40170085 -0.11044557
6808.40420210 -0.11111780
6813.40670335 -0.11179005
6818.40920460 -0.11246231
6823.41170585 -0.11313458
6828.41420710 -0.11380686
6833.41670835 -0.11447916
6838.41920960 -0.11515147
6843.42171086 -0.11582380
6848.42421211 -0.11649613
6853.42671336 -0.11716848
6858.42921461 -0.11784085
6863.43171586 -0.11851323
6868.43421711 -0.11918562
6873.43671836 -0.11985802
6878.43921961 -0.12053044
6883.44172086 -0.12120287
6888.44422211 -0.12187532
6893.44672336 -0.12254778
6898.44922461 -0.12322026
6903.45172586 -0.12389274
6908.45422711 -0.12456525
6913.45672836 -0.12523776
6918.45922961 -0.12591030
6923.46173087 -0.12658284
6928.46423212 -0.12725540
6933.46673337 -0.12792798
6938.46923462 -0.12860057
6943.47173587 -0.12927317
6948.47423712 -0.12994579
6953.47673837 -0.13061842
6958.47923962 -0.13129107
6963.48174087 -0.13196374
6968.48424212 -0.13263642
6973.48674337 -0.13330911
6978.48924462 -0.13398182
6983.49174587 -0.13465454
6988.49424712 -0.13532728
6993.49674837 -0.13600004
6998.49924962 -0.13667281
7003.50175088 -0.13734560
7008.50425213 -0.13801840
7013.50675338 -0.13869122
7018.50925463 -0.13936405
7023.51175588 -0.14003690
7028.51425713 -0.14070977
7033.51675838 -0.14138265
7038.51925963 -0.14205554
7043.52176088 -0.14272846
7048.52426213 -0.14340139
7053.52676338 -0.14407433
7058.52926463 -0.14474730
7063.53176588 -0.14542028
7068.53426713 -0.14609327
7073.53676838 -0.14676628
7078.53926963 -0.14743931
7083.54177089 -0.14811236
7088.54427214 -0.14878542
7093.54677339 -0.14945850
7098.54927464 -0.15013159
7103.55177589 -0.15080471
7108.55427714 -0.15147784
7113.55677839 -0.15215098
7118.55927964 -0.15282415
7123.56178089 -0.15349733
7128.56428214 -0.15417053
7133.56678339 -0.15484374
7138.56928464 -0.15551697
7143.57178589 -0.15619023
7148.57428714 -0.15686349
7153.57678839 -0.15753678
7158.57928964 -0.15821008
7163.58179090 -0.15888340
7168.58429215 -0.15955674
7173.58679340 -0.16023010
7178.58929465 -0.16090348
7183.59179590 -0.16157687
7188.59429715 -0.16225028
7193.59679840 -0.16292371
7198.59929965 -0.16359716
7203.60180090 -0.16427062
7208.60430215 -0.16494411
7213.60680340 -0.16561761
7218.60930465 -0.16629113
7223.61180590 -0.16696467
7228.61430715 -0.16763823
7233.61680840 -0.16831181
7238.61930965 -0.16898540
7243.62181091 -0.16965902
7248.62431216 -0.17033265
7253.62681341 -0.17100631
7258.62931466 -0.17167998
7263.63181591 -0.17235367
7268.63431716 -0.17302738
7273.63681841 -0.17370111
7278.63931966 -0.17437486
7283.64182091 -0.17504862
7288.64432216 -0.17572241
7293.64682341 -0.17639622
7298.64932466 -0.17707004
7303.65182591 -0.17774389
7308.65432716 -0.17841775
7313.65682841 -0.17909164
7318.65932966 -0.17976554
7323.66183092 -0.18043947
7328.66433217 -0.18111341
7333.66683342 -0.18178738
7338.66933467 -0.18246136
7343.67183592 -0.18313537
7348.67433717 -0.18380939
7353.67683842 -0.18448344
7358.67933967 -0.18515750
7363.68184092 -0.18583159
7368.68434217 -0.18650570
7373.68684342 -0.18717982
7378.68934467 -0.18785397
7383.69184592 -0.18852814
7388.69434717 -0.18920233
7393.69684842 -0.18987654
7398.69934967 -0.19055077
7403.70185093 -0.19122502
7408.70435218 -0.19189929
7413.70685343 -0.19257358
7418.70935468 -0.19324790
7423.71185593 -0.19392223
7428.71435718 -0.19459659
7433.71685843 -0.19527097
7438.71935968 -0.19594536
7443.72186093 -0.19661978
7448.72436218 -0.19729423
7453.72686343 -0.19796869
7458.72936468 -0.19864317
7463.73186593 -0.19931768
7468.73436718 -0.19999221
7473.73686843 -0.20066676
7478.73936968 -0.20134133
7483.74187094 -0.20201592
7488.74437219 -0.20269053
7493.74687344 -0.20336517
7498.74937469 -0.20403983
7503.75187594 -0.20471451
7508.75437719 -0.20538921
7513.75687844 -0.20606394
7518.75937969 -0.20673869
7523.76188094 -0.20741346
7528.76438219 -0.20808825
7533.76688344 -0.20876306
7538.76938469 -0.20943790
7543.77188594 -0.21011276
7548.77438719 -0.21078764
7553.77688844 -0.21146255
7558.77938969 -0.21213747
7563.78189095 -0.21281242
7568.78439220 -0.21348740
7573.78689345 -0.21416239
7578.78939470 -0.21483741
7583.79189595 -0.21551245
7588.79439720 -0.21618752
7593.79689845 -0.21686261
7598.79939970 -0.21753772
7603.80190095 -0.21821285
7608.80440220 -0.21888801
7613.80690345 -0.21956319
7618.80940470 -0.22023839
7623.81190595 -0.22091362
7628.81440720 -0.22158887
7633.81690845 -0.22226415
7638.81940970 -0.22293945
7643.82191096 -0.22361477
7648.82441221 -0.22429012
7653.82691346 -0.22496549
7658.82941471 -0.22564088
7663.83191596 -0.22631630
7668.83441721 -0.22699174
7673.83691846 -0.22766721
7678.83941971 -0.22834269
7683.84192096 -0.22901821
7688.84442221 -0.22969375
7693.84692346 -0.23036931
7698.84942471 -0.23104490
7703.85192596 -0.23172051
7708.85442721 -0.23239614
7713.85692846 -0.23307180
7718.85942971 -0.23374749
7723.86193097 -0.23442320
7728.86443222 -0.23509893
7733.86693347 -0.23577469
7738.86943472 -0.23645047
7743.87193597 -0.23712628
7748.87443722 -0.23780211
7753.87693847 -0.23847797
7758.87943972 -0.23915385
7763.88194097 -0.23982976
7768.88444222 -0.24050569
7773.88694347 -0.24118165
7778.88944472 -0.24185763
7783.89194597 -0.24253364
7788.89444722 -0.24320968
7793.89694847 -0.24388573
7798.89944972 -0.24456182
7803.90195098 -0.24523793
7808.90445223 -0.24591406
7813.90695348 -0.24659023
7818.90945473 -0.24726641
7823.91195598 -0.24794262
7828.91445723 -0.24861886
7833.91695848 -0.24929513
7838.91945973 -0.24997142
7843.92196098 -0.25064773
7848.92446223 -0.25132407
7853.92696348 -0.25200044
7858.92946473 -0.25267683
7863.93196598 -0.25335325
7868.93446723 -0.25402970
7873.93696848 -0.25470617
7878.93946973 -0.25538267
7883.94197099 -0.25605919
7888.94447224 -0.25673574
7893.94697349 -0.25741232
7898.94947474 -0.25808893
7903.95197599 -0.25876556
7908.95447724 -0.25944221
7913.95697849 -0.26011890
7918.95947974 -0.26079561
7923.96198099 -0.26147234
7928.96448224 -0.26214911
7933.96698349 -0.26282590
7938.96948474 -0.26350271
7943.97198599 -0.26417956
7948.97448724 -0.26485643
7953.97698849 -0.26553333
7958.97948974 -0.26621025
7963.98199100 -0.26688721
7968.98449225 -0.26756419
7973.98699350 -0.26824119
7978.98949475 -0.26891823
7983.99199600 -0.26959529
7988.99449725 -0.27027238
7993.99699850 -0.27094949
7998.99949975 -0.27162664
8004.00200100 -0.27230381
8009.00450225 -0.27298101
8014.00700350 -0.27365824
8019.00950475 -0.27433549
8024.01200600 -0.27501277
8029.01450725 -0.27569008
8034.01700850 -0.27636742
8039.01950975 -0.27704479
8044.02201101 -0.27772218
8049.02451226 -0.27839960
8054.02701351 -0.27907705
8059.02951476 -0.27975453
8064.03201601 -0.28043204
8069.03451726 -0.28110957
8074.03701851 -0.28178713
8079.03951976 -0.28246472
8084.04202101 -0.28314234
8089.04452226 -0.28381999
8094.04702351 -0.28449767
8099.04952476 -0.28517537
8104.05202601 -0.28585310
8109.05452726 -0.28653087
8114.05702851 -0.28720866
8119.05952976 -0.28788648
8124.06203102 -0.28856432
8129.06453227 -0.28924220
8134.06703352 -0.28992010
8139.06953477 -0.29059804
8144.07203602 -0.29127600
8149.07453727 -0.29195399
8154.07703852 -0.29263202
8159.07953977 -0.29331007
8164.08204102 -0.29398815
8169.08454227 -0.29466625
8174.08704352 -0.29534439
8179.08954477 -0.29602256
8184.09204602 -0.29670076
8189.09454727 -0.29737898
8194.09704852 -0.29805724
8199.09954977 -0.29873552
8204.10205103 -0.29941384
8209.10455228 -0.30009218
8214.10705353 -0.30077055
8219.10955478 -0.30144896
8224.11205603 -0.30212739
8229.11455728 -0.30280585
8234.11705853 -0.30348434
8239.11955978 -0.30416286
8244.12206103 -0.30484142
8249.12456228 -0.30552000
8254.12706353 -0.30619861
8259.12956478 -0.30687725
8264.13206603 -0.30755592
8269.13456728 -0.30823463
8274.13706853 -0.30891336
8279.13956978 -0.30959212
8284.14207104 -0.31027091
8289.14457229 -0.31094974
8294.14707354 -0.31162859
8299.14957479 -0.31230748
8304.15207604 -0.31298639
8309.15457729 -0.31366533
8314.15707854 -0.31434431
8319.15957979 -0.31502332
8324.16208104 -0.31570235
8329.16458229 -0.31638142
8334.16708354 -0.31706052
8339.16958479 -0.31773965
8344.17208604 -0.31841881
8349.17458729 -0.31909800
8354.17708854 -0.31977722
8359.17958979 -0.32045647
8364.18209105 -0.32113575
8369.18459230 -0.32181507
8374.18709355 -0.32249441
8379.18959480 -0.32317379
8384.19209605 -0.32385320
8389.19459730 -0.32453264
8394.19709855 -0.32521211
8399.19959980 -0.32589161
8404.20210105 -0.32657114
8409.20460230 -0.32725071
8414.20710355 -0.32793030
8419.20960480 -0.32860993
8424.21210605 -0.32928959
8429.21460730 -0.32996928
8434.21710855 -0.33064900
8439.21960980 -0.33132875
8444.22211106 -0.33200854
8449.22461231 -0.33268836
8454.22711356 -0.33336820
8459.22961481 -0.33404809
8464.23211606 -0.33472800
8469.23461731 -0.33540794
8474.23711856 -0.33608792
8479.23961981 -0.33676793
8484.24212106 -0.33744797
8489.24462231 -0.33812804
8494.24712356 -0.33880815
8499.24962481 -0.33948828
8504.25212606 -0.34016845
8509.25462731 -0.34084866
8514.25712856 -0.34152889
8519.25962981 -0.34220916
8524.26213107 -0.34288945
8529.26463232 -0.34356979
8534.26713357 -0.34425015
8539.26963482 -0.34493055
8544.27213607 -0.34561097
8549.27463732 -0.34629144
8554.27713857 -0.34697193
8559.27963982 -0.34765246
8564.28214107 -0.34833302
8569.28464232 -0.34901361
8574.28714357 -0.34969424
8579.28964482 -0.35037489
8584.29214607 -0.35105558
8589.29464732 -0.35173631
8594.29714857 -0.35241707
8599.29964982 -0.35309786
8604.30215108 -0.35377868
8609.30465233 -0.35445954
8614.30715358 -0.35514043
8619.30965483 -0.35582135
8624.31215608 -0.35650230
8629.31465733 -0.35718329
8634.31715858 -0.35786432
8639.31965983 -0.35854537
8644.32216108 -0.35922646
8649.32466233 -0.35990759
8654.32716358 -0.36058874
8659.32966483 -0.36126993
8664.33216608 -0.36195116
8669.33466733 -0.36263241
8674.33716858 -0.36331371
8679.33966983 -0.36399503
8684.34217109 -0.36467639
8689.34467234 -0.36535778
8694.34717359 -0.36603921
8699.34967484 -0.36672067
8704.35217609 -0.36740216
8709.35467734 -0.36808369
8714.35717859 -0.36876525
8719.35967984 -0.36944685
8724.36218109 -0.37012848
8729.36468234 -0.37081014
8734.36718359 -0.37149184
8739.36968484 -0.37217358
8744.37218609 -0.37285534
8749.37468734 -0.37353714
8754.37718859 -0.37421898
8759.37968984 -0.37490085
8764.38219110 -0.37558275
8769.38469235 -0.37626469
8774.38719360 -0.37694667
8779.38969485 -0.37762868
8784.39219610 -0.37831072
8789.39469735 -0.37899280
8794.39719860 -0.37967491
8799.39969985 -0.38035705
8804.40220110 -0.38103924
8809.40470235 -0.38172145
8814.40720360 -0.38240370
8819.40970485 -0.38308599
8824.41220610 -0.38376831
8829.41470735 -0.38445067
8834.41720860 -0.38513306
8839.41970985 -0.38581548
8844.42221111 -0.38649794
8849.42471236 -0.38718044
8854.42721361 -0.38786297
8859.42971486 -0.38854554
8864.43221611 -0.38922814
8869.43471736 -0.38991077
8874.43721861 -0.39059345
8879.43971986 -0.39127615
8884.44222111 -0.39195890
8889.44472236 -0.39264167
8894.44722361 -0.39332449
8899.44972486 -0.39400734
8904.45222611 -0.39469022
8909.45472736 -0.39537314
8914.45722861 -0.39605610
8919.45972986 -0.39673909
8924.46223112 -0.39742212
8929.46473237 -0.39810518
8934.46723362 -0.39878828
8939.46973487 -0.39947141
8944.47223612 -0.40015458
8949.47473737 -0.40083779
8954.47723862 -0.40152103
8959.47973987 -0.40220431
8964.48224112 -0.40288762
8969.48474237 -0.40357097
8974.48724362 -0.40425436
8979.48974487 -0.40493778
8984.49224612 -0.40562124
8989.49474737 -0.40630474
8994.49724862 -0.40698827
8999.49974987 -0.40767183
9004.50225113 -0.40835544
9009.50475238 -0.40903908
9014.50725363 -0.40972275
9019.50975488 -0.41040647
9024.51225613 -0.41109021
9029.51475738 -0.41177400
9034.51725863 -0.41245782
9039.51975988 -0.41314168
9044.52226113 -0.41382558
9049.52476238 -0.41450951
9054.52726363 -0.41519348
9059.52976488 -0.41587748
9064.53226613 -0.41656152
9069.53476738 -0.41724560
9074.53726863 -0.41792972
9079.53976988 -0.41861387
9084.54227114 -0.41929806
9089.54477239 -0.41998229
9094.54727364 -0.42066655
9099.54977489 -0.42135085
9104.55227614 -0.42203519
9109.55477739 -0.42271956
9114.55727864 -0.42340397
9119.55977989 -0.42408842
9124.56228114 -0.42477291
9129.56478239 -0.42545743
9134.56728364 -0.42614199
9139.56978489 -0.42682659
9144.57228614 -0.42751122
9149.57478739 -0.42819590
9154.57728864 -0.42888061
9159.57978989 -0.42956535
9164.58229115 -0.43025014
9169.58479240 -0.43093496
9174.58729365 -0.43161982
9179.58979490 -0.43230472
9184.59229615 -0.43298965
9189.59479740 -0.43367463
9194.59729865 -0.43435964
9199.59979990 -0.43504468
9204.60230115 -0.43572977
9209.60480240 -0.43641489
9214.60730365 -0.43710006
9219.60980490 -0.43778526
9224.61230615 -0.43847049
9229.61480740 -0.43915577
9234.61730865 -0.43984108
9239.61980990 -0.44052643
9244.62231116 -0.44121182
9249.62481241 -0.44189725
9254.62731366 -0.44258272
9259.62981491 -0.44326822
9264.63231616 -0.44395376
9269.63481741 -0.44463934
9274.63731866 -0.44532496
9279.63981991 -0.44601062
9284.64232116 -0.44669631
9289.64482241 -0.44738205
9294.64732366 -0.44806782
9299.64982491 -0.44875363
9304.65232616 -0.44943948
9309.65482741 -0.45012537
9314.65732866 -0.45081129
9319.65982991 -0.45149726
9324.66233117 -0.45218326
9329.66483242 -0.45286930
9334.66733367 -0.45355538
9339.66983492 -0.45424150
9344.67233617 -0.45492766
9349.67483742 -0.45561386
9354.67733867 -0.45630009
9359.67983992 -0.45698637
9364.68234117 -0.45767268
9369.68484242 -0.45835903
9374.68734367 -0.45904542
9379.68984492 -0.45973185
9384.69234617 -0.46041832
9389.69484742 -0.46110483
9394.69734867 -0.46179138
9399.69984992 -0.46247797
9404.70235118 -0.46316459
9409.70485243 -0.46385126
9414.70735368 -0.46453796
9419.70985493 -0.46522471
9424.71235618 -0.46591149
9429.71485743 -0.46659831
9434.71735868 -0.46728517
9439.71985993 -0.46797207
9444.72236118 -0.46865901
9449.72486243 -0.46934599
9454.72736368 -0.47003301
9459.72986493 -0.47072007
9464.73236618 -0.47140717
9469.73486743 -0.47209431
9474.73736868 -0.47278149
9479.73986993 -0.47346870
9484.74237119 -0.47415596
9489.74487244 -0.47484326
9494.74737369 -0.47553060
9499.74987494 -0.47621797
9504.75237619 -0.47690539
9509.75487744 -0.47759284
9514.75737869 -0.47828034
9519.75987994 -0.47896788
9524.76238119 -0.47965545
9529.76488244 -0.48034307
9534.76738369 -0.48103073
9539.76988494 -0.48171842
9544.77238619 -0.48240616
9549.77488744 -0.48309393
9554.77738869 -0.48378175
9559.77988994 -0.48446961
9564.78239120 -0.48515751
9569.78489245 -0.48584544
9574.78739370 -0.48653342
9579.78989495 -0.48722144
9584.79239620 -0.48790950
9589.79489745 -0.48859760
9594.79739870 -0.48928573
9599.79989995 -0.48997391
9604.80240120 -0.49066213
9609.80490245 -0.49135040
9614.80740370 -0.49203870
9619.80990495 -0.49272704
9624.81240620 -0.49341542
9629.81490745 -0.49410384
9634.81740870 -0.49479231
9639.81990995 -0.49548081
9644.82241121 -0.49616936
9649.82491246 -0.49685794
9654.82741371 -0.49754657
9659.82991496 -0.49823524
9664.83241621 -0.49892395
9669.83491746 -0.49961270
9674.83741871 -0.50030149
9679.83991996 -0.50099032
9684.84242121 -0.50167919
9689.84492246 -0.50236811
9694.84742371 -0.50305706
9699.84992496 -0.50374606
9704.85242621 -0.50443509
9709.85492746 -0.50512417
9714.85742871 -0.50581329
9719.85992996 -0.50650245
9724.86243122 -0.50719165
9729.86493247 -0.50788090
9734.86743372 -0.50857018
9739.86993497 -0.50925951
9744.87243622 -0.50994888
9749.87493747 -0.51063828
9754.87743872 -0.51132773
9759.87993997 -0.51201723
9764.88244122 -0.51270676
9769.88494247 -0.51339633
9774.88744372 -0.51408595
9779.88994497 -0.51477561
9784.89244622 -0.51546531
9789.89494747 -0.51615505
9794.89744872 -0.51684483
9799.89994997 -0.51753466
9804.90245123 -0.51822452
9809.90495248 -0.51891443
9814.90745373 -0.51960438
9819.90995498 -0.52029437
9824.91245623 -0.52098441
9829.91495748 -0.52167448
9834.91745873 -0.52236460
9839.91995998 -0.52305476
9844.92246123 -0.52374496
9849.92496248 -0.52443520
9854.92746373 -0.52512549
9859.92996498 -0.52581582
9864.93246623 -0.52650619
9869.93496748 -0.52719660
9874.93746873 -0.52788705
9879.93996998 -0.52857755
9884.94247124 -0.52926809
9889.94497249 -0.52995867
9894.94747374 -0.53064929
9899.94997499 -0.53133996
9904.95247624 -0.53203067
9909.95497749 -0.53272142
9914.95747874 -0.53341221
9919.95997999 -0.53410305
9924.96248124 -0.53479392
9929.96498249 -0.53548484
9934.96748374 -0.53617581
9939.96998499 -0.53686681
9944.97248624 -0.53755786
9949.97498749 -0.53824895
9954.97748874 -0.53894008
9959.97998999 -0.53963126
9964.98249125 -0.54032248
9969.98499250 -0.54101374
9974.98749375 -0.54170505
9979.98999500 -0.54239639
9984.99249625 -0.54308778
9989.99499750 -0.54377922
9994.99749875 -0.54447069
10000.00000000 -0.54516221
