0.00000000 1.00000000
5.00250125 0.99073685
10.00500250 0.98691674
15.00750375 0.98399212
20.01000500 0.98153103
25.01250625 0.97936616
30.01500750 0.97741170
35.01750875 0.97561667
40.02001001 0.97394787
45.02251126 0.97238221
50.02501251 0.97090292
55.02751376 0.96949730
60.03001501 0.96815551
65.03251626 0.96686971
70.03501751 0.96563355
75.03751876 0.96444179
80.04002001 0.96329007
85.04252126 0.96217468
90.04502251 0.96109245
95.04752376 0.96004067
100.05002501 0.95901694
105.05252626 0.95801920
110.05502751 0.95704561
115.05752876 0.95609453
120.06003002 0.95516452
125.06253127 0.95425427
130.06503252 0.95336261
135.06753377 0.95248846
140.07003502 0.95163087
145.07253627 0.95078896
150.07503752 0.94996193
155.07753877 0.94914902
160.08004002 0.94834958
165.08254127 0.94756296
170.08504252 0.94678859
175.08754377 0.94602594
180.09004502 0.94527450
185.09254627 0.94453381
190.09504752 0.94380344
195.09754877 0.94308298
200.10005003 0.94237206
205.10255128 0.94167031
210.10505253 0.94097741
215.10755378 0.94029303
220.11005503 0.93961689
225.11255628 0.93894870
230.11505753 0.93828821
235.11755878 0.93763515
240.12006003 0.93698930
245.12256128 0.93635043
250.12506253 0.93571833
255.12756378 0.93509279
260.13006503 0.93447363
265.13256628 0.93386066
270.13506753 0.93325370
275.13756878 0.93265259
280.14007004 0.93205717
285.14257129 0.93146729
290.14507254 0.93088280
295.14757379 0.93030357
300.15007504 0.92972946
305.15257629 0.92916034
310.15507754 0.92859609
315.15757879 0.92803660
320.16008004 0.92748175
325.16258129 0.92693143
330.16508254 0.92638554
335.16758379 0.92584397
340.17008504 0.92530664
345.17258629 0.92477344
350.17508754 0.92424430
355.17758879 0.92371911
360.18009005 0.92319781
365.18259130 0.92268030
370.18509255 0.92216651
375.18759380 0.92165637
380.19009505 0.92114979
385.19259630 0.92064672
390.19509755 0.92014709
395.19759880 0.91965082
400.20010005 0.91915785
405.20260130 0.91866813
410.20510255 0.91818159
415.20760380 0.91769817
420.21010505 0.91721783
425.21260630 0.91674049
430.21510755 0.91626611
435.21760880 0.91579465
440.22011006 0.91532604
445.22261131 0.91486024
450.22511256 0.91439721
455.22761381 0.91393689
460.23011506 0.91347924
465.23261631 0.91302422
470.23511756 0.91257179
475.23761881 0.91212190
480.24012006 0.91167451
485.24262131 0.91122960
490.24512256 0.91078711
495.24762381 0.91034701
500.25012506 0.90990926
505.25262631 0.90947384
510.25512756 0.90904069
515.25762881 0.90860980
520.26013007 0.90818113
525.26263132 0.90775465
530.26513257 0.90733032
535.26763382 0.90690811
540.27013507 0.90648800
545.27263632 0.90606995
550.27513757 0.90565395
555.27763882 0.90523995
560.28014007 0.90482794
565.28264132 0.90441788
570.28514257 0.90400975
575.28764382 0.90360352
580.29014507 0.90319918
585.29264632 0.90279669
590.29514757 0.90239604
595.29764882 0.90199719
600.30015008 0.90160013
605.30265133 0.90120483
610.30515258 0.90081127
615.30765383 0.90041944
620.31015508 0.90002930
625.31265633 0.89964084
630.31515758 0.89925404
635.31765883 0.89886888
640.32016008 0.89848534
645.32266133 0.89810340
650.32516258 0.89772304
655.32766383 0.89734425
660.33016508 0.89696700
665.33266633 0.89659128
670.33516758 0.89621707
675.33766883 0.89584436
680.34017009 0.89547312
685.34267134 0.89510334
690.34517259 0.89473501
695.34767384 0.89436811
700.35017509 0.89400262
705.35267634 0.89363854
710.35517759 0.89327583
715.35767884 0.89291450
720.36018009 0.89255452
725.36268134 0.89219588
730.36518259 0.89183857
735.36768384 0.89148257
740.37018509 0.89112788
745.37268634 0.89077446
750.37518759 0.89042233
755.37768884 0.89007145
760.38019010 0.88972183
765.38269135 0.88937344
770.38519260 0.88902627
775.38769385 0.88868032
780.39019510 0.88833556
785.39269635 0.88799200
790.39519760 0.88764962
795.39769885 0.88730840
800.40020010 0.88696833
805.40270135 0.88662941
810.40520260 0.88629163
815.40770385 0.88595497
820.41020510 0.88561942
825.41270635 0.88528497
830.41520760 0.88495162
835.41770885 0.88461935
840.42021011 0.88428815
845.42271136 0.88395802
850.42521261 0.88362894
855.42771386 0.88330091
860.43021511 0.88297391
865.43271636 0.88264794
870.43521761 0.88232299
875.43771886 0.88199905
880.44022011 0.88167610
885.44272136 0.88135415
890.44522261 0.88103319
895.44772386 0.88071319
900.45022511 0.88039417
905.45272636 0.88007610
910.45522761 0.87975899
915.45772886 0.87944281
920.46023012 0.87912758
925.46273137 0.87881327
930.46523262 0.87849988
935.46773387 0.87818740
940.47023512 0.87787583
945.47273637 0.87756516
950.47523762 0.87725538
955.47773887 0.87694649
960.48024012 0.87663847
965.48274137 0.87633132
970.48524262 0.87602503
975.48774387 0.87571960
980.49024512 0.87541503
985.49274637 0.87511129
990.49524762 0.87480839
995.49774887 0.87450633
1000.50025013 0.87420509
1005.50275138 0.87390466
1010.50525263 0.87360505
1015.50775388 0.87330625
1020.51025513 0.87300825
1025.51275638 0.87271104
1030.51525763 0.87241462
1035.51775888 0.87211898
1040.52026013 0.87182412
1045.52276138 0.87153003
1050.52526263 0.87123671
1055.52776388 0.87094415
1060.53026513 0.87065234
1065.53276638 0.87036128
1070.53526763 0.87007097
1075.53776888 0.86978140
1080.54027014 0.86949256
1085.54277139 0.86920445
1090.54527264 0.86891706
1095.54777389 0.86863040
1100.55027514 0.86834445
1105.55277639 0.86805920
1110.55527764 0.86777466
1115.55777889 0.86749082
1120.56028014 0.86720768
1125.56278139 0.86692523
1130.56528264 0.86664346
1135.56778389 0.86636237
1140.57028514 0.86608196
1145.57278639 0.86580222
1150.57528764 0.86552315
1155.57778889 0.86524475
1160.58029015 0.86496700
1165.58279140 0.86468991
1170.58529265 0.86441346
1175.58779390 0.86413767
1180.59029515 0.86386251
1185.59279640 0.86358800
1190.59529765 0.86331412
1195.59779890 0.86304086
1200.60030015 0.86276824
1205.60280140 0.86249624
1210.60530265 0.86222485
1215.60780390 0.86195408
1220.61030515 0.86168392
1225.61280640 0.86141437
1230.61530765 0.86114542
1235.61780890 0.86087707
1240.62031016 0.86060932
1245.62281141 0.86034216
1250.62531266 0.86007558
1255.62781391 0.85980960
1260.63031516 0.85954419
1265.63281641 0.85927936
1270.63531766 0.85901511
1275.63781891 0.85875143
1280.64032016 0.85848832
1285.64282141 0.85822577
1290.64532266 0.85796378
1295.64782391 0.85770235
1300.65032516 0.85744148
1305.65282641 0.85718116
1310.65532766 0.85692138
1315.65782891 0.85666215
1320.66033017 0.85640347
1325.66283142 0.85614532
1330.66533267 0.85588771
1335.66783392 0.85563063
1340.67033517 0.85537408
1345.67283642 0.85511806
1350.67533767 0.85486257
1355.67783892 0.85460759
1360.68034017 0.85435314
1365.68284142 0.85409919
1370.68534267 0.85384576
1375.68784392 0.85359285
1380.69034517 0.85334043
1385.69284642 0.85308853
1390.69534767 0.85283712
1395.69784892 0.85258621
1400.70035018 0.85233580
1405.70285143 0.85208588
1410.70535268 0.85183646
1415.70785393 0.85158752
1420.71035518 0.85133906
1425.71285643 0.85109109
1430.71535768 0.85084361
1435.71785893 0.85059659
1440.72036018 0.85035006
1445.72286143 0.85010399
1450.72536268 0.84985840
1455.72786393 0.84961328
1460.73036518 0.84936862
1465.73286643 0.84912442
1470.73536768 0.84888069
1475.73786893 0.84863741
1480.74037019 0.84839459
1485.74287144 0.84815223
1490.74537269 0.84791031
1495.74787394 0.84766885
1500.75037519 0.84742783
1505.75287644 0.84718726
1510.75537769 0.84694713
1515.75787894 0.84670744
1520.76038019 0.84646818
1525.76288144 0.84622937
1530.76538269 0.84599099
1535.76788394 0.84575304
1540.77038519 0.84551552
1545.77288644 0.84527842
1550.77538769 0.84504175
1555.77788894 0.84480551
1560.78039020 0.84456969
1565.78289145 0.84433428
1570.78539270 0.84409930
1575.78789395 0.84386473
1580.79039520 0.84363057
1585.79289645 0.84339682
1590.79539770 0.84316349
1595.79789895 0.84293056
1600.80040020 0.84269803
1605.80290145 0.84246591
1610.80540270 0.84223419
1615.80790395 0.84200288
1620.81040520 0.84177196
1625.81290645 0.84154143
1630.81540770 0.84131130
1635.81790895 0.84108156
1640.82041021 0.84085222
1645.82291146 0.84062326
1650.82541271 0.84039469
1655.82791396 0.84016650
1660.83041521 0.83993870
1665.83291646 0.83971128
1670.83541771 0.83948424
1675.83791896 0.83925758
1680.84042021 0.83903130
1685.84292146 0.83880539
1690.84542271 0.83857985
1695.84792396 0.83835469
1700.85042521 0.83812989
1705.85292646 0.83790547
1710.85542771 0.83768141
1715.85792896 0.83745771
1720.86043022 0.83723438
1725.86293147 0.83701141
1730.86543272 0.83678881
1735.86793397 0.83656656
1740.87043522 0.83634467
1745.87293647 0.83612313
1750.87543772 0.83590195
1755.87793897 0.83568112
1760.88044022 0.83546064
1765.88294147 0.83524051
1770.88544272 0.83502073
1775.88794397 0.83480130
1780.89044522 0.83458221
1785.89294647 0.83436347
1790.89544772 0.83414507
1795.89794897 0.83392700
1800.90045023 0.83370928
1805.90295148 0.83349190
1810.90545273 0.83327485
1815.90795398 0.83305814
1820.91045523 0.83284176
1825.91295648 0.83262572
1830.91545773 0.83241001
1835.91795898 0.83219462
1840.92046023 0.83197956
1845.92296148 0.83176484
1850.92546273 0.83155043
1855.92796398 0.83133635
1860.93046523 0.83112260
1865.93296648 0.83090916
1870.93546773 0.83069605
1875.93796898 0.83048326
1880.94047024 0.83027078
1885.94297149 0.83005862
1890.94547274 0.82984678
1895.94797399 0.82963525
1900.95047524 0.82942403
1905.95297649 0.82921312
1910.95547774 0.82900253
1915.95797899 0.82879224
1920.96048024 0.82858226
1925.96298149 0.82837259
1930.96548274 0.82816323
1935.96798399 0.82795416
1940.97048524 0.82774540
1945.97298649 0.82753695
1950.97548774 0.82732879
1955.97798899 0.82712094
1960.98049025 0.82691338
1965.98299150 0.82670612
1970.98549275 0.82649916
1975.98799400 0.82629249
1980.99049525 0.82608611
1985.99299650 0.82588003
1990.99549775 0.82567424
1995.99799900 0.82546874
2001.00050025 0.82526353
2006.00300150 0.82505861
2011.00550275 0.82485397
2016.00800400 0.82464963
2021.01050525 0.82444556
2026.01300650 0.82424178
2031.01550775 0.82403829
2036.01800900 0.82383508
2041.02051026 0.82363214
2046.02301151 0.82342949
2051.02551276 0.82322712
2056.02801401 0.82302502
2061.03051526 0.82282320
2066.03301651 0.82262166
2071.03551776 0.82242039
2076.03801901 0.82221940
2081.04052026 0.82201868
2086.04302151 0.82181823
2091.04552276 0.82161805
2096.04802401 0.82141814
2101.05052526 0.82121850
2106.05302651 0.82101913
2111.05552776 0.82082003
2116.05802901 0.82062119
2121.06053027 0.82042261
2126.06303152 0.82022430
2131.06553277 0.82002626
2136.06803402 0.81982848
2141.07053527 0.81963095
2146.07303652 0.81943369
2151.07553777 0.81923669
2156.07803902 0.81903995
2161.08054027 0.81884346
2166.08304152 0.81864723
2171.08554277 0.81845126
2176.08804402 0.81825554
2181.09054527 0.81806008
2186.09304652 0.81786487
2191.09554777 0.81766991
2196.09804902 0.81747521
2201.10055028 0.81728075
2206.10305153 0.81708655
2211.10555278 0.81689259
2216.10805403 0.81669888
2221.11055528 0.81650542
2226.11305653 0.81631221
2231.11555778 0.81611924
2236.11805903 0.81592651
2241.12056028 0.81573403
2246.12306153 0.81554180
2251.12556278 0.81534980
2256.12806403 0.81515805
2261.13056528 0.81496654
2266.13306653 0.81477527
2271.13556778 0.81458423
2276.13806903 0.81439344
2281.14057029 0.81420288
2286.14307154 0.81401256
2291.14557279 0.81382248
2296.14807404 0.81363263
2301.15057529 0.81344301
2306.15307654 0.81325363
2311.15557779 0.81306448
2316.15807904 0.81287557
2321.16058029 0.81268688
2326.16308154 0.81249843
2331.16558279 0.81231021
2336.16808404 0.81212221
2341.17058529 0.81193444
2346.17308654 0.81174691
2351.17558779 0.81155959
2356.17808904 0.81137251
2361.18059030 0.81118565
2366.18309155 0.81099901
2371.18559280 0.81081260
2376.18809405 0.81062641
2381.19059530 0.81044045
2386.19309655 0.81025470
2391.19559780 0.81006918
2396.19809905 0.80988388
2401.20060030 0.80969880
2406.20310155 0.80951394
2411.20560280 0.80932929
2416.20810405 0.80914487
2421.21060530 0.80896066
2426.21310655 0.80877666
2431.21560780 0.80859289
2436.21810905 0.80840932
2441.22061031 0.80822598
2446.22311156 0.80804284
2451.22561281 0.80785992
2456.22811406 0.80767721
2461.23061531 0.80749472
2466.23311656 0.80731243
2471.23561781 0.80713036
2476.23811906 0.80694849
2481.24062031 0.80676684
2486.24312156 0.80658539
2491.24562281 0.80640415
2496.24812406 0.80622312
2501.25062531 0.80604229
2506.25312656 0.80586167
2511.25562781 0.80568126
2516.25812906 0.80550105
2521.26063032 0.80532105
2526.26313157 0.80514124
2531.26563282 0.80496165
2536.26813407 0.80478225
2541.27063532 0.80460306
2546.27313657 0.80442406
2551.27563782 0.80424527
2556.27813907 0.80406668
2561.28064032 0.80388829
2566.28314157 0.80371009
2571.28564282 0.80353210
2576.28814407 0.80335430
2581.29064532 0.80317670
2586.29314657 0.80299929
2591.29564782 0.80282209
2596.29814907 0.80264507
2601.30065033 0.80246825
2606.30315158 0.80229163
2611.30565283 0.80211520
2616.30815408 0.80193896
2621.31065533 0.80176292
2626.31315658 0.80158707
2631.31565783 0.80141140
2636.31815908 0.80123593
2641.32066033 0.80106065
2646.32316158 0.80088556
2651.32566283 0.80071066
2656.32816408 0.80053595
2661.33066533 0.80036143
2666.33316658 0.80018709
2671.33566783 0.80001294
2676.33816908 0.79983898
2681.34067034 0.79966520
2686.34317159 0.79949161
2691.34567284 0.79931821
2696.34817409 0.79914498
2701.35067534 0.79897195
2706.35317659 0.79879909
2711.35567784 0.79862642
2716.35817909 0.79845393
2721.36068034 0.79828163
2726.36318159 0.79810950
2731.36568284 0.79793756
2736.36818409 0.79776579
2741.37068534 0.79759421
2746.37318659 0.79742281
2751.37568784 0.79725158
2756.37818909 0.79708053
2761.38069035 0.79690967
2766.38319160 0.79673897
2771.38569285 0.79656846
2776.38819410 0.79639812
2781.39069535 0.79622796
2786.39319660 0.79605797
2791.39569785 0.79588816
2796.39819910 0.79571853
2801.40070035 0.79554906
2806.40320160 0.79537978
2811.40570285 0.79521066
2816.40820410 0.79504172
2821.41070535 0.79487295
2826.41320660 0.79470435
2831.41570785 0.79453592
2836.41820910 0.79436767
2841.42071036 0.79419958
2846.42321161 0.79403167
2851.42571286 0.79386392
2856.42821411 0.79369634
2861.43071536 0.79352893
2866.43321661 0.79336169
2871.43571786 0.79319462
2876.43821911 0.79302772
2881.44072036 0.79286098
2886.44322161 0.79269441
2891.44572286 0.79252800
2896.44822411 0.79236176
2901.45072536 0.79219569
2906.45322661 0.79202978
2911.45572786 0.79186403
2916.45822911 0.79169845
2921.46073037 0.79153303
2926.46323162 0.79136777
2931.46573287 0.79120268
2936.46823412 0.79103775
2941.47073537 0.79087298
2946.47323662 0.79070837
2951.47573787 0.79054393
2956.47823912 0.79037964
2961.48074037 0.79021552
2966.48324162 0.79005155
2971.48574287 0.78988774
2976.48824412 0.78972410
2981.49074537 0.78956061
2986.49324662 0.78939727
2991.49574787 0.78923410
2996.49824912 0.78907108
3001.50075038 0.78890823
3006.50325163 0.78874552
3011.50575288 0.78858298
3016.50825413 0.78842058
3021.51075538 0.78825835
3026.51325663 0.78809627
3031.51575788 0.78793434
3036.51825913 0.78777257
3041.52076038 0.78761095
3046.52326163 0.78744949
3051.52576288 0.78728817
3056.52826413 0.78712702
3061.53076538 0.78696601
3066.53326663 0.78680515
3071.53576788 0.78664445
3076.53826913 0.78648390
3081.54077039 0.78632350
3086.54327164 0.78616325
3091.54577289 0.78600315
3096.54827414 0.78584319
3101.55077539 0.78568339
3106.55327664 0.78552374
3111.55577789 0.78536423
3116.55827914 0.78520488
3121.56078039 0.78504567
3126.56328164 0.78488661
3131.56578289 0.78472770
3136.56828414 0.78456893
3141.57078539 0.78441031
3146.57328664 0.78425183
3151.57578789 0.78409351
3156.57828914 0.78393532
3161.58079040 0.78377728
3166.58329165 0.78361939
3171.58579290 0.78346164
3176.58829415 0.78330404
3181.59079540 0.78314658
3186.59329665 0.78298926
3191.59579790 0.78283208
3196.59829915 0.78267505
3201.60080040 0.78251816
3206.60330165 0.78236141
3211.60580290 0.78220481
3216.60830415 0.78204834
3221.61080540 0.78189202
3226.61330665 0.78173583
3231.61580790 0.78157979
3236.61830915 0.78142389
3241.62081041 0.78126812
3246.62331166 0.78111250
3251.62581291 0.78095701
3256.62831416 0.78080167
3261.63081541 0.78064646
3266.63331666 0.78049139
3271.63581791 0.78033646
3276.63831916 0.78018166
3281.64082041 0.78002701
3286.64332166 0.77987248
3291.64582291 0.77971810
3296.64832416 0.77956385
3301.65082541 0.77940974
3306.65332666 0.77925576
3311.65582791 0.77910192
3316.65832916 0.77894821
3321.66083042 0.77879464
3326.66333167 0.77864120
3331.66583292 0.77848790
3336.66833417 0.77833473
3341.67083542 0.77818169
3346.67333667 0.77802879
3351.67583792 0.77787602
3356.67833917 0.77772338
3361.68084042 0.77757088
3366.68334167 0.77741850
3371.68584292 0.77726626
3376.68834417 0.77711415
3381.69084542 0.77696217
3386.69334667 0.77681032
3391.69584792 0.77665860
3396.69834917 0.77650701
3401.70085043 0.77635555
3406.70335168 0.77620422
3411.70585293 0.77605302
3416.70835418 0.77590195
3421.71085543 0.77575101
3426.71335668 0.77560019
3431.71585793 0.77544951
3436.71835918 0.77529895
3441.72086043 0.77514852
3446.72336168 0.77499821
3451.72586293 0.77484804
3456.72836418 0.77469799
3461.73086543 0.77454806
3466.73336668 0.77439827
3471.73586793 0.77424860
3476.73836918 0.77409905
3481.74087044 0.77394963
3486.74337169 0.77380034
3491.74587294 0.77365117
3496.74837419 0.77350212
3501.75087544 0.77335320
3506.75337669 0.77320440
3511.75587794 0.77305573
3516.75837919 0.77290718
3521.76088044 0.77275875
3526.76338169 0.77261045
3531.76588294 0.77246227
3536.76838419 0.77231421
3541.77088544 0.77216627
3546.77338669 0.77201845
3551.77588794 0.77187076
3556.77838919 0.77172319
3561.78089045 0.77157574
3566.78339170 0.77142841
3571.78589295 0.77128120
3576.78839420 0.77113411
3581.79089545 0.77098714
3586.79339670 0.77084029
3591.79589795 0.77069356
3596.79839920 0.77054695
3601.80090045 0.77040046
3606.80340170 0.77025409
3611.80590295 0.77010784
3616.80840420 0.76996170
3621.81090545 0.76981569
3626.81340670 0.76966979
3631.81590795 0.76952401
3636.81840920 0.76937834
3641.82091046 0.76923279
3646.82341171 0.76908736
3651.82591296 0.76894205
3656.82841421 0.76879685
3661.83091546 0.76865177
3666.83341671 0.76850681
3671.83591796 0.76836196
3676.83841921 0.76821722
3681.84092046 0.76807261
3686.84342171 0.76792810
3691.84592296 0.76778371
3696.84842421 0.76763944
3701.85092546 0.76749528
3706.85342671 0.76735123
3711.85592796 0.76720730
3716.85842921 0.76706348
3721.86093047 0.76691977
3726.86343172 0.76677618
3731.86593297 0.76663270
3736.86843422 0.76648933
3741.87093547 0.76634608
3746.87343672 0.76620294
3751.87593797 0.76605991
3756.87843922 0.76591699
3761.88094047 0.76577418
3766.88344172 0.76563149
3771.88594297 0.76548890
3776.88844422 0.76534643
3781.89094547 0.76520406
3786.89344672 0.76506181
3791.89594797 0.76491967
3796.89844922 0.76477763
3801.90095048 0.76463571
3806.90345173 0.76449390
3811.90595298 0.76435219
3816.90845423 0.76421060
3821.91095548 0.76406911
3826.91345673 0.76392773
3831.91595798 0.76378646
3836.91845923 0.76364530
3841.92096048 0.76350425
3846.92346173 0.76336330
3851.92596298 0.76322247
3856.92846423 0.76308174
3861.93096548 0.76294111
3866.93346673 0.76280060
3871.93596798 0.76266019
3876.93846923 0.76251988
3881.94097049 0.76237969
3886.94347174 0.76223960
3891.94597299 0.76209961
3896.94847424 0.76195973
3901.95097549 0.76181996
3906.95347674 0.76168029
3911.95597799 0.76154073
3916.95847924 0.76140127
3921.96098049 0.76126192
3926.96348174 0.76112267
3931.96598299 0.76098352
3936.96848424 0.76084448
3941.97098549 0.76070555
3946.97348674 0.76056671
3951.97598799 0.76042798
3956.97848924 0.76028936
3961.98099050 0.76015083
3966.98349175 0.76001241
3971.98599300 0.75987410
3976.98849425 0.75973588
3981.99099550 0.75959777
3986.99349675 0.75945976
3991.99599800 0.75932185
3996.99849925 0.75918404
4002.00100050 0.75904634
4007.00350175 0.75890873
4012.00600300 0.75877123
4017.00850425 0.75863383
4022.01100550 0.75849653
4027.01350675 0.75835933
4032.01600800 0.75822223
4037.01850925 0.75808523
4042.02101051 0.75794833
4047.02351176 0.75781153
4052.02601301 0.75767482
4057.02851426 0.75753822
4062.03101551 0.75740172
4067.03351676 0.75726532
4072.03601801 0.75712902
4077.03851926 0.75699281
4082.04102051 0.75685670
4087.04352176 0.75672070
4092.04602301 0.75658479
4097.04852426 0.75644897
4102.05102551 0.75631326
4107.05352676 0.75617764
4112.05602801 0.75604212
4117.05852926 0.75590670
4122.06103052 0.75577138
4127.06353177 0.75563615
4132.06603302 0.75550102
4137.06853427 0.75536598
4142.07103552 0.75523104
4147.07353677 0.75509620
4152.07603802 0.75496146
4157.07853927 0.75482681
4162.08104052 0.75469225
4167.08354177 0.75455779
4172.08604302 0.75442343
4177.08854427 0.75428916
4182.09104552 0.75415499
4187.09354677 0.75402091
4192.09604802 0.75388693
4197.09854927 0.75375304
4202.10105053 0.75361924
4207.10355178 0.75348554
4212.10605303 0.75335193
4217.10855428 0.75321842
4222.11105553 0.75308500
4227.11355678 0.75295167
4232.11605803 0.75281844
4237.11855928 0.75268530
4242.12106053 0.75255225
4247.12356178 0.75241930
4252.12606303 0.75228644
4257.12856428 0.75215367
4262.13106553 0.75202099
4267.13356678 0.75188841
4272.13606803 0.75175591
4277.13856928 0.75162351
4282.14107054 0.75149121
4287.14357179 0.75135899
4292.14607304 0.75122686
4297.14857429 0.75109483
4302.15107554 0.75096288
4307.15357679 0.75083103
4312.15607804 0.75069927
4317.15857929 0.75056759
4322.16108054 0.75043601
4327.16358179 0.75030452
4332.16608304 0.75017312
4337.16858429 0.75004181
4342.17108554 0.74991059
4347.17358679 0.74977945
4352.17608804 0.74964841
4357.17858929 0.74951746
4362.18109055 0.74938659
4367.18359180 0.74925582
4372.18609305 0.74912513
4377.18859430 0.74899453
4382.19109555 0.74886402
4387.19359680 0.74873360
4392.19609805 0.74860327
4397.19859930 0.74847302
4402.20110055 0.74834287
4407.20360180 0.74821280
4412.20610305 0.74808281
4417.20860430 0.74795292
4422.21110555 0.74782311
4427.21360680 0.74769339
4432.21610805 0.74756376
4437.21860930 0.74743421
4442.22111056 0.74730475
4447.22361181 0.74717538
4452.22611306 0.74704610
4457.22861431 0.74691690
4462.23111556 0.74678778
4467.23361681 0.74665875
4472.23611806 0.74652981
4477.23861931 0.74640095
4482.24112056 0.74627218
4487.24362181 0.74614350
4492.24612306 0.74601490
4497.24862431 0.74588638
4502.25112556 0.74575795
4507.25362681 0.74562960
4512.25612806 0.74550134
4517.25862931 0.74537317
4522.26113057 0.74524507
4527.26363182 0.74511707
4532.26613307 0.74498914
4537.26863432 0.74486130
4542.27113557 0.74473355
4547.27363682 0.74460587
4552.27613807 0.74447828
4557.27863932 0.74435078
4562.28114057 0.74422336
4567.28364182 0.74409602
4572.28614307 0.74396876
4577.28864432 0.74384159
4582.29114557 0.74371450
4587.29364682 0.74358749
4592.29614807 0.74346056
4597.29864932 0.74333372
4602.30115058 0.74320696
4607.30365183 0.74308028
4612.30615308 0.74295368
4617.30865433 0.74282717
4622.31115558 0.74270073
4627.31365683 0.74257438
4632.31615808 0.74244811
4637.31865933 0.74232192
4642.32116058 0.74219581
4647.32366183 0.74206978
4652.32616308 0.74194384
4657.32866433 0.74181797
4662.33116558 0.74169219
4667.33366683 0.74156648
4672.33616808 0.74144086
4677.33866933 0.74131531
4682.34117059 0.74118985
4687.34367184 0.74106446
4692.34617309 0.74093916
4697.34867434 0.74081393
4702.35117559 0.74068878
4707.35367684 0.74056372
4712.35617809 0.74043873
4717.35867934 0.74031382
4722.36118059 0.74018899
4727.36368184 0.74006424
4732.36618309 0.73993957
4737.36868434 0.73981498
4742.37118559 0.73969047
4747.37368684 0.73956603
4752.37618809 0.73944167
4757.37868934 0.73931739
4762.38119060 0.73919319
4767.38369185 0.73906907
4772.38619310 0.73894502
4777.38869435 0.73882105
4782.39119560 0.73869716
4787.39369685 0.73857335
4792.39619810 0.73844961
4797.39869935 0.73832595
4802.40120060 0.73820237
4807.40370185 0.73807887
4812.40620310 0.73795544
4817.40870435 0.73783209
4822.41120560 0.73770881
4827.41370685 0.73758562
4832.41620810 0.73746249
4837.41870935 0.73733945
4842.42121061 0.73721648
4847.42371186 0.73709358
4852.42621311 0.73697077
4857.42871436 0.73684802
4862.43121561 0.73672536
4867.43371686 0.73660276
4872.43621811 0.73648025
4877.43871936 0.73635781
4882.44122061 0.73623544
4887.44372186 0.73611315
4892.44622311 0.73599094
4897.44872436 0.73586879
4902.45122561 0.73574673
4907.45372686 0.73562474
4912.45622811 0.73550282
4917.45872936 0.73538098
4922.46123062 0.73525921
4927.46373187 0.73513751
4932.46623312 0.73501589
4937.46873437 0.73489434
4942.47123562 0.73477287
4947.47373687 0.73465147
4952.47623812 0.73453015
4957.47873937 0.73440889
4962.48124062 0.73428771
4967.48374187 0.73416661
4972.48624312 0.73404557
4977.48874437 0.73392461
4982.49124562 0.73380373
4987.49374687 0.73368291
4992.49624812 0.73356217
4997.49874937 0.73344150
5002.50125063 0.73332090
5007.50375188 0.73320038
5012.50625313 0.73307993
5017.50875438 0.73295955
5022.51125563 0.73283924
5027.51375688 0.73271900
5032.51625813 0.73259884
5037.51875938 0.73247874
5042.52126063 0.73235872
5047.52376188 0.73223877
5052.52626313 0.73211889
5057.52876438 0.73199908
5062.53126563 0.73187935
5067.53376688 0.73175968
5072.53626813 0.73164009
5077.53876938 0.73152056
5082.54127064 0.73140111
5087.54377189 0.73128173
5092.54627314 0.73116241
5097.54877439 0.73104317
5102.55127564 0.73092400
5107.55377689 0.73080490
5112.55627814 0.73068587
5117.55877939 0.73056691
5122.56128064 0.73044801
5127.56378189 0.73032919
5132.56628314 0.73021044
5137.56878439 0.73009176
5142.57128564 0.72997314
5147.57378689 0.72985460
5152.57628814 0.72973613
5157.57878939 0.72961772
5162.58129065 0.72949938
5167.58379190 0.72938112
5172.58629315 0.72926292
5177.58879440 0.72914479
5182.59129565 0.72902673
5187.59379690 0.72890873
5192.59629815 0.72879081
5197.59879940 0.72867295
5202.60130065 0.72855516
5207.60380190 0.72843744
5212.60630315 0.72831979
5217.60880440 0.72820221
5222.61130565 0.72808469
5227.61380690 0.72796724
5232.61630815 0.72784986
5237.61880940 0.72773255
5242.62131066 0.72761530
5247.62381191 0.72749813
5252.62631316 0.72738101
5257.62881441 0.72726397
5262.63131566 0.72714699
5267.63381691 0.72703008
5272.63631816 0.72691324
5277.63881941 0.72679646
5282.64132066 0.72667975
5287.64382191 0.72656311
5292.64632316 0.72644653
5297.64882441 0.72633002
5302.65132566 0.72621358
5307.65382691 0.72609720
5312.65632816 0.72598089
5317.65882941 0.72586464
5322.66133067 0.72574846
5327.66383192 0.72563235
5332.66633317 0.72551630
5337.66883442 0.72540032
5342.67133567 0.72528440
5347.67383692 0.72516855
5352.67633817 0.72505276
5357.67883942 0.72493704
5362.68134067 0.72482138
5367.68384192 0.72470579
5372.68634317 0.72459027
5377.68884442 0.72447481
5382.69134567 0.72435941
5387.69384692 0.72424408
5392.69634817 0.72412881
5397.69884942 0.72401361
5402.70135068 0.72389847
5407.70385193 0.72378340
5412.70635318 0.72366839
5417.70885443 0.72355344
5422.71135568 0.72343856
5427.71385693 0.72332374
5432.71635818 0.72320899
5437.71885943 0.72309430
5442.72136068 0.72297967
5447.72386193 0.72286511
5452.72636318 0.72275061
5457.72886443 0.72263618
5462.73136568 0.72252180
5467.73386693 0.72240750
5472.73636818 0.72229325
5477.73886943 0.72217907
5482.74137069 0.72206495
5487.74387194 0.72195089
5492.74637319 0.72183690
5497.74887444 0.72172297
5502.75137569 0.72160910
5507.75387694 0.72149529
5512.75637819 0.72138155
5517.75887944 0.72126787
5522.76138069 0.72115425
5527.76388194 0.72104069
5532.76638319 0.72092720
5537.76888444 0.72081377
5542.77138569 0.72070040
5547.77388694 0.72058709
5552.77638819 0.72047384
5557.77888944 0.72036066
5562.78139070 0.72024753
5567.78389195 0.72013447
5572.78639320 0.72002147
5577.78889445 0.71990853
5582.79139570 0.71979566
5587.79389695 0.71968284
5592.79639820 0.71957008
5597.79889945 0.71945739
5602.80140070 0.71934476
5607.80390195 0.71923218
5612.80640320 0.71911967
5617.80890445 0.71900722
5622.81140570 0.71889483
5627.81390695 0.71878250
5632.81640820 0.71867023
5637.81890945 0.71855802
5642.82141071 0.71844588
5647.82391196 0.71833379
5652.82641321 0.71822176
5657.82891446 0.71810979
5662.83141571 0.71799788
5667.83391696 0.71788604
5672.83641821 0.71777425
5677.83891946 0.71766252
5682.84142071 0.71755085
5687.84392196 0.71743924
5692.84642321 0.71732769
5697.84892446 0.71721620
5702.85142571 0.71710477
5707.85392696 0.71699340
5712.85642821 0.71688209
5717.85892946 0.71677083
5722.86143072 0.71665964
5727.86393197 0.71654850
5732.86643322 0.71643743
5737.86893447 0.71632641
5742.87143572 0.71621545
5747.87393697 0.71610455
5752.87643822 0.71599371
5757.87893947 0.71588292
5762.88144072 0.71577220
5767.88394197 0.71566153
5772.88644322 0.71555092
5777.88894447 0.71544037
5782.89144572 0.71532988
5787.89394697 0.71521945
5792.89644822 0.71510907
5797.89894947 0.71499875
5802.90145073 0.71488849
5807.90395198 0.71477829
5812.90645323 0.71466815
5817.90895448 0.71455806
5822.91145573 0.71444803
5827.91395698 0.71433806
5832.91645823 0.71422814
5837.91895948 0.71411828
5842.92146073 0.71400848
5847.92396198 0.71389874
5852.92646323 0.71378905
5857.92896448 0.71367942
5862.93146573 0.71356985
5867.93396698 0.71346034
5872.93646823 0.71335088
5877.93896948 0.71324147
5882.94147074 0.71313213
5887.94397199 0.71302284
5892.94647324 0.71291361
5897.94897449 0.71280443
5902.95147574 0.71269531
5907.95397699 0.71258625
5912.95647824 0.71247724
5917.95897949 0.71236829
5922.96148074 0.71225939
5927.96398199 0.71215055
5932.96648324 0.71204177
5937.96898449 0.71193304
5942.97148574 0.71182437
5947.97398699 0.71171575
5952.97648824 0.71160719
5957.97898949 0.71149869
5962.98149075 0.71139024
5967.98399200 0.71128184
5972.98649325 0.71117350
5977.98899450 0.71106522
5982.99149575 0.71095699
5987.99399700 0.71084882
5992.99649825 0.71074070
5997.99899950 0.71063264
6003.00150075 0.71052463
6008.00400200 0.71041667
6013.00650325 0.71030877
6018.00900450 0.71020093
6023.01150575 0.71009314
6028.01400700 0.70998541
6033.01650825 0.70987772
6038.01900950 0.70977010
6043.02151076 0.70966253
6048.02401201 0.70955501
6053.02651326 0.70944755
6058.02901451 0.70934014
6063.03151576 0.70923278
6068.03401701 0.70912548
6073.03651826 0.70901823
6078.03901951 0.70891104
6083.04152076 0.70880390
6088.04402201 0.70869681
6093.04652326 0.70858978
6098.04902451 0.70848280
6103.05152576 0.70837588
6108.05402701 0.70826901
6113.05652826 0.70816219
6118.05902951 0.70805542
6123.06153077 0.70794871
6128.06403202 0.70784205
6133.06653327 0.70773545
6138.06903452 0.70762890
6143.07153577 0.70752240
6148.07403702 0.70741595
6153.07653827 0.70730956
6158.07903952 0.70720322
6163.08154077 0.70709693
6168.08404202 0.70699070
6173.08654327 0.70688451
6178.08904452 0.70677838
6183.09154577 0.70667231
6188.09404702 0.70656628
6193.09654827 0.70646031
6198.09904952 0.70635439
6203.10155078 0.70624852
6208.10405203 0.70614270
6213.10655328 0.70603694
6218.10905453 0.70593123
6223.11155578 0.70582557
6228.11405703 0.70571996
6233.11655828 0.70561441
6238.11905953 0.70550890
6243.12156078 0.70540345
6248.12406203 0.70529805
6253.12656328 0.70519270
6258.12906453 0.70508740
6263.13156578 0.70498215
6268.13406703 0.70487696
6273.13656828 0.70477182
6278.13906953 0.70466672
6283.14157079 0.70456168
6288.14407204 0.70445669
6293.14657329 0.70435175
6298.14907454 0.70424687
6303.15157579 0.70414203
6308.15407704 0.70403724
6313.15657829 0.70393251
6318.15907954 0.70382783
6323.16158079 0.70372319
6328.16408204 0.70361861
6333.16658329 0.70351408
6338.16908454 0.70340960
6343.17158579 0.70330517
6348.17408704 0.70320078
6353.17658829 0.70309645
6358.17908954 0.70299217
6363.18159080 0.70288794
6368.18409205 0.70278377
6373.18659330 0.70267964
6378.18909455 0.70257556
6383.19159580 0.70247153
6388.19409705 0.70236755
6393.19659830 0.70226362
6398.19909955 0.70215974
6403.20160080 0.70205591
6408.20410205 0.70195213
6413.20660330 0.70184840
6418.20910455 0.70174472
6423.21160580 0.70164109
6428.21410705 0.70153750
6433.21660830 0.70143397
6438.21910955 0.70133049
6443.22161081 0.70122705
6448.22411206 0.70112367
6453.22661331 0.70102034
6458.22911456 0.70091705
6463.23161581 0.70081381
6468.23411706 0.70071062
6473.23661831 0.70060748
6478.23911956 0.70050439
6483.24162081 0.70040135
6488.24412206 0.70029836
6493.24662331 0.70019542
6498.24912456 0.70009252
6503.25162581 0.69998967
6508.25412706 0.69988688
6513.25662831 0.69978413
6518.25912956 0.69968142
6523.26163082 0.69957877
6528.26413207 0.69947617
6533.26663332 0.69937361
6538.26913457 0.69927110
6543.27163582 0.69916864
6548.27413707 0.69906623
6553.27663832 0.69896387
6558.27913957 0.69886155
6563.28164082 0.69875928
6568.28414207 0.69865707
6573.28664332 0.69855489
6578.28914457 0.69845277
6583.29164582 0.69835069
6588.29414707 0.69824866
6593.29664832 0.69814668
6598.29914957 0.69804475
6603.30165083 0.69794286
6608.30415208 0.69784102
6613.30665333 0.69773923
6618.30915458 0.69763749
6623.31165583 0.69753579
6628.31415708 0.69743414
6633.31665833 0.69733254
6638.31915958 0.69723098
6643.32166083 0.69712948
6648.32416208 0.69702801
6653.32666333 0.69692660
6658.32916458 0.69682523
6663.33166583 0.69672391
6668.33416708 0.69662264
6673.33666833 0.69652141
6678.33916958 0.69642023
6683.34167084 0.69631910
6688.34417209 0.69621801
6693.34667334 0.69611697
6698.34917459 0.69601598
6703.35167584 0.69591503
6708.35417709 0.69581413
6713.35667834 0.69571327
6718.35917959 0.69561246
6723.36168084 0.69551170
6728.36418209 0.69541098
6733.36668334 0.69531031
6738.36918459 0.69520969
6743.37168584 0.69510911
6748.37418709 0.69500858
6753.37668834 0.69490809
6758.37918959 0.69480765
6763.38169085 0.69470726
6768.38419210 0.69460691
6773.38669335 0.69450661
6778.38919460 0.69440635
6783.39169585 0.69430614
6788.39419710 0.69420597
6793.39669835 0.69410585
6798.39919960 0.69400577
6803.40170085 0.69390574
6808.40420210 0.69380576
6813.40670335 0.69370582
6818.40920460 0.69360593
6823.41170585 0.69350608
6828.41420710 0.69340627
6833.41670835 0.69330651
6838.41920960 0.69320680
6843.42171086 0.69310713
6848.42421211 0.69300751
6853.42671336 0.69290793
6858.42921461 0.69280839
6863.43171586 0.69270890
6868.43421711 0.69260946
6873.43671836 0.69251006
6878.43921961 0.69241070
6883.44172086 0.69231139
6888.44422211 0.69221213
6893.44672336 0.69211291
6898.44922461 0.69201373
6903.45172586 0.69191460
6908.45422711 0.69181551
6913.45672836 0.69171646
6918.45922961 0.69161746
6923.46173087 0.69151851
6928.46423212 0.69141959
6933.46673337 0.69132073
6938.46923462 0.69122190
6943.47173587 0.69112312
6948.47423712 0.69102439
6953.47673837 0.69092570
6958.47923962 0.69082705
6963.48174087 0.69072844
6968.48424212 0.69062988
6973.48674337 0.69053137
6978.48924462 0.69043290
6983.49174587 0.69033447
6988.49424712 0.69023608
6993.49674837 0.69013774
6998.49924962 0.69003944
7003.50175088 0.68994118
7008.50425213 0.68984297
7013.50675338 0.68974480
7018.50925463 0.68964668
7023.51175588 0.68954860
7028.51425713 0.68945056
7033.51675838 0.68935256
7038.51925963 0.68925461
7043.52176088 0.68915670
7048.52426213 0.68905883
7053.52676338 0.68896101
7058.52926463 0.68886323
7063.53176588 0.68876549
7068.53426713 0.68866780
7073.53676838 0.68857014
7078.53926963 0.68847254
7083.54177089 0.68837497
7088.54427214 0.68827744
7093.54677339 0.68817996
7098.54927464 0.68808252
7103.55177589 0.68798513
7108.55427714 0.68788777
7113.55677839 0.68779046
7118.55927964 0.68769319
7123.56178089 0.68759597
7128.56428214 0.68749878
7133.56678339 0.68740164
7138.56928464 0.68730454
7143.57178589 0.68720748
7148.57428714 0.68711046
7153.57678839 0.68701349
7158.57928964 0.68691656
7163.58179090 0.68681967
7168.58429215 0.68672282
7173.58679340 0.68662601
7178.58929465 0.68652925
7183.59179590 0.68643253
7188.59429715 0.68633585
7193.59679840 0.68623921
7198.59929965 0.68614261
7203.60180090 0.68604605
7208.60430215 0.68594954
7213.60680340 0.68585307
7218.60930465 0.68575664
7223.61180590 0.68566025
7228.61430715 0.68556390
7233.61680840 0.68546759
7238.61930965 0.68537132
7243.62181091 0.68527510
7248.62431216 0.68517892
7253.62681341 0.68508277
7258.62931466 0.68498667
7263.63181591 0.68489061
7268.63431716 0.68479459
7273.63681841 0.68469862
7278.63931966 0.68460268
7283.64182091 0.68450678
7288.64432216 0.68441093
7293.64682341 0.68431511
7298.64932466 0.68421934
7303.65182591 0.68412361
7308.65432716 0.68402792
7313.65682841 0.68393226
7318.65932966 0.68383665
7323.66183092 0.68374108
7328.66433217 0.68364555
7333.66683342 0.68355006
7338.66933467 0.68345462
7343.67183592 0.68335921
7348.67433717 0.68326384
7353.67683842 0.68316851
7358.67933967 0.68307322
7363.68184092 0.68297798
7368.68434217 0.68288277
7373.68684342 0.68278760
7378.68934467 0.68269248
7383.69184592 0.68259739
7388.69434717 0.68250234
7393.69684842 0.68240734
7398.69934967 0.68231237
7403.70185093 0.68221744
7408.70435218 0.68212255
7413.70685343 0.68202771
7418.70935468 0.68193290
7423.71185593 0.68183813
7428.71435718 0.68174340
7433.71685843 0.68164872
7438.71935968 0.68155407
7443.72186093 0.68145946
7448.72436218 0.68136489
7453.72686343 0.68127036
7458.72936468 0.68117587
7463.73186593 0.68108142
7468.73436718 0.68098701
7473.73686843 0.68089263
7478.73936968 0.68079830
7483.74187094 0.68070401
7488.74437219 0.68060975
7493.74687344 0.68051554
7498.74937469 0.68042136
7503.75187594 0.68032722
7508.75437719 0.68023312
7513.75687844 0.68013907
7518.75937969 0.68004505
7523.76188094 0.67995106
7528.76438219 0.67985712
7533.76688344 0.67976322
7538.76938469 0.67966935
7543.77188594 0.67957553
7548.77438719 0.67948174
7553.77688844 0.67938799
7558.77938969 0.67929428
7563.78189095 0.67920061
7568.78439220 0.67910698
7573.78689345 0.67901339
7578.78939470 0.67891983
7583.79189595 0.67882631
7588.79439720 0.67873283
7593.79689845 0.67863939
7598.79939970 0.67854599
7603.80190095 0.67845263
7608.80440220 0.67835930
7613.80690345 0.67826602
7618.80940470 0.67817277
7623.81190595 0.67807956
7628.81440720 0.67798638
7633.81690845 0.67789325
7638.81940970 0.67780015
7643.82191096 0.67770710
7648.82441221 0.67761408
7653.82691346 0.67752109
7658.82941471 0.67742815
7663.83191596 0.67733524
7668.83441721 0.67724237
7673.83691846 0.67714954
7678.83941971 0.67705675
7683.84192096 0.67696399
7688.84442221 0.67687128
7693.84692346 0.67677860
7698.84942471 0.67668595
7703.85192596 0.67659335
7708.85442721 0.67650078
7713.85692846 0.67640825
7718.85942971 0.67631576
7723.86193097 0.67622330
7728.86443222 0.67613088
7733.86693347 0.67603850
7738.86943472 0.67594616
7743.87193597 0.67585385
7748.87443722 0.67576159
7753.87693847 0.67566935
7758.87943972 0.67557716
7763.88194097 0.67548500
7768.88444222 0.67539288
7773.88694347 0.67530080
7778.88944472 0.67520875
7783.89194597 0.67511674
7788.89444722 0.67502477
7793.89694847 0.67493284
7798.89944972 0.67484094
7803.90195098 0.67474908
7808.90445223 0.67465725
7813.90695348 0.67456546
7818.90945473 0.67447371
7823.91195598 0.67438200
7828.91445723 0.67429032
7833.91695848 0.67419868
7838.91945973 0.67410707
7843.92196098 0.67401551
7848.92446223 0.67392398
7853.92696348 0.67383248
7858.92946473 0.67374102
7863.93196598 0.67364960
7868.93446723 0.67355821
7873.93696848 0.67346686
7878.93946973 0.67337555
7883.94197099 0.67328427
7888.94447224 0.67319303
7893.94697349 0.67310183
7898.94947474 0.67301066
7903.95197599 0.67291953
7908.95447724 0.67282843
7913.95697849 0.67273737
7918.95947974 0.67264635
7923.96198099 0.67255536
7928.96448224 0.67246441
7933.96698349 0.67237349
7938.96948474 0.67228261
7943.97198599 0.67219176
7948.97448724 0.67210095
7953.97698849 0.67201018
7958.97948974 0.67191944
7963.98199100 0.67182874
7968.98449225 0.67173808
7973.98699350 0.67164745
7978.98949475 0.67155685
7983.99199600 0.67146629
7988.99449725 0.67137577
7993.99699850 0.67128528
7998.99949975 0.67119483
8004.00200100 0.67110441
8009.00450225 0.67101403
8014.00700350 0.67092368
8019.00950475 0.67083337
8024.01200600 0.67074310
8029.01450725 0.67065286
8034.01700850 0.67056265
8039.01950975 0.67047248
8044.02201101 0.67038235
8049.02451226 0.67029225
8054.02701351 0.67020218
8059.02951476 0.67011215
8064.03201601 0.67002216
8069.03451726 0.66993220
8074.03701851 0.66984227
8079.03951976 0.66975238
8084.04202101 0.66966253
8089.04452226 0.66957271
8094.04702351 0.66948292
8099.04952476 0.66939317
8104.05202601 0.66930346
8109.05452726 0.66921378
8114.05702851 0.66912413
8119.05952976 0.66903452
8124.06203102 0.66894494
8129.06453227 0.66885540
8134.06703352 0.66876589
8139.06953477 0.66867642
8144.07203602 0.66858698
8149.07453727 0.66849758
8154.07703852 0.66840821
8159.07953977 0.66831887
8164.08204102 0.66822957
8169.08454227 0.66814031
8174.08704352 0.66805108
8179.08954477 0.66796188
8184.09204602 0.66787271
8189.09454727 0.66778359
8194.09704852 0.66769449
8199.09954977 0.66760543
8204.10205103 0.66751640
8209.10455228 0.66742741
8214.10705353 0.66733845
8219.10955478 0.66724953
8224.11205603 0.66716064
8229.11455728 0.66707178
8234.11705853 0.66698296
8239.11955978 0.66689417
8244.12206103 0.66680541
8249.12456228 0.66671669
8254.12706353 0.66662801
8259.12956478 0.66653935
8264.13206603 0.66645073
8269.13456728 0.66636215
8274.13706853 0.66627359
8279.13956978 0.66618508
8284.14207104 0.66609659
8289.14457229 0.66600814
8294.14707354 0.66591972
8299.14957479 0.66583134
8304.15207604 0.66574299
8309.15457729 0.66565467
8314.15707854 0.66556638
8319.15957979 0.66547813
8324.16208104 0.66538992
8329.16458229 0.66530173
8334.16708354 0.66521358
8339.16958479 0.66512547
8344.17208604 0.66503738
8349.17458729 0.66494933
8354.17708854 0.66486131
8359.17958979 0.66477333
8364.18209105 0.66468538
8369.18459230 0.66459746
8374.18709355 0.66450958
8379.18959480 0.66442172
8384.19209605 0.66433390
8389.19459730 0.66424612
8394.19709855 0.66415837
8399.19959980 0.66407065
8404.20210105 0.66398296
8409.20460230 0.66389530
8414.20710355 0.66380768
8419.20960480 0.66372009
8424.21210605 0.66363254
8429.21460730 0.66354502
8434.21710855 0.66345753
8439.21960980 0.66337007
8444.22211106 0.66328264
8449.22461231 0.66319525
8454.22711356 0.66310789
8459.22961481 0.66302056
8464.23211606 0.66293327
8469.23461731 0.66284601
8474.23711856 0.66275878
8479.23961981 0.66267158
8484.24212106 0.66258441
8489.24462231 0.66249728
8494.24712356 0.66241018
8499.24962481 0.66232311
8504.25212606 0.66223608
8509.25462731 0.66214908
8514.25712856 0.66206210
8519.25962981 0.66197517
8524.26213107 0.66188826
8529.26463232 0.66180139
8534.26713357 0.66171454
8539.26963482 0.66162773
8544.27213607 0.66154096
8549.27463732 0.66145421
8554.27713857 0.66136750
8559.27963982 0.66128081
8564.28214107 0.66119416
8569.28464232 0.66110755
8574.28714357 0.66102096
8579.28964482 0.66093441
8584.29214607 0.66084788
8589.29464732 0.66076139
8594.29714857 0.66067493
8599.29964982 0.66058851
8604.30215108 0.66050211
8609.30465233 0.66041575
8614.30715358 0.66032942
8619.30965483 0.66024312
8624.31215608 0.66015685
8629.31465733 0.66007061
8634.31715858 0.65998440
8639.31965983 0.65989823
8644.32216108 0.65981209
8649.32466233 0.65972598
8654.32716358 0.65963990
8659.32966483 0.65955385
8664.33216608 0.65946783
8669.33466733 0.65938185
8674.33716858 0.65929589
8679.33966983 0.65920997
8684.34217109 0.65912408
8689.34467234 0.65903822
8694.34717359 0.65895239
8699.34967484 0.65886659
8704.35217609 0.65878083
8709.35467734 0.65869509
8714.35717859 0.65860939
8719.35967984 0.65852372
8724.36218109 0.65843807
8729.36468234 0.65835246
8734.36718359 0.65826688
8739.36968484 0.65818133
8744.37218609 0.65809582
8749.37468734 0.65801033
8754.37718859 0.65792487
8759.37968984 0.65783945
8764.38219110 0.65775405
8769.38469235 0.65766869
8774.38719360 0.65758336
8779.38969485 0.65749806
8784.39219610 0.65741278
8789.39469735 0.65732754
8794.39719860 0.65724233
8799.39969985 0.65715716
8804.40220110 0.65707201
8809.40470235 0.65698689
8814.40720360 0.65690180
8819.40970485 0.65681674
8824.41220610 0.65673172
8829.41470735 0.65664672
8834.41720860 0.65656176
8839.41970985 0.65647682
8844.42221111 0.65639192
8849.42471236 0.65630705
8854.42721361 0.65622220
8859.42971486 0.65613739
8864.43221611 0.65605261
8869.43471736 0.65596785
8874.43721861 0.65588313
8879.43971986 0.65579844
8884.44222111 0.65571378
8889.44472236 0.65562915
8894.44722361 0.65554454
8899.44972486 0.65545997
8904.45222611 0.65537543
8909.45472736 0.65529092
8914.45722861 0.65520644
8919.45972986 0.65512199
8924.46223112 0.65503757
8929.46473237 0.65495318
8934.46723362 0.65486882
8939.46973487 0.65478449
8944.47223612 0.65470018
8949.47473737 0.65461591
8954.47723862 0.65453167
8959.47973987 0.65444746
8964.48224112 0.65436328
8969.48474237 0.65427913
8974.48724362 0.65419501
8979.48974487 0.65411091
8984.49224612 0.65402685
8989.49474737 0.65394282
8994.49724862 0.65385881
8999.49974987 0.65377484
9004.50225113 0.65369090
9009.50475238 0.65360698
9014.50725363 0.65352310
9019.50975488 0.65343924
9024.51225613 0.65335542
9029.51475738 0.65327162
9034.51725863 0.65318785
9039.51975988 0.65310411
9044.52226113 0.65302041
9049.52476238 0.65293673
9054.52726363 0.65285308
9059.52976488 0.65276946
9064.53226613 0.65268587
9069.53476738 0.65260231
9074.53726863 0.65251877
9079.53976988 0.65243527
9084.54227114 0.65235180
9089.54477239 0.65226835
9094.54727364 0.65218494
9099.54977489 0.65210155
9104.55227614 0.65201819
9109.55477739 0.65193487
9114.55727864 0.65185157
9119.55977989 0.65176830
9124.56228114 0.65168506
9129.56478239 0.65160184
9134.56728364 0.65151866
9139.56978489 0.65143551
9144.57228614 0.65135238
9149.57478739 0.65126929
9154.57728864 0.65118622
9159.57978989 0.65110318
9164.58229115 0.65102017
9169.58479240 0.65093719
9174.58729365 0.65085424
9179.58979490 0.65077131
9184.59229615 0.65068842
9189.59479740 0.65060555
9194.59729865 0.65052272
9199.59979990 0.65043991
9204.60230115 0.65035713
9209.60480240 0.65027438
9214.60730365 0.65019165
9219.60980490 0.65010896
9224.61230615 0.65002629
9229.61480740 0.64994366
9234.61730865 0.64986105
9239.61980990 0.64977847
9244.62231116 0.64969592
9249.62481241 0.64961339
9254.62731366 0.64953090
9259.62981491 0.64944843
9264.63231616 0.64936599
9269.63481741 0.64928358
9274.63731866 0.64920120
9279.63981991 0.64911885
9284.64232116 0.64903652
9289.64482241 0.64895423
9294.64732366 0.64887196
9299.64982491 0.64878972
9304.65232616 0.64870750
9309.65482741 0.64862532
9314.65732866 0.64854316
9319.65982991 0.64846104
9324.66233117 0.64837894
9329.66483242 0.64829687
9334.66733367 0.64821482
9339.66983492 0.64813281
9344.67233617 0.64805082
9349.67483742 0.64796886
9354.67733867 0.64788693
9359.67983992 0.64780502
9364.68234117 0.64772315
9369.68484242 0.64764130
9374.68734367 0.64755948
9379.68984492 0.64747768
9384.69234617 0.64739592
9389.69484742 0.64731418
9394.69734867 0.64723247
9399.69984992 0.64715079
9404.70235118 0.64706914
9409.70485243 0.64698751
9414.70735368 0.64690591
9419.70985493 0.64682434
9424.71235618 0.64674280
9429.71485743 0.64666128
9434.71735868 0.64657980
9439.71985993 0.64649834
9444.72236118 0.64641690
9449.72486243 0.64633550
9454.72736368 0.64625412
9459.72986493 0.64617277
9464.73236618 0.64609145
9469.73486743 0.64601015
9474.73736868 0.64592888
9479.73986993 0.64584764
9484.74237119 0.64576643
9489.74487244 0.64568524
9494.74737369 0.64560408
9499.74987494 0.64552295
9504.75237619 0.64544185
9509.75487744 0.64536077
9514.75737869 0.64527972
9519.75987994 0.64519870
9524.76238119 0.64511770
9529.76488244 0.64503673
9534.76738369 0.64495579
9539.76988494 0.64487488
9544.77238619 0.64479399
9549.77488744 0.64471313
9554.77738869 0.64463230
9559.77988994 0.64455149
9564.78239120 0.64447071
9569.78489245 0.64438996
9574.78739370 0.64430924
9579.78989495 0.64422854
9584.79239620 0.64414787
9589.79489745 0.64406722
9594.79739870 0.64398661
9599.79989995 0.64390601
9604.80240120 0.64382545
9609.80490245 0.64374491
9614.80740370 0.64366440
9619.80990495 0.64358392
9624.81240620 0.64350346
9629.81490745 0.64342303
9634.81740870 0.64334263
9639.81990995 0.64326225
9644.82241121 0.64318190
9649.82491246 0.64310158
9654.82741371 0.64302129
9659.82991496 0.64294102
9664.83241621 0.64286077
9669.83491746 0.64278056
9674.83741871 0.64270036
9679.83991996 0.64262020
9684.84242121 0.64254006
9689.84492246 0.64245995
9694.84742371 0.64237987
9699.84992496 0.64229981
9704.85242621 0.64221978
9709.85492746 0.64213977
9714.85742871 0.64205980
9719.85992996 0.64197984
9724.86243122 0.64189992
9729.86493247 0.64182002
9734.86743372 0.64174014
9739.86993497 0.64166030
9744.87243622 0.64158047
9749.87493747 0.64150068
9754.87743872 0.64142091
9759.87993997 0.64134117
9764.88244122 0.64126145
9769.88494247 0.64118176
9774.88744372 0.64110210
9779.88994497 0.64102246
9784.89244622 0.64094285
9789.89494747 0.64086326
9794.89744872 0.64078370
9799.89994997 0.64070417
9804.90245123 0.64062466
9809.90495248 0.64054518
9814.90745373 0.64046572
9819.90995498 0.64038629
9824.91245623 0.64030689
9829.91495748 0.64022751
9834.91745873 0.64014816
9839.91995998 0.64006883
9844.92246123 0.63998953
9849.92496248 0.63991026
9854.92746373 0.63983101
9859.92996498 0.63975179
9864.93246623 0.63967259
9869.93496748 0.63959342
9874.93746873 0.63951427
9879.93996998 0.63943515
9884.94247124 0.63935606
9889.94497249 0.63927699
9894.94747374 0.63919795
9899.94997499 0.63911893
9904.95247624 0.63903994
9909.95497749 0.63896097
9914.95747874 0.63888203
9919.95997999 0.63880311
9924.96248124 0.63872422
9929.96498249 0.63864536
9934.96748374 0.63856652
9939.96998499 0.63848771
9944.97248624 0.63840892
9949.97498749 0.63833016
9954.97748874 0.63825142
9959.97998999 0.63817271
9964.98249125 0.63809402
9969.98499250 0.63801536
9974.98749375 0.63793673
9979.98999500 0.63785812
9984.99249625 0.63777953
9989.99499750 0.63770097
9994.99749875 0.63762244
10000.00000000 0.63754393
