0.00000000 1.00000000
5.00250125 0.98950641
10.00500250 0.98315818
15.00750375 0.97816471
20.01000500 0.97394598
25.01250625 0.97025257
30.01500750 0.96694638
35.01750875 0.96394029
40.02001001 0.96117491
45.02251126 0.95860759
50.02501251 0.95620652
55.02751376 0.95394729
60.03001501 0.95181069
65.03251626 0.94978133
70.03501751 0.94784663
75.03751876 0.94599622
80.04002001 0.94422140
85.04252126 0.94251480
90.04502251 0.94087012
95.04752376 0.93928193
100.05002501 0.93774550
105.05252626 0.93625672
110.05502751 0.93481194
115.05752876 0.93340795
120.06003002 0.93204187
125.06253127 0.93071116
130.06503252 0.92941350
135.06753377 0.92814683
140.07003502 0.92690927
145.07253627 0.92569912
150.07503752 0.92451482
155.07753877 0.92335496
160.08004002 0.92221824
165.08254127 0.92110348
170.08504252 0.92000956
175.08754377 0.91893548
180.09004502 0.91788031
185.09254627 0.91684317
190.09504752 0.91582326
195.09754877 0.91481984
200.10005003 0.91383219
205.10255128 0.91285967
210.10505253 0.91190167
215.10755378 0.91095762
220.11005503 0.91002699
225.11255628 0.90910926
230.11505753 0.90820396
235.11755878 0.90731065
240.12006003 0.90642891
245.12256128 0.90555834
250.12506253 0.90469857
255.12756378 0.90384923
260.13006503 0.90301000
265.13256628 0.90218055
270.13506753 0.90136058
275.13756878 0.90054980
280.14007004 0.89974793
285.14257129 0.89895472
290.14507254 0.89816992
295.14757379 0.89739328
300.15007504 0.89662459
305.15257629 0.89586362
310.15507754 0.89511017
315.15757879 0.89436403
320.16008004 0.89362503
325.16258129 0.89289298
330.16508254 0.89216769
335.16758379 0.89144902
340.17008504 0.89073678
345.17258629 0.89003084
350.17508754 0.88933104
355.17758879 0.88863724
360.18009005 0.88794930
365.18259130 0.88726709
370.18509255 0.88659048
375.18759380 0.88591935
380.19009505 0.88525358
385.19259630 0.88459306
390.19509755 0.88393767
395.19759880 0.88328731
400.20010005 0.88264188
405.20260130 0.88200127
410.20510255 0.88136539
415.20760380 0.88073414
420.21010505 0.88010745
425.21260630 0.87948521
430.21510755 0.87886734
435.21760880 0.87825377
440.22011006 0.87764441
445.22261131 0.87703918
450.22511256 0.87643801
455.22761381 0.87584083
460.23011506 0.87524757
465.23261631 0.87465816
470.23511756 0.87407252
475.23761881 0.87349061
480.24012006 0.87291234
485.24262131 0.87233767
490.24512256 0.87176654
495.24762381 0.87119888
500.25012506 0.87063463
505.25262631 0.87007376
510.25512756 0.86951619
515.25762881 0.86896188
520.26013007 0.86841078
525.26263132 0.86786284
530.26513257 0.86731801
535.26763382 0.86677624
540.27013507 0.86623749
545.27263632 0.86570171
550.27513757 0.86516887
555.27763882 0.86463891
560.28014007 0.86411179
565.28264132 0.86358748
570.28514257 0.86306593
575.28764382 0.86254711
580.29014507 0.86203098
585.29264632 0.86151750
590.29514757 0.86100664
595.29764882 0.86049836
600.30015008 0.85999262
605.30265133 0.85948939
610.30515258 0.85898864
615.30765383 0.85849034
620.31015508 0.85799446
625.31265633 0.85750095
630.31515758 0.85700980
635.31765883 0.85652098
640.32016008 0.85603444
645.32266133 0.85555018
650.32516258 0.85506815
655.32766383 0.85458833
660.33016508 0.85411070
665.33266633 0.85363522
670.33516758 0.85316188
675.33766883 0.85269064
680.34017009 0.85222149
685.34267134 0.85175439
690.34517259 0.85128933
695.34767384 0.85082627
700.35017509 0.85036521
705.35267634 0.84990611
710.35517759 0.84944895
715.35767884 0.84899371
720.36018009 0.84854037
725.36268134 0.84808891
730.36518259 0.84763931
735.36768384 0.84719155
740.37018509 0.84674560
745.37268634 0.84630146
750.37518759 0.84585909
755.37768884 0.84541849
760.38019010 0.84497963
765.38269135 0.84454249
770.38519260 0.84410706
775.38769385 0.84367332
780.39019510 0.84324124
785.39269635 0.84281083
790.39519760 0.84238205
795.39769885 0.84195490
800.40020010 0.84152934
805.40270135 0.84110538
810.40520260 0.84068300
815.40770385 0.84026217
820.41020510 0.83984288
825.41270635 0.83942513
830.41520760 0.83900889
835.41770885 0.83859414
840.42021011 0.83818089
845.42271136 0.83776910
850.42521261 0.83735877
855.42771386 0.83694989
860.43021511 0.83654244
865.43271636 0.83613640
870.43521761 0.83573177
875.43771886 0.83532853
880.44022011 0.83492667
885.44272136 0.83452618
890.44522261 0.83412704
895.44772386 0.83372925
900.45022511 0.83333278
905.45272636 0.83293764
910.45522761 0.83254380
915.45772886 0.83215126
920.46023012 0.83176000
925.46273137 0.83137002
930.46523262 0.83098130
935.46773387 0.83059383
940.47023512 0.83020761
945.47273637 0.82982261
950.47523762 0.82943884
955.47773887 0.82905628
960.48024012 0.82867492
965.48274137 0.82829475
970.48524262 0.82791576
975.48774387 0.82753794
980.49024512 0.82716129
985.49274637 0.82678579
990.49524762 0.82641143
995.49774887 0.82603821
1000.50025013 0.82566611
1005.50275138 0.82529513
1010.50525263 0.82492525
1015.50775388 0.82455648
1020.51025513 0.82418879
1025.51275638 0.82382219
1030.51525763 0.82345666
1035.51775888 0.82309220
1040.52026013 0.82272879
1045.52276138 0.82236644
1050.52526263 0.82200512
1055.52776388 0.82164484
1060.53026513 0.82128558
1065.53276638 0.82092735
1070.53526763 0.82057012
1075.53776888 0.82021389
1080.54027014 0.81985867
1085.54277139 0.81950443
1090.54527264 0.81915117
1095.54777389 0.81879888
1100.55027514 0.81844757
1105.55277639 0.81809721
1110.55527764 0.81774781
1115.55777889 0.81739935
1120.56028014 0.81705183
1125.56278139 0.81670525
1130.56528264 0.81635959
1135.56778389 0.81601485
1140.57028514 0.81567103
1145.57278639 0.81532811
1150.57528764 0.81498609
1155.57778889 0.81464497
1160.58029015 0.81430474
1165.58279140 0.81396539
1170.58529265 0.81362692
1175.58779390 0.81328931
1180.59029515 0.81295258
1185.59279640 0.81261670
1190.59529765 0.81228167
1195.59779890 0.81194750
1200.60030015 0.81161416
1205.60280140 0.81128166
1210.60530265 0.81094999
1215.60780390 0.81061915
1220.61030515 0.81028913
1225.61280640 0.80995992
1230.61530765 0.80963153
1235.61780890 0.80930393
1240.62031016 0.80897714
1245.62281141 0.80865114
1250.62531266 0.80832593
1255.62781391 0.80800150
1260.63031516 0.80767785
1265.63281641 0.80735498
1270.63531766 0.80703287
1275.63781891 0.80671153
1280.64032016 0.80639095
1285.64282141 0.80607113
1290.64532266 0.80575206
1295.64782391 0.80543373
1300.65032516 0.80511614
1305.65282641 0.80479929
1310.65532766 0.80448317
1315.65782891 0.80416778
1320.66033017 0.80385311
1325.66283142 0.80353917
1330.66533267 0.80322593
1335.66783392 0.80291341
1340.67033517 0.80260159
1345.67283642 0.80229048
1350.67533767 0.80198006
1355.67783892 0.80167034
1360.68034017 0.80136131
1365.68284142 0.80105296
1370.68534267 0.80074530
1375.68784392 0.80043831
1380.69034517 0.80013200
1385.69284642 0.79982635
1390.69534767 0.79952138
1395.69784892 0.79921706
1400.70035018 0.79891341
1405.70285143 0.79861041
1410.70535268 0.79830806
1415.70785393 0.79800636
1420.71035518 0.79770530
1425.71285643 0.79740488
1430.71535768 0.79710510
1435.71785893 0.79680595
1440.72036018 0.79650744
1445.72286143 0.79620955
1450.72536268 0.79591228
1455.72786393 0.79561563
1460.73036518 0.79531960
1465.73286643 0.79502418
1470.73536768 0.79472936
1475.73786893 0.79443516
1480.74037019 0.79414156
1485.74287144 0.79384855
1490.74537269 0.79355615
1495.74787394 0.79326434
1500.75037519 0.79297311
1505.75287644 0.79268248
1510.75537769 0.79239242
1515.75787894 0.79210295
1520.76038019 0.79181406
1525.76288144 0.79152574
1530.76538269 0.79123799
1535.76788394 0.79095081
1540.77038519 0.79066420
1545.77288644 0.79037815
1550.77538769 0.79009266
1555.77788894 0.78980773
1560.78039020 0.78952335
1565.78289145 0.78923952
1570.78539270 0.78895624
1575.78789395 0.78867351
1580.79039520 0.78839132
1585.79289645 0.78810967
1590.79539770 0.78782856
1595.79789895 0.78754798
1600.80040020 0.78726794
1605.80290145 0.78698842
1610.80540270 0.78670944
1615.80790395 0.78643097
1620.81040520 0.78615303
1625.81290645 0.78587561
1630.81540770 0.78559870
1635.81790895 0.78532231
1640.82041021 0.78504643
1645.82291146 0.78477106
1650.82541271 0.78449620
1655.82791396 0.78422184
1660.83041521 0.78394798
1665.83291646 0.78367462
1670.83541771 0.78340176
1675.83791896 0.78312940
1680.84042021 0.78285752
1685.84292146 0.78258614
1690.84542271 0.78231524
1695.84792396 0.78204483
1700.85042521 0.78177490
1705.85292646 0.78150546
1710.85542771 0.78123649
1715.85792896 0.78096800
1720.86043022 0.78069998
1725.86293147 0.78043244
1730.86543272 0.78016536
1735.86793397 0.77989875
1740.87043522 0.77963261
1745.87293647 0.77936693
1750.87543772 0.77910171
1755.87793897 0.77883696
1760.88044022 0.77857266
1765.88294147 0.77830881
1770.88544272 0.77804542
1775.88794397 0.77778248
1780.89044522 0.77751998
1785.89294647 0.77725794
1790.89544772 0.77699634
1795.89794897 0.77673518
1800.90045023 0.77647446
1805.90295148 0.77621418
1810.90545273 0.77595434
1815.90795398 0.77569494
1820.91045523 0.77543596
1825.91295648 0.77517742
1830.91545773 0.77491931
1835.91795898 0.77466163
1840.92046023 0.77440437
1845.92296148 0.77414754
1850.92546273 0.77389112
1855.92796398 0.77363513
1860.93046523 0.77337956
1865.93296648 0.77312440
1870.93546773 0.77286966
1875.93796898 0.77261533
1880.94047024 0.77236142
1885.94297149 0.77210791
1890.94547274 0.77185481
1895.94797399 0.77160212
1900.95047524 0.77134983
1905.95297649 0.77109794
1910.95547774 0.77084646
1915.95797899 0.77059537
1920.96048024 0.77034469
1925.96298149 0.77009440
1930.96548274 0.76984450
1935.96798399 0.76959500
1940.97048524 0.76934588
1945.97298649 0.76909716
1950.97548774 0.76884883
1955.97798899 0.76860088
1960.98049025 0.76835332
1965.98299150 0.76810614
1970.98549275 0.76785934
1975.98799400 0.76761292
1980.99049525 0.76736688
1985.99299650 0.76712122
1990.99549775 0.76687593
1995.99799900 0.76663102
2001.00050025 0.76638648
2006.00300150 0.76614232
2011.00550275 0.76589852
2016.00800400 0.76565509
2021.01050525 0.76541203
2026.01300650 0.76516933
2031.01550775 0.76492700
2036.01800900 0.76468503
2041.02051026 0.76444342
2046.02301151 0.76420217
2051.02551276 0.76396127
2056.02801401 0.76372074
2061.03051526 0.76348056
2066.03301651 0.76324074
2071.03551776 0.76300126
2076.03801901 0.76276214
2081.04052026 0.76252337
2086.04302151 0.76228495
2091.04552276 0.76204688
2096.04802401 0.76180915
2101.05052526 0.76157176
2106.05302651 0.76133472
2111.05552776 0.76109803
2116.05802901 0.76086167
2121.06053027 0.76062565
2126.06303152 0.76038997
2131.06553277 0.76015463
2136.06803402 0.75991962
2141.07053527 0.75968495
2146.07303652 0.75945062
2151.07553777 0.75921661
2156.07803902 0.75898293
2161.08054027 0.75874959
2166.08304152 0.75851657
2171.08554277 0.75828388
2176.08804402 0.75805152
2181.09054527 0.75781948
2186.09304652 0.75758776
2191.09554777 0.75735637
2196.09804902 0.75712530
2201.10055028 0.75689455
2206.10305153 0.75666412
2211.10555278 0.75643400
2216.10805403 0.75620420
2221.11055528 0.75597472
2226.11305653 0.75574555
2231.11555778 0.75551670
2236.11805903 0.75528816
2241.12056028 0.75505993
2246.12306153 0.75483200
2251.12556278 0.75460439
2256.12806403 0.75437709
2261.13056528 0.75415009
2266.13306653 0.75392340
2271.13556778 0.75369701
2276.13806903 0.75347093
2281.14057029 0.75324514
2286.14307154 0.75301966
2291.14557279 0.75279448
2296.14807404 0.75256960
2301.15057529 0.75234502
2306.15307654 0.75212074
2311.15557779 0.75189675
2316.15807904 0.75167305
2321.16058029 0.75144965
2326.16308154 0.75122655
2331.16558279 0.75100373
2336.16808404 0.75078121
2341.17058529 0.75055898
2346.17308654 0.75033703
2351.17558779 0.75011538
2356.17808904 0.74989401
2361.18059030 0.74967293
2366.18309155 0.74945213
2371.18559280 0.74923162
2376.18809405 0.74901139
2381.19059530 0.74879144
2386.19309655 0.74857178
2391.19559780 0.74835239
2396.19809905 0.74813329
2401.20060030 0.74791446
2406.20310155 0.74769592
2411.20560280 0.74747764
2416.20810405 0.74725965
2421.21060530 0.74704193
2426.21310655 0.74682448
2431.21560780 0.74660731
2436.21810905 0.74639041
2441.22061031 0.74617378
2446.22311156 0.74595742
2451.22561281 0.74574133
2456.22811406 0.74552552
2461.23061531 0.74530996
2466.23311656 0.74509468
2471.23561781 0.74487966
2476.23811906 0.74466491
2481.24062031 0.74445042
2486.24312156 0.74423620
2491.24562281 0.74402223
2496.24812406 0.74380853
2501.25062531 0.74359510
2506.25312656 0.74338192
2511.25562781 0.74316900
2516.25812906 0.74295634
2521.26063032 0.74274394
2526.26313157 0.74253179
2531.26563282 0.74231991
2536.26813407 0.74210827
2541.27063532 0.74189690
2546.27313657 0.74168577
2551.27563782 0.74147490
2556.27813907 0.74126428
2561.28064032 0.74105391
2566.28314157 0.74084380
2571.28564282 0.74063393
2576.28814407 0.74042431
2581.29064532 0.74021495
2586.29314657 0.74000583
2591.29564782 0.73979695
2596.29814907 0.73958832
2601.30065033 0.73937994
2606.30315158 0.73917180
2611.30565283 0.73896391
2616.30815408 0.73875626
2621.31065533 0.73854885
2626.31315658 0.73834169
2631.31565783 0.73813476
2636.31815908 0.73792808
2641.32066033 0.73772163
2646.32316158 0.73751542
2651.32566283 0.73730946
2656.32816408 0.73710373
2661.33066533 0.73689823
2666.33316658 0.73669297
2671.33566783 0.73648795
2676.33816908 0.73628316
2681.34067034 0.73607861
2686.34317159 0.73587429
2691.34567284 0.73567020
2696.34817409 0.73546634
2701.35067534 0.73526272
2706.35317659 0.73505932
2711.35567784 0.73485616
2716.35817909 0.73465322
2721.36068034 0.73445052
2726.36318159 0.73424804
2731.36568284 0.73404578
2736.36818409 0.73384376
2741.37068534 0.73364196
2746.37318659 0.73344038
2751.37568784 0.73323903
2756.37818909 0.73303791
2761.38069035 0.73283701
2766.38319160 0.73263633
2771.38569285 0.73243587
2776.38819410 0.73223563
2781.39069535 0.73203562
2786.39319660 0.73183582
2791.39569785 0.73163624
2796.39819910 0.73143689
2801.40070035 0.73123775
2806.40320160 0.73103883
2811.40570285 0.73084012
2816.40820410 0.73064163
2821.41070535 0.73044336
2826.41320660 0.73024530
2831.41570785 0.73004746
2836.41820910 0.72984983
2841.42071036 0.72965242
2846.42321161 0.72945522
2851.42571286 0.72925823
2856.42821411 0.72906145
2861.43071536 0.72886488
2866.43321661 0.72866852
2871.43571786 0.72847238
2876.43821911 0.72827644
2881.44072036 0.72808071
2886.44322161 0.72788519
2891.44572286 0.72768988
2896.44822411 0.72749477
2901.45072536 0.72729987
2906.45322661 0.72710518
2911.45572786 0.72691069
2916.45822911 0.72671641
2921.46073037 0.72652233
2926.46323162 0.72632846
2931.46573287 0.72613478
2936.46823412 0.72594131
2941.47073537 0.72574805
2946.47323662 0.72555498
2951.47573787 0.72536212
2956.47823912 0.72516945
2961.48074037 0.72497699
2966.48324162 0.72478472
2971.48574287 0.72459266
2976.48824412 0.72440079
2981.49074537 0.72420912
2986.49324662 0.72401765
2991.49574787 0.72382637
2996.49824912 0.72363529
3001.50075038 0.72344441
3006.50325163 0.72325372
3011.50575288 0.72306322
3016.50825413 0.72287292
3021.51075538 0.72268282
3026.51325663 0.72249291
3031.51575788 0.72230318
3036.51825913 0.72211366
3041.52076038 0.72192432
3046.52326163 0.72173518
3051.52576288 0.72154622
3056.52826413 0.72135746
3061.53076538 0.72116888
3066.53326663 0.72098050
3071.53576788 0.72079230
3076.53826913 0.72060429
3081.54077039 0.72041647
3086.54327164 0.72022884
3091.54577289 0.72004139
3096.54827414 0.71985413
3101.55077539 0.71966706
3106.55327664 0.71948017
3111.55577789 0.71929347
3116.55827914 0.71910695
3121.56078039 0.71892061
3126.56328164 0.71873446
3131.56578289 0.71854849
3136.56828414 0.71836271
3141.57078539 0.71817710
3146.57328664 0.71799168
3151.57578789 0.71780644
3156.57828914 0.71762138
3161.58079040 0.71743650
3166.58329165 0.71725180
3171.58579290 0.71706728
3176.58829415 0.71688294
3181.59079540 0.71669878
3186.59329665 0.71651479
3191.59579790 0.71633098
3196.59829915 0.71614735
3201.60080040 0.71596390
3206.60330165 0.71578063
3211.60580290 0.71559753
3216.60830415 0.71541460
3221.61080540 0.71523185
3226.61330665 0.71504928
3231.61580790 0.71486687
3236.61830915 0.71468465
3241.62081041 0.71450259
3246.62331166 0.71432071
3251.62581291 0.71413901
3256.62831416 0.71395747
3261.63081541 0.71377611
3266.63331666 0.71359491
3271.63581791 0.71341389
3276.63831916 0.71323304
3281.64082041 0.71305236
3286.64332166 0.71287185
3291.64582291 0.71269151
3296.64832416 0.71251133
3301.65082541 0.71233133
3306.65332666 0.71215149
3311.65582791 0.71197182
3316.65832916 0.71179232
3321.66083042 0.71161299
3326.66333167 0.71143382
3331.66583292 0.71125482
3336.66833417 0.71107598
3341.67083542 0.71089731
3346.67333667 0.71071880
3351.67583792 0.71054046
3356.67833917 0.71036228
3361.68084042 0.71018427
3366.68334167 0.71000642
3371.68584292 0.70982873
3376.68834417 0.70965121
3381.69084542 0.70947385
3386.69334667 0.70929664
3391.69584792 0.70911961
3396.69834917 0.70894273
3401.70085043 0.70876601
3406.70335168 0.70858946
3411.70585293 0.70841306
3416.70835418 0.70823682
3421.71085543 0.70806075
3426.71335668 0.70788483
3431.71585793 0.70770907
3436.71835918 0.70753347
3441.72086043 0.70735802
3446.72336168 0.70718274
3451.72586293 0.70700761
3456.72836418 0.70683263
3461.73086543 0.70665782
3466.73336668 0.70648316
3471.73586793 0.70630865
3476.73836918 0.70613431
3481.74087044 0.70596011
3486.74337169 0.70578607
3491.74587294 0.70561219
3496.74837419 0.70543846
3501.75087544 0.70526488
3506.75337669 0.70509146
3511.75587794 0.70491819
3516.75837919 0.70474507
3521.76088044 0.70457210
3526.76338169 0.70439929
3531.76588294 0.70422663
3536.76838419 0.70405412
3541.77088544 0.70388176
3546.77338669 0.70370955
3551.77588794 0.70353749
3556.77838919 0.70336558
3561.78089045 0.70319382
3566.78339170 0.70302221
3571.78589295 0.70285075
3576.78839420 0.70267944
3581.79089545 0.70250828
3586.79339670 0.70233726
3591.79589795 0.70216639
3596.79839920 0.70199567
3601.80090045 0.70182510
3606.80340170 0.70165467
3611.80590295 0.70148439
3616.80840420 0.70131425
3621.81090545 0.70114426
3626.81340670 0.70097442
3631.81590795 0.70080472
3636.81840920 0.70063517
3641.82091046 0.70046576
3646.82341171 0.70029650
3651.82591296 0.70012738
3656.82841421 0.69995840
3661.83091546 0.69978956
3666.83341671 0.69962087
3671.83591796 0.69945233
3676.83841921 0.69928392
3681.84092046 0.69911566
3686.84342171 0.69894753
3691.84592296 0.69877955
3696.84842421 0.69861171
3701.85092546 0.69844402
3706.85342671 0.69827646
3711.85592796 0.69810904
3716.85842921 0.69794176
3721.86093047 0.69777462
3726.86343172 0.69760763
3731.86593297 0.69744077
3736.86843422 0.69727405
3741.87093547 0.69710747
3746.87343672 0.69694102
3751.87593797 0.69677472
3756.87843922 0.69660855
3761.88094047 0.69644252
3766.88344172 0.69627662
3771.88594297 0.69611087
3776.88844422 0.69594525
3781.89094547 0.69577976
3786.89344672 0.69561442
3791.89594797 0.69544920
3796.89844922 0.69528413
3801.90095048 0.69511919
3806.90345173 0.69495438
3811.90595298 0.69478971
3816.90845423 0.69462517
3821.91095548 0.69446077
3826.91345673 0.69429650
3831.91595798 0.69413236
3836.91845923 0.69396836
3841.92096048 0.69380449
3846.92346173 0.69364075
3851.92596298 0.69347715
3856.92846423 0.69331367
3861.93096548 0.69315033
3866.93346673 0.69298712
3871.93596798 0.69282405
3876.93846923 0.69266110
3881.94097049 0.69249828
3886.94347174 0.69233560
3891.94597299 0.69217304
3896.94847424 0.69201062
3901.95097549 0.69184832
3906.95347674 0.69168616
3911.95597799 0.69152412
3916.95847924 0.69136222
3921.96098049 0.69120044
3926.96348174 0.69103879
3931.96598299 0.69087727
3936.96848424 0.69071587
3941.97098549 0.69055461
3946.97348674 0.69039347
3951.97598799 0.69023246
3956.97848924 0.69007157
3961.98099050 0.68991082
3966.98349175 0.68975019
3971.98599300 0.68958968
3976.98849425 0.68942930
3981.99099550 0.68926905
3986.99349675 0.68910892
3991.99599800 0.68894892
3996.99849925 0.68878904
4002.00100050 0.68862929
4007.00350175 0.68846967
4012.00600300 0.68831016
4017.00850425 0.68815078
4022.01100550 0.68799153
4027.01350675 0.68783240
4032.01600800 0.68767339
4037.01850925 0.68751450
4042.02101051 0.68735574
4047.02351176 0.68719710
4052.02601301 0.68703859
4057.02851426 0.68688019
4062.03101551 0.68672192
4067.03351676 0.68656377
4072.03601801 0.68640574
4077.03851926 0.68624783
4082.04102051 0.68609004
4087.04352176 0.68593238
4092.04602301 0.68577483
4097.04852426 0.68561740
4102.05102551 0.68546010
4107.05352676 0.68530291
4112.05602801 0.68514585
4117.05852926 0.68498890
4122.06103052 0.68483207
4127.06353177 0.68467537
4132.06603302 0.68451878
4137.06853427 0.68436231
4142.07103552 0.68420595
4147.07353677 0.68404972
4152.07603802 0.68389360
4157.07853927 0.68373760
4162.08104052 0.68358172
4167.08354177 0.68342596
4172.08604302 0.68327031
4177.08854427 0.68311478
4182.09104552 0.68295937
4187.09354677 0.68280407
4192.09604802 0.68264889
4197.09854927 0.68249382
4202.10105053 0.68233887
4207.10355178 0.68218404
4212.10605303 0.68202932
4217.10855428 0.68187471
4222.11105553 0.68172023
4227.11355678 0.68156585
4232.11605803 0.68141159
4237.11855928 0.68125745
4242.12106053 0.68110341
4247.12356178 0.68094950
4252.12606303 0.68079569
4257.12856428 0.68064200
4262.13106553 0.68048842
4267.13356678 0.68033496
4272.13606803 0.68018161
4277.13856928 0.68002837
4282.14107054 0.67987524
4287.14357179 0.67972223
4292.14607304 0.67956933
4297.14857429 0.67941654
4302.15107554 0.67926386
4307.15357679 0.67911129
4312.15607804 0.67895883
4317.15857929 0.67880649
4322.16108054 0.67865425
4327.16358179 0.67850213
4332.16608304 0.67835011
4337.16858429 0.67819821
4342.17108554 0.67804642
4347.17358679 0.67789473
4352.17608804 0.67774316
4357.17858929 0.67759169
4362.18109055 0.67744034
4367.18359180 0.67728909
4372.18609305 0.67713795
4377.18859430 0.67698693
4382.19109555 0.67683601
4387.19359680 0.67668519
4392.19609805 0.67653449
4397.19859930 0.67638389
4402.20110055 0.67623340
4407.20360180 0.67608302
4412.20610305 0.67593275
4417.20860430 0.67578258
4422.21110555 0.67563252
4427.21360680 0.67548257
4432.21610805 0.67533272
4437.21860930 0.67518298
4442.22111056 0.67503335
4447.22361181 0.67488382
4452.22611306 0.67473440
4457.22861431 0.67458508
4462.23111556 0.67443587
4467.23361681 0.67428677
4472.23611806 0.67413777
4477.23861931 0.67398887
4482.24112056 0.67384008
4487.24362181 0.67369140
4492.24612306 0.67354281
4497.24862431 0.67339434
4502.25112556 0.67324596
4507.25362681 0.67309769
4512.25612806 0.67294953
4517.25862931 0.67280146
4522.26113057 0.67265351
4527.26363182 0.67250565
4532.26613307 0.67235790
4537.26863432 0.67221025
4542.27113557 0.67206270
4547.27363682 0.67191525
4552.27613807 0.67176791
4557.27863932 0.67162067
4562.28114057 0.67147353
4567.28364182 0.67132649
4572.28614307 0.67117956
4577.28864432 0.67103272
4582.29114557 0.67088599
4587.29364682 0.67073936
4592.29614807 0.67059283
4597.29864932 0.67044640
4602.30115058 0.67030007
4607.30365183 0.67015384
4612.30615308 0.67000771
4617.30865433 0.66986168
4622.31115558 0.66971575
4627.31365683 0.66956992
4632.31615808 0.66942419
4637.31865933 0.66927856
4642.32116058 0.66913303
4647.32366183 0.66898760
4652.32616308 0.66884227
4657.32866433 0.66869703
4662.33116558 0.66855190
4667.33366683 0.66840686
4672.33616808 0.66826192
4677.33866933 0.66811708
4682.34117059 0.66797234
4687.34367184 0.66782769
4692.34617309 0.66768315
4697.34867434 0.66753870
4702.35117559 0.66739434
4707.35367684 0.66725009
4712.35617809 0.66710593
4717.35867934 0.66696187
4722.36118059 0.66681790
4727.36368184 0.66667403
4732.36618309 0.66653026
4737.36868434 0.66638658
4742.37118559 0.66624300
4747.37368684 0.66609952
4752.37618809 0.66595613
4757.37868934 0.66581284
4762.38119060 0.66566964
4767.38369185 0.66552654
4772.38619310 0.66538353
4777.38869435 0.66524062
4782.39119560 0.66509780
4787.39369685 0.66495508
4792.39619810 0.66481245
4797.39869935 0.66466992
4802.40120060 0.66452748
4807.40370185 0.66438513
4812.40620310 0.66424288
4817.40870435 0.66410072
4822.41120560 0.66395866
4827.41370685 0.66381669
4832.41620810 0.66367481
4837.41870935 0.66353302
4842.42121061 0.66339133
4847.42371186 0.66324973
4852.42621311 0.66310823
4857.42871436 0.66296682
4862.43121561 0.66282549
4867.43371686 0.66268427
4872.43621811 0.66254313
4877.43871936 0.66240208
4882.44122061 0.66226113
4887.44372186 0.66212027
4892.44622311 0.66197950
4897.44872436 0.66183882
4902.45122561 0.66169824
4907.45372686 0.66155774
4912.45622811 0.66141734
4917.45872936 0.66127702
4922.46123062 0.66113680
4927.46373187 0.66099667
4932.46623312 0.66085663
4937.46873437 0.66071667
4942.47123562 0.66057681
4947.47373687 0.66043704
4952.47623812 0.66029736
4957.47873937 0.66015777
4962.48124062 0.66001826
4967.48374187 0.65987885
4972.48624312 0.65973953
4977.48874437 0.65960029
4982.49124562 0.65946115
4987.49374687 0.65932209
4992.49624812 0.65918312
4997.49874937 0.65904424
5002.50125063 0.65890545
5007.50375188 0.65876675
5012.50625313 0.65862814
5017.50875438 0.65848961
5022.51125563 0.65835117
5027.51375688 0.65821282
5032.51625813 0.65807456
5037.51875938 0.65793638
5042.52126063 0.65779830
5047.52376188 0.65766030
5052.52626313 0.65752238
5057.52876438 0.65738456
5062.53126563 0.65724682
5067.53376688 0.65710916
5072.53626813 0.65697160
5077.53876938 0.65683412
5082.54127064 0.65669673
5087.54377189 0.65655942
5092.54627314 0.65642220
5097.54877439 0.65628506
5102.55127564 0.65614801
5107.55377689 0.65601105
5112.55627814 0.65587417
5117.55877939 0.65573738
5122.56128064 0.65560067
5127.56378189 0.65546405
5132.56628314 0.65532752
5137.56878439 0.65519106
5142.57128564 0.65505470
5147.57378689 0.65491842
5152.57628814 0.65478222
5157.57878939 0.65464611
5162.58129065 0.65451008
5167.58379190 0.65437413
5172.58629315 0.65423827
5177.58879440 0.65410249
5182.59129565 0.65396680
5187.59379690 0.65383119
5192.59629815 0.65369567
5197.59879940 0.65356023
5202.60130065 0.65342487
5207.60380190 0.65328959
5212.60630315 0.65315440
5217.60880440 0.65301929
5222.61130565 0.65288426
5227.61380690 0.65274932
5232.61630815 0.65261446
5237.61880940 0.65247968
5242.62131066 0.65234498
5247.62381191 0.65221037
5252.62631316 0.65207584
5257.62881441 0.65194139
5262.63131566 0.65180702
5267.63381691 0.65167273
5272.63631816 0.65153853
5277.63881941 0.65140440
5282.64132066 0.65127036
5287.64382191 0.65113640
5292.64632316 0.65100252
5297.64882441 0.65086872
5302.65132566 0.65073501
5307.65382691 0.65060137
5312.65632816 0.65046782
5317.65882941 0.65033434
5322.66133067 0.65020095
5327.66383192 0.65006763
5332.66633317 0.64993440
5337.66883442 0.64980124
5342.67133567 0.64966817
5347.67383692 0.64953518
5352.67633817 0.64940226
5357.67883942 0.64926943
5362.68134067 0.64913667
5367.68384192 0.64900400
5372.68634317 0.64887140
5377.68884442 0.64873888
5382.69134567 0.64860645
5387.69384692 0.64847409
5392.69634817 0.64834181
5397.69884942 0.64820961
5402.70135068 0.64807748
5407.70385193 0.64794544
5412.70635318 0.64781347
5417.70885443 0.64768159
5422.71135568 0.64754978
5427.71385693 0.64741805
5432.71635818 0.64728639
5437.71885943 0.64715482
5442.72136068 0.64702332
5447.72386193 0.64689190
5452.72636318 0.64676056
5457.72886443 0.64662930
5462.73136568 0.64649811
5467.73386693 0.64636700
5472.73636818 0.64623597
5477.73886943 0.64610501
5482.74137069 0.64597413
5487.74387194 0.64584333
5492.74637319 0.64571261
5497.74887444 0.64558196
5502.75137569 0.64545138
5507.75387694 0.64532089
5512.75637819 0.64519047
5517.75887944 0.64506013
5522.76138069 0.64492986
5527.76388194 0.64479967
5532.76638319 0.64466955
5537.76888444 0.64453951
5542.77138569 0.64440955
5547.77388694 0.64427966
5552.77638819 0.64414985
5557.77888944 0.64402011
5562.78139070 0.64389045
5567.78389195 0.64376086
5572.78639320 0.64363135
5577.78889445 0.64350191
5582.79139570 0.64337255
5587.79389695 0.64324326
5592.79639820 0.64311405
5597.79889945 0.64298491
5602.80140070 0.64285585
5607.80390195 0.64272686
5612.80640320 0.64259794
5617.80890445 0.64246910
5622.81140570 0.64234033
5627.81390695 0.64221164
5632.81640820 0.64208302
5637.81890945 0.64195447
5642.82141071 0.64182600
5647.82391196 0.64169760
5652.82641321 0.64156928
5657.82891446 0.64144102
5662.83141571 0.64131285
5667.83391696 0.64118474
5672.83641821 0.64105671
5677.83891946 0.64092875
5682.84142071 0.64080086
5687.84392196 0.64067305
5692.84642321 0.64054531
5697.84892446 0.64041764
5702.85142571 0.64029004
5707.85392696 0.64016252
5712.85642821 0.64003506
5717.85892946 0.63990768
5722.86143072 0.63978038
5727.86393197 0.63965314
5732.86643322 0.63952598
5737.86893447 0.63939889
5742.87143572 0.63927187
5747.87393697 0.63914492
5752.87643822 0.63901804
5757.87893947 0.63889123
5762.88144072 0.63876450
5767.88394197 0.63863784
5772.88644322 0.63851124
5777.88894447 0.63838472
5782.89144572 0.63825827
5787.89394697 0.63813189
5792.89644822 0.63800558
5797.89894947 0.63787935
5802.90145073 0.63775318
5807.90395198 0.63762708
5812.90645323 0.63750106
5817.90895448 0.63737510
5822.91145573 0.63724921
5827.91395698 0.63712340
5832.91645823 0.63699765
5837.91895948 0.63687197
5842.92146073 0.63674637
5847.92396198 0.63662083
5852.92646323 0.63649536
5857.92896448 0.63636997
5862.93146573 0.63624464
5867.93396698 0.63611938
5872.93646823 0.63599419
5877.93896948 0.63586907
5882.94147074 0.63574402
5887.94397199 0.63561904
5892.94647324 0.63549413
5897.94897449 0.63536928
5902.95147574 0.63524451
5907.95397699 0.63511980
5912.95647824 0.63499516
5917.95897949 0.63487059
5922.96148074 0.63474609
5927.96398199 0.63462166
5932.96648324 0.63449729
5937.96898449 0.63437299
5942.97148574 0.63424877
5947.97398699 0.63412461
5952.97648824 0.63400051
5957.97898949 0.63387649
5962.98149075 0.63375253
5967.98399200 0.63362864
5972.98649325 0.63350482
5977.98899450 0.63338106
5982.99149575 0.63325738
5987.99399700 0.63313376
5992.99649825 0.63301020
5997.99899950 0.63288672
6003.00150075 0.63276330
6008.00400200 0.63263995
6013.00650325 0.63251666
6018.00900450 0.63239344
6023.01150575 0.63227029
6028.01400700 0.63214721
6033.01650825 0.63202419
6038.01900950 0.63190124
6043.02151076 0.63177835
6048.02401201 0.63165553
6053.02651326 0.63153278
6058.02901451 0.63141009
6063.03151576 0.63128747
6068.03401701 0.63116491
6073.03651826 0.63104242
6078.03901951 0.63092000
6083.04152076 0.63079764
6088.04402201 0.63067535
6093.04652326 0.63055312
6098.04902451 0.63043096
6103.05152576 0.63030887
6108.05402701 0.63018684
6113.05652826 0.63006487
6118.05902951 0.62994297
6123.06153077 0.62982113
6128.06403202 0.62969936
6133.06653327 0.62957766
6138.06903452 0.62945602
6143.07153577 0.62933444
6148.07403702 0.62921293
6153.07653827 0.62909148
6158.07903952 0.62897010
6163.08154077 0.62884878
6168.08404202 0.62872753
6173.08654327 0.62860634
6178.08904452 0.62848521
6183.09154577 0.62836415
6188.09404702 0.62824315
6193.09654827 0.62812222
6198.09904952 0.62800135
6203.10155078 0.62788055
6208.10405203 0.62775980
6213.10655328 0.62763913
6218.10905453 0.62751851
6223.11155578 0.62739796
6228.11405703 0.62727747
6233.11655828 0.62715705
6238.11905953 0.62703668
6243.12156078 0.62691639
6248.12406203 0.62679615
6253.12656328 0.62667598
6258.12906453 0.62655587
6263.13156578 0.62643582
6268.13406703 0.62631584
6273.13656828 0.62619592
6278.13906953 0.62607606
6283.14157079 0.62595626
6288.14407204 0.62583653
6293.14657329 0.62571686
6298.14907454 0.62559725
6303.15157579 0.62547770
6308.15407704 0.62535822
6313.15657829 0.62523879
6318.15907954 0.62511943
6323.16158079 0.62500014
6328.16408204 0.62488090
6333.16658329 0.62476172
6338.16908454 0.62464261
6343.17158579 0.62452356
6348.17408704 0.62440457
6353.17658829 0.62428564
6358.17908954 0.62416678
6363.18159080 0.62404797
6368.18409205 0.62392923
6373.18659330 0.62381054
6378.18909455 0.62369192
6383.19159580 0.62357336
6388.19409705 0.62345486
6393.19659830 0.62333642
6398.19909955 0.62321804
6403.20160080 0.62309972
6408.20410205 0.62298147
6413.20660330 0.62286327
6418.20910455 0.62274514
6423.21160580 0.62262706
6428.21410705 0.62250905
6433.21660830 0.62239109
6438.21910955 0.62227320
6443.22161081 0.62215536
6448.22411206 0.62203759
6453.22661331 0.62191988
6458.22911456 0.62180222
6463.23161581 0.62168463
6468.23411706 0.62156710
6473.23661831 0.62144962
6478.23911956 0.62133221
6483.24162081 0.62121485
6488.24412206 0.62109756
6493.24662331 0.62098032
6498.24912456 0.62086315
6503.25162581 0.62074603
6508.25412706 0.62062897
6513.25662831 0.62051197
6518.25912956 0.62039503
6523.26163082 0.62027815
6528.26413207 0.62016133
6533.26663332 0.62004457
6538.26913457 0.61992787
6543.27163582 0.61981122
6548.27413707 0.61969464
6553.27663832 0.61957811
6558.27913957 0.61946164
6563.28164082 0.61934523
6568.28414207 0.61922888
6573.28664332 0.61911259
6578.28914457 0.61899635
6583.29164582 0.61888017
6588.29414707 0.61876406
6593.29664832 0.61864800
6598.29914957 0.61853199
6603.30165083 0.61841605
6608.30415208 0.61830016
6613.30665333 0.61818434
6618.30915458 0.61806857
6623.31165583 0.61795285
6628.31415708 0.61783720
6633.31665833 0.61772160
6638.31915958 0.61760606
6643.32166083 0.61749058
6648.32416208 0.61737515
6653.32666333 0.61725979
6658.32916458 0.61714447
6663.33166583 0.61702922
6668.33416708 0.61691403
6673.33666833 0.61679889
6678.33916958 0.61668380
6683.34167084 0.61656878
6688.34417209 0.61645381
6693.34667334 0.61633890
6698.34917459 0.61622405
6703.35167584 0.61610925
6708.35417709 0.61599451
6713.35667834 0.61587982
6718.35917959 0.61576519
6723.36168084 0.61565062
6728.36418209 0.61553611
6733.36668334 0.61542165
6738.36918459 0.61530725
6743.37168584 0.61519290
6748.37418709 0.61507861
6753.37668834 0.61496438
6758.37918959 0.61485020
6763.38169085 0.61473608
6768.38419210 0.61462201
6773.38669335 0.61450800
6778.38919460 0.61439404
6783.39169585 0.61428014
6788.39419710 0.61416630
6793.39669835 0.61405251
6798.39919960 0.61393878
6803.40170085 0.61382510
6808.40420210 0.61371148
6813.40670335 0.61359792
6818.40920460 0.61348440
6823.41170585 0.61337095
6828.41420710 0.61325755
6833.41670835 0.61314420
6838.41920960 0.61303091
6843.42171086 0.61291768
6848.42421211 0.61280450
6853.42671336 0.61269137
6858.42921461 0.61257830
6863.43171586 0.61246528
6868.43421711 0.61235232
6873.43671836 0.61223941
6878.43921961 0.61212656
6883.44172086 0.61201376
6888.44422211 0.61190102
6893.44672336 0.61178833
6898.44922461 0.61167569
6903.45172586 0.61156311
6908.45422711 0.61145059
6913.45672836 0.61133811
6918.45922961 0.61122569
6923.46173087 0.61111333
6928.46423212 0.61100102
6933.46673337 0.61088876
6938.46923462 0.61077656
6943.47173587 0.61066441
6948.47423712 0.61055232
6953.47673837 0.61044027
6958.47923962 0.61032829
6963.48174087 0.61021635
6968.48424212 0.61010447
6973.48674337 0.60999264
6978.48924462 0.60988087
6983.49174587 0.60976915
6988.49424712 0.60965748
6993.49674837 0.60954586
6998.49924962 0.60943430
7003.50175088 0.60932279
7008.50425213 0.60921134
7013.50675338 0.60909994
7018.50925463 0.60898859
7023.51175588 0.60887729
7028.51425713 0.60876605
7033.51675838 0.60865485
7038.51925963 0.60854372
7043.52176088 0.60843263
7048.52426213 0.60832160
7053.52676338 0.60821062
7058.52926463 0.60809969
7063.53176588 0.60798881
7068.53426713 0.60787799
7073.53676838 0.60776722
7078.53926963 0.60765650
7083.54177089 0.60754583
7088.54427214 0.60743521
7093.54677339 0.60732465
7098.54927464 0.60721414
7103.55177589 0.60710368
7108.55427714 0.60699328
7113.55677839 0.60688292
7118.55927964 0.60677262
7123.56178089 0.60666236
7128.56428214 0.60655216
7133.56678339 0.60644202
7138.56928464 0.60633192
7143.57178589 0.60622187
7148.57428714 0.60611188
7153.57678839 0.60600194
7158.57928964 0.60589205
7163.58179090 0.60578221
7168.58429215 0.60567242
7173.58679340 0.60556268
7178.58929465 0.60545299
7183.59179590 0.60534336
7188.59429715 0.60523377
7193.59679840 0.60512424
7198.59929965 0.60501476
7203.60180090 0.60490533
7208.60430215 0.60479595
7213.60680340 0.60468662
7218.60930465 0.60457734
7223.61180590 0.60446811
7228.61430715 0.60435893
7233.61680840 0.60424980
7238.61930965 0.60414073
7243.62181091 0.60403170
7248.62431216 0.60392272
7253.62681341 0.60381380
7258.62931466 0.60370492
7263.63181591 0.60359610
7268.63431716 0.60348732
7273.63681841 0.60337860
7278.63931966 0.60326992
7283.64182091 0.60316130
7288.64432216 0.60305272
7293.64682341 0.60294420
7298.64932466 0.60283572
7303.65182591 0.60272730
7308.65432716 0.60261892
7313.65682841 0.60251060
7318.65932966 0.60240232
7323.66183092 0.60229409
7328.66433217 0.60218592
7333.66683342 0.60207779
7338.66933467 0.60196971
7343.67183592 0.60186168
7348.67433717 0.60175370
7353.67683842 0.60164577
7358.67933967 0.60153789
7363.68184092 0.60143006
7368.68434217 0.60132228
7373.68684342 0.60121454
7378.68934467 0.60110686
7383.69184592 0.60099922
7388.69434717 0.60089164
7393.69684842 0.60078410
7398.69934967 0.60067661
7403.70185093 0.60056917
7408.70435218 0.60046178
7413.70685343 0.60035444
7418.70935468 0.60024715
7423.71185593 0.60013990
7428.71435718 0.60003270
7433.71685843 0.59992556
7438.71935968 0.59981846
7443.72186093 0.59971141
7448.72436218 0.59960440
7453.72686343 0.59949745
7458.72936468 0.59939054
7463.73186593 0.59928368
7468.73436718 0.59917687
7473.73686843 0.59907011
7478.73936968 0.59896340
7483.74187094 0.59885673
7488.74437219 0.59875012
7493.74687344 0.59864355
7498.74937469 0.59853702
7503.75187594 0.59843055
7508.75437719 0.59832412
7513.75687844 0.59821774
7518.75937969 0.59811141
7523.76188094 0.59800513
7528.76438219 0.59789890
7533.76688344 0.59779271
7538.76938469 0.59768657
7543.77188594 0.59758047
7548.77438719 0.59747443
7553.77688844 0.59736843
7558.77938969 0.59726248
7563.78189095 0.59715657
7568.78439220 0.59705072
7573.78689345 0.59694491
7578.78939470 0.59683915
7583.79189595 0.59673343
7588.79439720 0.59662776
7593.79689845 0.59652214
7598.79939970 0.59641657
7603.80190095 0.59631104
7608.80440220 0.59620556
7613.80690345 0.59610012
7618.80940470 0.59599474
7623.81190595 0.59588940
7628.81440720 0.59578410
7633.81690845 0.59567886
7638.81940970 0.59557365
7643.82191096 0.59546850
7648.82441221 0.59536339
7653.82691346 0.59525833
7658.82941471 0.59515332
7663.83191596 0.59504835
7668.83441721 0.59494343
7673.83691846 0.59483855
7678.83941971 0.59473372
7683.84192096 0.59462894
7688.84442221 0.59452420
7693.84692346 0.59441951
7698.84942471 0.59431486
7703.85192596 0.59421026
7708.85442721 0.59410571
7713.85692846 0.59400120
7718.85942971 0.59389674
7723.86193097 0.59379232
7728.86443222 0.59368795
7733.86693347 0.59358363
7738.86943472 0.59347935
7743.87193597 0.59337511
7748.87443722 0.59327093
7753.87693847 0.59316678
7758.87943972 0.59306269
7763.88194097 0.59295864
7768.88444222 0.59285463
7773.88694347 0.59275067
7778.88944472 0.59264675
7783.89194597 0.59254288
7788.89444722 0.59243906
7793.89694847 0.59233528
7798.89944972 0.59223154
7803.90195098 0.59212785
7808.90445223 0.59202421
7813.90695348 0.59192061
7818.90945473 0.59181705
7823.91195598 0.59171354
7828.91445723 0.59161008
7833.91695848 0.59150666
7838.91945973 0.59140328
7843.92196098 0.59129995
7848.92446223 0.59119667
7853.92696348 0.59109343
7858.92946473 0.59099023
7863.93196598 0.59088708
7868.93446723 0.59078397
7873.93696848 0.59068091
7878.93946973 0.59057789
7883.94197099 0.59047491
7888.94447224 0.59037198
7893.94697349 0.59026910
7898.94947474 0.59016626
7903.95197599 0.59006346
7908.95447724 0.58996071
7913.95697849 0.58985800
7918.95947974 0.58975533
7923.96198099 0.58965271
7928.96448224 0.58955014
7933.96698349 0.58944760
7938.96948474 0.58934512
7943.97198599 0.58924267
7948.97448724 0.58914027
7953.97698849 0.58903791
7958.97948974 0.58893560
7963.98199100 0.58883333
7968.98449225 0.58873110
7973.98699350 0.58862892
7978.98949475 0.58852678
7983.99199600 0.58842469
7988.99449725 0.58832264
7993.99699850 0.58822063
7998.99949975 0.58811866
8004.00200100 0.58801674
8009.00450225 0.58791486
8014.00700350 0.58781303
8019.00950475 0.58771124
8024.01200600 0.58760949
8029.01450725 0.58750778
8034.01700850 0.58740612
8039.01950975 0.58730450
8044.02201101 0.58720293
8049.02451226 0.58710139
8054.02701351 0.58699991
8059.02951476 0.58689846
8064.03201601 0.58679705
8069.03451726 0.58669569
8074.03701851 0.58659438
8079.03951976 0.58649310
8084.04202101 0.58639187
8089.04452226 0.58629068
8094.04702351 0.58618953
8099.04952476 0.58608843
8104.05202601 0.58598736
8109.05452726 0.58588634
8114.05702851 0.58578537
8119.05952976 0.58568443
8124.06203102 0.58558354
8129.06453227 0.58548269
8134.06703352 0.58538188
8139.06953477 0.58528112
8144.07203602 0.58518040
8149.07453727 0.58507972
8154.07703852 0.58497908
8159.07953977 0.58487848
8164.08204102 0.58477793
8169.08454227 0.58467742
8174.08704352 0.58457695
8179.08954477 0.58447652
8184.09204602 0.58437613
8189.09454727 0.58427579
8194.09704852 0.58417549
8199.09954977 0.58407523
8204.10205103 0.58397501
8209.10455228 0.58387483
8214.10705353 0.58377470
8219.10955478 0.58367460
8224.11205603 0.58357455
8229.11455728 0.58347454
8234.11705853 0.58337457
8239.11955978 0.58327465
8244.12206103 0.58317476
8249.12456228 0.58307492
8254.12706353 0.58297511
8259.12956478 0.58287535
8264.13206603 0.58277563
8269.13456728 0.58267595
8274.13706853 0.58257632
8279.13956978 0.58247672
8284.14207104 0.58237717
8289.14457229 0.58227765
8294.14707354 0.58217818
8299.14957479 0.58207875
8304.15207604 0.58197936
8309.15457729 0.58188001
8314.15707854 0.58178070
8319.15957979 0.58168143
8324.16208104 0.58158221
8329.16458229 0.58148302
8334.16708354 0.58138388
8339.16958479 0.58128477
8344.17208604 0.58118571
8349.17458729 0.58108669
8354.17708854 0.58098771
8359.17958979 0.58088877
8364.18209105 0.58078987
8369.18459230 0.58069101
8374.18709355 0.58059219
8379.18959480 0.58049341
8384.19209605 0.58039467
8389.19459730 0.58029597
8394.19709855 0.58019731
8399.19959980 0.58009870
8404.20210105 0.58000012
8409.20460230 0.57990158
8414.20710355 0.57980309
8419.20960480 0.57970463
8424.21210605 0.57960621
8429.21460730 0.57950784
8434.21710855 0.57940950
8439.21960980 0.57931121
8444.22211106 0.57921295
8449.22461231 0.57911474
8454.22711356 0.57901656
8459.22961481 0.57891842
8464.23211606 0.57882033
8469.23461731 0.57872227
8474.23711856 0.57862426
8479.23961981 0.57852628
8484.24212106 0.57842834
8489.24462231 0.57833045
8494.24712356 0.57823259
8499.24962481 0.57813477
8504.25212606 0.57803699
8509.25462731 0.57793926
8514.25712856 0.57784156
8519.25962981 0.57774390
8524.26213107 0.57764628
8529.26463232 0.57754870
8534.26713357 0.57745116
8539.26963482 0.57735365
8544.27213607 0.57725619
8549.27463732 0.57715877
8554.27713857 0.57706139
8559.27963982 0.57696404
8564.28214107 0.57686674
8569.28464232 0.57676947
8574.28714357 0.57667224
8579.28964482 0.57657505
8584.29214607 0.57647791
8589.29464732 0.57638080
8594.29714857 0.57628372
8599.29964982 0.57618669
8604.30215108 0.57608970
8609.30465233 0.57599274
8614.30715358 0.57589583
8619.30965483 0.57579895
8624.31215608 0.57570212
8629.31465733 0.57560532
8634.31715858 0.57550856
8639.31965983 0.57541183
8644.32216108 0.57531515
8649.32466233 0.57521851
8654.32716358 0.57512190
8659.32966483 0.57502533
8664.33216608 0.57492881
8669.33466733 0.57483232
8674.33716858 0.57473586
8679.33966983 0.57463945
8684.34217109 0.57454307
8689.34467234 0.57444674
8694.34717359 0.57435044
8699.34967484 0.57425418
8704.35217609 0.57415796
8709.35467734 0.57406177
8714.35717859 0.57396563
8719.35967984 0.57386952
8724.36218109 0.57377345
8729.36468234 0.57367742
8734.36718359 0.57358143
8739.36968484 0.57348547
8744.37218609 0.57338956
8749.37468734 0.57329368
8754.37718859 0.57319784
8759.37968984 0.57310203
8764.38219110 0.57300627
8769.38469235 0.57291054
8774.38719360 0.57281485
8779.38969485 0.57271920
8784.39219610 0.57262358
8789.39469735 0.57252801
8794.39719860 0.57243247
8799.39969985 0.57233697
8804.40220110 0.57224150
8809.40470235 0.57214608
8814.40720360 0.57205069
8819.40970485 0.57195534
8824.41220610 0.57186002
8829.41470735 0.57176475
8834.41720860 0.57166951
8839.41970985 0.57157431
8844.42221111 0.57147914
8849.42471236 0.57138402
8854.42721361 0.57128893
8859.42971486 0.57119387
8864.43221611 0.57109886
8869.43471736 0.57100388
8874.43721861 0.57090894
8879.43971986 0.57081404
8884.44222111 0.57071917
8889.44472236 0.57062434
8894.44722361 0.57052955
8899.44972486 0.57043479
8904.45222611 0.57034007
8909.45472736 0.57024539
8914.45722861 0.57015075
8919.45972986 0.57005614
8924.46223112 0.56996157
8929.46473237 0.56986703
8934.46723362 0.56977254
8939.46973487 0.56967808
8944.47223612 0.56958365
8949.47473737 0.56948927
8954.47723862 0.56939491
8959.47973987 0.56930060
8964.48224112 0.56920632
8969.48474237 0.56911208
8974.48724362 0.56901788
8979.48974487 0.56892371
8984.49224612 0.56882958
8989.49474737 0.56873548
8994.49724862 0.56864143
8999.49974987 0.56854740
9004.50225113 0.56845342
9009.50475238 0.56835947
9014.50725363 0.56826555
9019.50975488 0.56817168
9024.51225613 0.56807784
9029.51475738 0.56798403
9034.51725863 0.56789026
9039.51975988 0.56779653
9044.52226113 0.56770284
9049.52476238 0.56760918
9054.52726363 0.56751555
9059.52976488 0.56742196
9064.53226613 0.56732841
9069.53476738 0.56723490
9074.53726863 0.56714142
9079.53976988 0.56704797
9084.54227114 0.56695456
9089.54477239 0.56686119
9094.54727364 0.56676785
9099.54977489 0.56667455
9104.55227614 0.56658129
9109.55477739 0.56648806
9114.55727864 0.56639486
9119.55977989 0.56630171
9124.56228114 0.56620858
9129.56478239 0.56611550
9134.56728364 0.56602244
9139.56978489 0.56592943
9144.57228614 0.56583645
9149.57478739 0.56574350
9154.57728864 0.56565059
9159.57978989 0.56555772
9164.58229115 0.56546488
9169.58479240 0.56537208
9174.58729365 0.56527931
9179.58979490 0.56518658
9184.59229615 0.56509388
9189.59479740 0.56500122
9194.59729865 0.56490859
9199.59979990 0.56481600
9204.60230115 0.56472344
9209.60480240 0.56463092
9214.60730365 0.56453844
9219.60980490 0.56444599
9224.61230615 0.56435357
9229.61480740 0.56426119
9234.61730865 0.56416884
9239.61980990 0.56407653
9244.62231116 0.56398425
9249.62481241 0.56389201
9254.62731366 0.56379981
9259.62981491 0.56370764
9264.63231616 0.56361550
9269.63481741 0.56352340
9274.63731866 0.56343133
9279.63981991 0.56333930
9284.64232116 0.56324730
9289.64482241 0.56315534
9294.64732366 0.56306341
9299.64982491 0.56297151
9304.65232616 0.56287965
9309.65482741 0.56278783
9314.65732866 0.56269604
9319.65982991 0.56260428
9324.66233117 0.56251256
9329.66483242 0.56242088
9334.66733367 0.56232922
9339.66983492 0.56223761
9344.67233617 0.56214602
9349.67483742 0.56205447
9354.67733867 0.56196296
9359.67983992 0.56187148
9364.68234117 0.56178003
9369.68484242 0.56168862
9374.68734367 0.56159724
9379.68984492 0.56150590
9384.69234617 0.56141459
9389.69484742 0.56132331
9394.69734867 0.56123207
9399.69984992 0.56114087
9404.70235118 0.56104969
9409.70485243 0.56095855
9414.70735368 0.56086745
9419.70985493 0.56077638
9424.71235618 0.56068534
9429.71485743 0.56059434
9434.71735868 0.56050337
9439.71985993 0.56041243
9444.72236118 0.56032153
9449.72486243 0.56023066
9454.72736368 0.56013983
9459.72986493 0.56004903
9464.73236618 0.55995826
9469.73486743 0.55986753
9474.73736868 0.55977683
9479.73986993 0.55968616
9484.74237119 0.55959553
9489.74487244 0.55950493
9494.74737369 0.55941437
9499.74987494 0.55932384
9504.75237619 0.55923334
9509.75487744 0.55914287
9514.75737869 0.55905244
9519.75987994 0.55896204
9524.76238119 0.55887168
9529.76488244 0.55878135
9534.76738369 0.55869105
9539.76988494 0.55860079
9544.77238619 0.55851056
9549.77488744 0.55842036
9554.77738869 0.55833020
9559.77988994 0.55824006
9564.78239120 0.55814997
9569.78489245 0.55805990
9574.78739370 0.55796987
9579.78989495 0.55787987
9584.79239620 0.55778991
9589.79489745 0.55769997
9594.79739870 0.55761007
9599.79989995 0.55752021
9604.80240120 0.55743037
9609.80490245 0.55734057
9614.80740370 0.55725081
9619.80990495 0.55716107
9624.81240620 0.55707137
9629.81490745 0.55698170
9634.81740870 0.55689207
9639.81990995 0.55680246
9644.82241121 0.55671289
9649.82491246 0.55662335
9654.82741371 0.55653385
9659.82991496 0.55644438
9664.83241621 0.55635494
9669.83491746 0.55626553
9674.83741871 0.55617616
9679.83991996 0.55608681
9684.84242121 0.55599751
9689.84492246 0.55590823
9694.84742371 0.55581898
9699.84992496 0.55572977
9704.85242621 0.55564059
9709.85492746 0.55555145
9714.85742871 0.55546233
9719.85992996 0.55537325
9724.86243122 0.55528420
9729.86493247 0.55519518
9734.86743372 0.55510620
9739.86993497 0.55501725
9744.87243622 0.55492833
9749.87493747 0.55483944
9754.87743872 0.55475058
9759.87993997 0.55466176
9764.88244122 0.55457297
9769.88494247 0.55448421
9774.88744372 0.55439548
9779.88994497 0.55430679
9784.89244622 0.55421812
9789.89494747 0.55412949
9794.89744872 0.55404089
9799.89994997 0.55395233
9804.90245123 0.55386379
9809.90495248 0.55377529
9814.90745373 0.55368682
9819.90995498 0.55359838
9824.91245623 0.55350997
9829.91495748 0.55342160
9834.91745873 0.55333325
9839.91995998 0.55324494
9844.92246123 0.55315666
9849.92496248 0.55306841
9854.92746373 0.55298020
9859.92996498 0.55289201
9864.93246623 0.55280386
9869.93496748 0.55271574
9874.93746873 0.55262765
9879.93996998 0.55253959
9884.94247124 0.55245156
9889.94497249 0.55236357
9894.94747374 0.55227560
9899.94997499 0.55218767
9904.95247624 0.55209977
9909.95497749 0.55201190
9914.95747874 0.55192406
9919.95997999 0.55183626
9924.96248124 0.55174848
9929.96498249 0.55166074
9934.96748374 0.55157303
9939.96998499 0.55148535
9944.97248624 0.55139770
9949.97498749 0.55131008
9954.97748874 0.55122249
9959.97998999 0.55113494
9964.98249125 0.55104741
9969.98499250 0.55095992
9974.98749375 0.55087246
9979.98999500 0.55078503
9984.99249625 0.55069763
9989.99499750 0.55061026
9994.99749875 0.55052292
10000.00000000 0.55043561
